YR,ID,SNM,STYP,FND,RGN,USC,BR_TCNT_KB,BR_TCNT_OB,BR_TCNT_SUM,BR_BCNT_KB,BR_BCNT_OB,BR_BCNT_SUM,ER_EJN_PKG,ER_WDB_PKG,ER_EB_TCNT,ER_ELV_PKG,ER_TTL_PKG,ER_TTL_TCNT,SRL_KR,SRL_OT,SRL_TTL,AHC_ABI_BUY,AHC_ABI_DON,AHC_ABI_TTL,AHC_ATI,AHC_ARM,BPS_BO,BPS_SCC,BPS_BPS,GRR_AHBC,GRR_BO,GRR_GRR
2015,1,ICT폴리텍대학,전문대학,사립,경기,C그룹,5607,0,5607,8558,1000,9558,0,0,1284,0,0,1284,0,0,0,0,1673,1673,1471,0,9558,302,31.600000381469727,1673,9558,21.200000762939453
2015,2,가야대학교,대학,사립,경남,C그룹,70622,23814,94436,126414,25798,152212,1,2,8711,0,3,20985,1550,71,1621,3197,4078,7275,5188,0,152212,2814,54.09999847412109,7275,152212,5.0
2015,3,가천대학교,대학,사립,경기,A그룹,304858,124887,429745,754002,166405,920407,49,44,13002,0,93,110816,225,1,226,29119,4592,33711,16381,0,920407,21018,43.79999923706055,33711,920407,3.799999952316284
2015,4,가톨릭관동대학교,대학,사립,강원,B그룹,199326,148604,347930,455462,192815,648277,7,11,48479,0,18,97182,760,98,858,11881,2834,14715,9191,0,648277,9686,66.9000015258789,14715,648277,2.299999952316284
2015,5,가톨릭꽃동네대학교,대학,사립,충북,C그룹,32454,2005,34459,45429,2454,47883,1,11,355,0,12,1786,113,1,114,1375,282,1657,1465,0,47883,579,82.69999694824219,1657,47883,3.5999999046325684
2015,6,가톨릭대학교,대학,사립,경기,A그룹,355325,179316,534641,664505,336276,1000781,82,69,19322,0,151,81685,2694,991,3685,26099,9772,35871,22936,118,1000781,10899,91.8000030517578,35871,1000781,3.700000047683716
2015,7,가톨릭상지대학교,전문대학,사립,경북,C그룹,55407,2308,57715,90878,4063,94941,4,4,8052,0,8,8363,53,0,53,2696,597,3293,2182,2533,94941,2055,46.20000076293945,3293,94941,3.5999999046325684
2015,8,감리교신학대학교,대학,사립,서울,C그룹,49164,41172,90336,77275,53920,131195,1,4,4398,0,5,8204,114,35,149,1899,456,2355,2262,0,131195,1550,84.5999984741211,2355,131195,1.7999999523162842
2015,9,강남대학교,대학,사립,경기,B그룹,213501,97680,311181,368727,133635,502362,6,6,9015,0,12,17344,140,94,234,5403,919,6322,4324,0,502362,7719,65.0999984741211,6322,502362,1.2999999523162842
2015,10,강동대학교,전문대학,사립,충북,B그룹,41129,334,41463,60161,369,60530,1,0,1928,0,1,5284,107,1,108,1705,3,1708,1407,993,60530,4198,14.399999618530272,1708,60530,2.900000095367432
2015,11,강릉영동대학교,전문대학,사립,강원,B그룹,37264,2112,39376,57160,2927,60087,1,1,4032,0,2,7356,221,0,221,6796,3890,10686,5214,0,60087,3072,19.600000381469727,10686,60087,21.600000381469727
2015,12,강서대학교,대학,사립,서울,C그룹,61926,16606,78532,75644,17864,93508,3,11,9814,0,14,13634,210,69,279,1304,1601,2905,2694,9,93508,1631,57.29999923706055,2905,93508,3.200000047683716
2015,13,강원관광대학교,전문대학,사립,강원,C그룹,30190,199,30389,37877,266,38143,0,1,718,0,1,4042,44,1,45,2224,372,2596,2596,0,38143,1367,27.899999618530277,2596,38143,7.300000190734863
2015,14,강원대학교,대학,국립,강원,A그룹,724883,157967,882850,1285692,297346,1583038,36,30,24653,0,66,76517,1468,783,2251,23358,23202,46560,30955,4890,1583038,24868,63.70000076293945,46560,1583038,3.0
2015,15,강원도립대학교,전문대학,공립,강원,C그룹,37572,1343,38915,37572,1343,38915,0,0,2749,0,0,2749,53,0,53,2727,932,3659,3659,0,38915,900,43.20000076293945,3659,38915,10.399999618530272
2015,16,개신대학원대학교,대학원대학,사립,서울,-,10000,894,10894,12146,8458,20604,0,0,0,0,0,0,42,0,42,552,3650,4202,0,0,20604,108,190.8000030517578,4202,20604,25.600000381469727
2015,17,거제대학교,전문대학,사립,경남,C그룹,51334,1770,53104,58794,1863,60657,1,0,9710,0,1,13034,81,0,81,2769,549,3318,2833,0,60657,1684,36.0,3318,60657,5.800000190734863
2015,18,건국대학교,대학,사립,서울,A그룹,452620,145808,598428,980431,225541,1205972,28,43,35154,0,71,71036,1304,214,1518,33552,5564,39116,24247,7105,1205972,19999,60.29999923706055,39116,1205972,3.400000095367432
2015,19,건국대학교(글로컬),대학,사립,충북,B그룹,235249,65420,300669,460026,94348,554374,13,10,6389,0,23,101948,291,52,343,16357,663,17020,9825,0,554374,8959,61.900001525878906,17020,554374,3.200000047683716
2015,20,건동대학교,대학,사립,경북,C그룹,0,0,0,0,0,0,0,0,0,0,0,0,0,0,0,0,0,0,0,0,0,0,0.0,0,0,0.0
2015,21,건신대학원대학교,대학원대학,사립,대전,-,10551,2979,13530,15589,4645,20234,0,1,0,0,1,0,59,20,79,217,217,434,407,0,20234,148,136.6999969482422,434,20234,2.200000047683716
2015,22,건양대학교,대학,사립,충남,B그룹,154679,35291,189970,251997,128135,380132,16,1,4851,0,17,35778,134,0,134,8212,863,9075,6612,0,380132,8799,43.20000076293945,9075,380132,2.400000095367432
2015,23,경기과학기술대학교,전문대학,사립,경기,A그룹,0,0,0,47211,7759,54970,0,0,5462,0,0,7562,166,57,223,5269,0,5269,0,0,54970,4505,12.199999809265137,5269,54970,10.600000381469728
2015,24,경기대학교,대학,사립,경기,A그룹,536882,75995,612877,1005598,157904,1163502,22,20,21744,0,42,70100,951,213,1164,33096,11519,44615,30376,0,1163502,16686,69.69999694824219,44615,1163502,4.0
2015,25,경남대학교,대학,사립,경남,A그룹,420186,94289,514475,648488,121967,770455,25,21,171852,0,46,229553,706,135,841,15026,6583,21609,17061,0,770455,14088,54.70000076293945,21609,770455,2.900000095367432
2015,26,경남도립거창대학,전문대학,공립,경남,C그룹,25813,579,26392,38250,630,38880,0,0,1670,0,0,1691,27,0,27,1294,0,1294,871,0,38880,955,40.70000076293945,1294,38880,3.400000095367432
2015,27,경남도립남해대학,전문대학,공립,경남,C그룹,29096,498,29594,35149,519,35668,1,0,318,0,1,341,40,0,40,1115,0,1115,1063,0,35668,846,42.20000076293945,1115,35668,3.200000047683716
2015,28,경남정보대학교,전문대학,사립,부산,A그룹,99727,4324,104051,168374,26128,194502,2,5,3068,0,7,8918,221,1,222,8290,2706,10996,8522,0,194502,7058,27.600000381469727,10996,194502,6.0
2015,29,경동대학교,대학,사립,강원,B그룹,73015,9398,82413,148650,16857,165507,3,4,19052,0,7,23094,245,0,245,1618,31416,33034,11419,0,165507,5987,27.600000381469727,33034,165507,24.899999618530277
2015,30,경민대학교,전문대학,사립,경기,B그룹,73914,5980,79894,105704,7906,113610,5,3,5034,0,8,11010,124,21,145,3215,445,3660,3205,7537,113610,4723,24.100000381469727,3660,113610,3.299999952316284
2015,31,경복대학교,전문대학,사립,경기,A그룹,40386,1333,41719,55305,1644,56949,3,1,2075,0,4,9747,199,1,200,6115,681,6796,5183,0,56949,6452,8.800000190734863,6796,56949,13.600000381469728
2015,32,경북과학대학교,전문대학,사립,경북,C그룹,43186,11804,54990,66252,13741,79993,2,0,2250,0,2,6312,516,0,516,123,1334,1457,1303,0,79993,1851,43.20000076293945,1457,79993,1.899999976158142
2015,33,경북대학교,대학,국립,대구,A그룹,870338,457827,1328165,2163640,949045,3112685,31,48,159438,0,79,203176,991,1179,2170,45583,11395,56978,32991,0,3112685,30890,100.8000030517578,56978,3112685,1.899999976158142
2015,34,경북보건대학교,전문대학,사립,경북,C그룹,29739,1142,30881,37548,1377,38925,2,1,5304,0,3,8833,38,2,40,1668,362,2030,1657,0,38925,1344,29.0,2030,38925,5.5
2015,35,경북외국어대학교,대학,사립,대구,C그룹,0,0,0,0,0,0,0,0,0,0,0,0,0,0,0,0,0,0,0,0,0,0,0.0,0,0,0.0
2015,36,경북전문대학교,전문대학,사립,경북,B그룹,72669,52296,124965,98157,64952,163109,1,1,3095,0,2,6419,152,2,154,3793,507,4300,4072,18000,163109,2700,60.400001525878906,4300,163109,2.700000047683716
2015,37,경상국립대학교,대학,국립,경남,A그룹,605611,279568,885179,1252247,424340,1676587,41,30,152676,0,71,200921,1041,572,1613,41498,20133,61631,35226,0,1676587,23799,70.4000015258789,61631,1676587,3.799999952316284
2015,38,경성대학교,대학,사립,부산,A그룹,371406,149749,521155,661342,200089,861431,19,35,49246,0,54,63247,772,113,885,25039,5774,30813,18970,0,861431,14008,61.5,30813,861431,3.700000047683716
2015,39,경안대학원대학교,대학원대학,사립,경북,-,11,1,12,7573,305,7878,0,0,0,0,0,0,5,0,5,0,192,192,166,0,7878,76,103.6999969482422,192,7878,2.5
2015,40,경운대학교,대학,사립,경북,C그룹,130990,17846,148836,236617,25685,262302,9,5,13129,0,14,20751,375,64,439,6226,1632,7858,5091,11,262302,5211,50.29999923706055,7858,262302,3.0999999046325684
2015,41,경인교육대학교,대학,국립,인천,C그룹,237525,11903,249428,473040,37731,510771,2,12,5900,0,14,7922,302,66,368,26917,1328,28245,11194,2611,510771,4274,119.5,28245,510771,5.900000095367432
2015,42,경인여자대학교,전문대학,사립,인천,B그룹,76649,1044,77693,106343,1163,107506,1,3,12386,0,4,14768,58,16,74,6893,7117,14010,10801,0,107506,4950,21.700000762939453,14010,107506,15.0
2015,43,경일대학교,대학,사립,경북,B그룹,149714,44444,194158,308608,62678,371286,4,2,13500,0,6,21948,212,5,217,11694,1211,12905,5095,2,371286,7512,49.400001525878906,12905,371286,3.5999999046325684
2015,44,경찰대학,기타,기타,충남,-,0,0,0,125486,42653,168139,0,8,1486,0,8,1486,196,61,257,5912,1112,7024,0,0,168139,0,0.0,7024,168139,4.400000095367432
2015,45,경희대학교,대학,사립,서울,A그룹,810247,392920,1203167,1892667,586626,2479293,72,39,238006,0,111,330247,655,378,1033,22980,9930,32910,26870,21393,2479293,32961,75.19999694824219,32910,2479293,1.2999999523162842
2015,46,계명대학교,대학,사립,대구,A그룹,510184,315839,826023,1456234,399921,1856155,34,46,51220,0,80,144970,1605,387,1992,44019,9603,53622,30715,506,1856155,25445,72.9000015258789,53622,1856155,3.0
2015,47,계명문화대학교,전문대학,사립,대구,A그룹,143350,8502,151852,221588,12655,234243,1,4,9479,0,5,9726,205,4,209,9560,1941,11501,10935,15835,234243,5283,44.29999923706055,11501,234243,5.199999809265137
2015,48,계약신학대학원대학교,대학원대학,사립,경기,-,13365,4105,17470,14485,4148,18633,0,0,691,0,0,691,10,0,10,144,55,199,129,0,18633,51,365.3999938964844,199,18633,1.100000023841858
2015,49,계원예술대학교,전문대학,사립,경기,B그룹,67622,30095,97717,70989,30876,101865,2,5,9266,0,7,14497,227,119,346,3952,51,4003,3993,0,101865,2889,35.29999923706055,4003,101865,4.099999904632568
2015,50,고려대학교,대학,사립,서울,A그룹,547262,724896,1272158,1418052,1304829,2722881,76,114,292923,0,190,353167,1850,1654,3504,30957,24419,55376,37874,319,2722881,29511,92.3000030517578,55376,2722881,2.0999999046325684
2015,51,고려대학교(세종),대학,사립,세종,B그룹,243657,60528,304185,406181,94994,501175,10,7,7730,0,17,10541,386,42,428,5574,4758,10332,8464,45,501175,7982,62.79999923706055,10332,501175,2.0999999046325684
2015,52,고려사이버대학교,대학,사립,서울,A그룹,0,0,0,3313,0,3313,0,1,3304,0,1,5282,0,0,0,0,0,0,0,0,3313,10044,0.3000000119209289,0,3313,0.0
2015,53,고신대학교,대학,사립,부산,C그룹,0,0,0,259380,153350,412730,20,8,6259,0,28,19960,734,228,962,6474,6482,12956,0,0,412730,5249,78.5999984741211,12956,412730,3.200000047683716
2015,54,공군사관학교,기타,기타,충북,-,0,0,0,184970,35878,220848,5,0,2393,0,5,5546,171,14,185,4898,793,5691,0,4123,220848,0,0.0,5691,220848,2.5999999046325684
2015,55,공주교육대학교,대학,국립,충남,C그룹,108507,4979,113486,277811,14272,292083,3,3,1642,0,6,13991,63,12,75,6200,286,6486,2623,0,292083,2040,143.1999969482422,6486,292083,2.299999952316284
2015,56,과학기술연합대학원대학교,대학원대학,국립,대전,-,6506,13585,20091,7684,13585,21269,0,6,16420,0,6,16420,0,0,0,14314,102,14416,14799,0,21269,1076,19.799999237060547,14416,21269,210.3999938964844
2015,57,광신대학교,대학,사립,광주,C그룹,46450,56831,103281,73426,67809,141235,0,2,4499,0,2,4499,160,49,209,2929,2834,5763,5111,0,141235,938,150.60000610351562,5763,141235,4.300000190734863
2015,58,광양보건대학교,전문대학,사립,전남,C그룹,20870,465,21335,35089,518,35607,0,2,0,0,2,3325,60,0,60,613,0,613,172,0,35607,1984,17.899999618530273,613,35607,1.7999999523162842
2015,59,광운대학교,대학,사립,서울,B그룹,243502,59960,303462,477411,107505,584916,21,21,18213,0,42,68997,363,60,423,24356,3419,27775,17085,0,584916,10106,57.900001525878906,27775,584916,5.0
2015,60,광주가톨릭대학교,대학,사립,전남,C그룹,84278,54766,139044,123291,68993,192284,2,6,15080,0,8,19270,65,79,144,1310,1241,2551,2339,0,192284,118,1629.5,2551,192284,1.2999999523162842
2015,61,광주과학기술원,대학,국립,광주,C그룹,0,0,0,0,0,0,0,0,0,0,0,0,0,0,0,0,0,0,0,0,0,0,0.0,0,0,0.0
2015,62,광주교육대학교,대학,국립,광주,C그룹,130200,12227,142427,264917,12227,277144,0,3,7662,0,3,7662,258,40,298,5397,1193,6590,4461,2000,277144,2207,125.5999984741211,6590,277144,2.400000095367432
2015,63,광주대학교,대학,사립,광주,B그룹,213286,56331,269617,388317,93424,481741,3,9,8302,0,12,37329,420,57,477,7236,177,7413,6272,0,481741,7901,61.0,7413,481741,1.600000023841858
2015,64,광주보건대학교,전문대학,사립,광주,B그룹,93329,5568,98897,177814,10488,188302,3,2,129,0,5,5811,171,24,195,3852,322,4174,2139,0,188302,4123,45.70000076293945,4174,188302,2.299999952316284
2015,65,광주여자대학교,대학,사립,광주,C그룹,133317,19705,153022,195255,27378,222633,5,3,41916,0,8,46874,148,20,168,7614,1271,8885,5112,0,222633,4256,52.29999923706055,8885,222633,4.199999809265137
2015,66,구미대학교,전문대학,사립,경북,A그룹,34212,3674,37886,66735,7810,74545,0,0,1396,0,0,1396,111,0,111,120,482,602,420,0,74545,5492,13.600000381469728,602,74545,0.800000011920929
2015,67,구세군사관대학원대학교,대학원대학,사립,경기,-,0,0,0,20653,1782,22435,0,0,0,0,0,0,115,7,122,337,195,532,308,0,22435,43,521.7000122070312,532,22435,2.400000095367432
2015,68,국군간호사관학교,기타,기타,대전,-,52959,2948,55907,57901,3081,60982,0,2,0,0,2,0,59,13,72,2355,981,3336,2068,950,60982,0,0.0,3336,60982,5.800000190734863
2015,69,국립강릉원주대학교,대학,국립,강원,B그룹,339721,85875,425596,628751,170121,798872,14,12,38944,0,26,71360,692,217,909,27370,6371,33741,17157,0,798872,8869,90.0999984741211,33741,798872,4.400000095367432
2015,70,국립경국대학교,대학,국립,경북,B그룹,336587,79114,415701,678922,111787,790709,12,13,24545,0,25,31615,467,47,514,8297,4456,12753,7862,0,790709,8192,96.5,12753,790709,1.600000023841858
2015,71,국립공주대학교,대학,국립,충남,A그룹,483343,89998,573341,1026076,169089,1195165,26,26,38186,0,52,99650,629,85,714,22792,2311,25103,12496,0,1195165,17356,68.9000015258789,25103,1195165,2.0999999046325684
2015,72,국립군산대학교,대학,국립,전북,B그룹,232800,45956,278756,508352,92729,601081,13,13,3025,0,26,30534,121,68,189,10659,5694,16353,8836,0,601081,9041,66.5,16353,601081,2.799999952316284
2015,73,국립금오공과대학교,대학,국립,경북,B그룹,155422,33620,189042,342250,58631,400881,15,9,7564,0,24,38259,253,70,323,18243,2156,20399,11701,0,400881,7580,52.900001525878906,20399,400881,5.400000095367432
2015,74,국립목포대학교,대학,국립,전남,B그룹,236405,86948,323353,458128,132869,590997,13,20,10821,0,33,51660,440,84,524,17282,5819,23101,12495,0,590997,9027,65.5,23101,590997,4.099999904632568
2015,75,국립목포해양대학교,대학,국립,전남,C그룹,84007,8217,92224,171836,20111,191947,10,5,13777,0,15,21549,93,47,140,4029,406,4435,2217,0,191947,2714,70.69999694824219,4435,191947,2.400000095367432
2015,76,국립부경대학교,대학,국립,부산,A그룹,299152,134643,433795,898103,200011,1098114,18,20,28551,0,38,56163,511,199,710,12948,15623,28571,15545,0,1098114,20223,54.29999923706055,28571,1098114,2.700000047683716
2015,77,국립순천대학교,대학,국립,전남,B그룹,303727,69466,373193,620258,127142,747400,20,26,16703,0,46,77674,398,123,521,14824,3975,18799,12417,0,747400,8655,86.4000015258789,18799,747400,2.5999999046325684
2015,78,국립암센터국제암대학원대학교,대학원대학,국립,경기,-,9,10,19,445,340,785,12,0,0,0,12,4185,0,0,0,785,0,785,19,0,785,44,17.799999237060547,785,785,0.0
2015,79,국립창원대학교,대학,국립,경남,B그룹,226191,57291,283482,456791,137930,594721,14,11,31668,0,25,41045,704,255,959,15116,3903,19019,12454,23265,594721,10353,57.400001525878906,19019,594721,3.299999952316284
2015,80,국립한국교통대학교,대학,국립,충북,B그룹,205558,40605,246163,513590,63555,577145,14,2,5875,0,16,51186,79,27,106,13987,1520,15507,9465,0,577145,9884,58.400001525878906,15507,577145,2.799999952316284
2015,81,국립한국해양대학교,대학,국립,부산,B그룹,155099,87841,242940,354014,139683,493697,9,11,10529,0,20,42403,296,88,384,5919,8165,14084,9654,0,493697,7870,62.70000076293945,14084,493697,2.900000095367432
2015,82,국립한밭대학교,대학,국립,대전,B그룹,218809,59235,278044,440043,81100,521143,8,0,2350,0,8,29851,338,89,427,14355,1440,15795,8809,0,521143,9037,57.70000076293945,15795,521143,3.0999999046325684
2015,83,국민대학교,대학,사립,서울,A그룹,374647,139413,514060,895731,222858,1118589,24,41,46695,0,65,79090,1184,305,1489,22428,4614,27042,16979,442,1118589,18578,60.20000076293945,27042,1118589,2.5
2015,84,국방대학교,기타,기타,충남,-,148182,65791,213973,259209,79550,338759,0,11,9572,0,11,9625,429,183,612,5489,3934,9423,6259,0,338759,0,0.0,9423,338759,2.900000095367432
2015,85,국제뇌교육종합대학원대학교,대학원대학,사립,충남,-,14725,529,15254,17556,529,18085,0,1,0,0,1,0,18,1,19,18,300,318,58,0,18085,233,77.5999984741211,318,18085,1.7999999523162842
2015,86,국제대학교,전문대학,사립,경기,B그룹,29579,1038,30617,51273,1057,52330,4,3,17092,0,7,30791,86,0,86,2291,809,3100,2553,0,52330,4458,11.699999809265137,3100,52330,6.300000190734863
2015,87,국제문화대학원대학교,대학원대학,사립,충남,-,0,0,0,0,0,0,0,0,0,0,0,0,0,0,0,0,0,0,0,0,0,0,0.0,0,0,0.0
2015,88,국제법률경영대학원대학교,대학원대학,사립,경기,-,1283,2703,3986,2252,4837,7089,1,0,0,0,1,0,0,0,0,0,100,100,100,11,7089,87,81.5,100,7089,1.399999976158142
2015,89,국제사이버대학교,대학,사립,경기,C그룹,0,0,0,9390,0,9390,0,0,9390,0,0,9390,0,0,0,0,0,0,0,0,9390,2384,3.900000095367432,0,9390,0.0
2015,90,국제언어대학원대학교,대학원대학,사립,서울,-,2512,8990,11502,3094,12273,15367,1,0,107,0,1,128,17,36,53,294,82,376,362,1275,15367,90,170.6999969482422,376,15367,2.5
2015,91,국제예술대학교,기타,기타,서울,-,5,1,6,1001,26,1027,0,0,0,0,0,0,0,0,0,26,25,51,4,26,1027,0,0.0,51,1027,5.199999809265137
2015,92,군산간호대학교,전문대학,사립,전북,C그룹,26976,1017,27993,31423,2129,33552,0,2,2167,0,2,2777,35,0,35,1147,683,1830,1214,561,33552,1153,29.100000381469727,1830,33552,5.800000190734863
2015,93,군장대학교,전문대학,사립,전북,C그룹,42458,161,42619,75308,217,75525,2,0,17270,0,2,21184,23,1,24,11695,15,11710,1212,0,75525,2122,35.599998474121094,11710,75525,18.299999237060547
2015,94,극동대학교,대학,사립,충북,C그룹,48564,26133,74697,76131,32515,108646,1,1,12269,0,2,14199,205,14,219,9786,0,9786,8186,0,108646,4332,25.100000381469727,9786,108646,9.899999618530272
2015,95,글로벌사이버대학교,대학,사립,충남,C그룹,426,0,426,1368,0,1368,0,2,374,0,2,1179,0,0,0,0,39,39,33,0,1368,2222,0.6000000238418579,39,1368,2.900000095367432
2015,96,금강대학교,대학,사립,충남,C그룹,43397,22938,66335,73973,35050,109023,0,3,1509,0,3,1509,70,11,81,627,1707,2334,2334,0,109023,525,207.6999969482422,2334,109023,2.200000047683716
2015,97,기독간호대학교,전문대학,사립,광주,C그룹,17167,4164,21331,25151,4916,30067,0,3,97,0,3,97,43,0,43,330,133,463,463,0,30067,655,45.900001525878906,463,30067,1.600000023841858
2015,98,김천대학교,대학,사립,경북,C그룹,75515,2816,78331,93303,3794,97097,2,2,5865,0,4,9487,122,2,124,8599,1615,10214,8068,3,97097,3801,25.5,10214,97097,11.800000190734863
2015,99,김포대학교,전문대학,사립,경기,C그룹,58121,2598,60719,99161,2955,102116,3,0,7913,0,3,11899,107,11,118,5319,332,5651,3119,0,102116,3371,30.299999237060547,5651,102116,5.900000095367432
2015,100,김해대학교,전문대학,사립,경남,C그룹,14950,35,14985,16952,37,16989,1,0,0,0,1,1837,26,0,26,2130,251,2381,2368,0,16989,1520,11.199999809265137,2381,16989,16.299999237060547
2015,101,나사렛대학교,대학,사립,충남,B그룹,136842,50192,187034,206388,56539,262927,5,5,43024,0,10,63670,165,71,236,9896,487,10383,6112,0,262927,6034,43.59999847412109,10383,262927,4.099999904632568
2015,102,나주대학교,전문대학,사립,전남,C그룹,9008,10,9018,23799,10,23809,0,0,0,0,0,0,118,0,118,320,615,935,522,0,23809,2117,11.199999809265137,935,23809,4.099999904632568
2015,103,남부대학교,대학,사립,광주,C그룹,65837,823,66660,67689,885,68574,4,4,3788,0,8,9927,228,3,231,2328,411,2739,2089,0,68574,3551,19.299999237060547,2739,68574,4.199999809265137
2015,104,남서울대학교,대학,사립,충남,B그룹,291301,116774,408075,558913,168032,726945,4,11,32213,0,15,57498,1000,99,1099,8145,1550,9695,6705,0,726945,10532,69.0,9695,726945,1.399999976158142
2015,105,농협대학교,전문대학,사립,경기,C그룹,36269,5443,41712,44032,6350,50382,1,0,701,0,1,3425,29,9,38,622,6,628,485,0,50382,490,102.8000030517578,628,50382,1.2999999523162842
2015,106,능인대학원대학교,대학원대학,사립,경기,-,0,0,0,0,0,0,0,0,0,0,0,0,0,0,0,0,0,0,0,0,0,0,0.0,0,0,0.0
2015,107,단국대학교,대학,사립,경기,A그룹,844215,292688,1136903,1356288,485893,1842181,31,26,29240,0,57,56079,1085,253,1338,33046,10354,43400,34476,100417,1842181,28405,64.9000015258789,43400,1842181,2.400000095367432
2015,108,대경대학교,전문대학,사립,경북,B그룹,20292,571,20863,34282,757,35039,1,6,712,0,7,1013,86,1,87,1433,1128,2561,1578,0,35039,4169,8.399999618530273,2561,35039,7.900000095367432
2015,109,대구가톨릭대학교,대학,사립,경북,A그룹,441669,238432,680101,911639,349184,1260823,40,26,33791,0,66,56310,980,149,1129,20957,6015,26972,20341,3302,1260823,15401,81.9000015258789,26972,1260823,2.200000047683716
2015,110,대구경북과학기술원,대학,국립,대구,C그룹,29788,36635,66423,34301,37542,71843,40,20,1325106,0,60,1335607,59,28,87,14754,452,15206,14617,0,71843,672,106.9000015258789,15206,71843,26.799999237060547
2015,111,대구공업대학교,전문대학,사립,대구,C그룹,52725,2185,54910,93167,3063,96230,0,3,3977,0,3,4222,145,3,148,992,53,1045,876,0,96230,2022,47.59999847412109,1045,96230,1.100000023841858
2015,112,대구과학대학교,전문대학,사립,대구,A그룹,70562,3037,73599,118428,3492,121920,1,1,3385,0,2,3385,89,1,90,4468,312,4780,3786,0,121920,4528,26.899999618530277,4780,121920,4.099999904632568
2015,113,대구교육대학교,대학,국립,대구,C그룹,129623,12377,142000,268227,22360,290587,0,8,2200,0,8,2200,446,125,571,7447,488,7935,4702,0,290587,2654,109.5,7935,290587,2.799999952316284
2015,114,대구대학교,대학,사립,경북,A그룹,479701,227159,706860,1165416,416610,1582026,7,13,23408,0,20,32630,1506,244,1750,23021,5328,28349,15539,188,1582026,21554,73.4000015258789,28349,1582026,1.7999999523162842
2015,115,대구미래대학교,전문대학,사립,경북,C그룹,0,0,0,88178,2977,91155,1,0,865,0,1,2512,65,0,65,0,0,0,0,0,91155,1019,89.5,0,91155,0.0
2015,116,대구보건대학교,전문대학,사립,대구,A그룹,64735,7004,71739,168935,9999,178934,1,8,3645,0,9,3994,137,9,146,7932,144,8076,2081,0,178934,6893,26.0,8076,178934,4.699999809265137
2015,117,대구사이버대학교,대학,사립,경북,C그룹,14632,0,14632,14913,0,14913,5,0,14913,0,5,14918,0,0,0,378,0,378,374,0,14913,4222,3.5,378,14913,2.5999999046325684
2015,118,대구예술대학교,대학,사립,경북,C그룹,40744,1142,41886,86538,1849,88387,0,0,5098,0,0,5098,57,5,62,623,0,623,298,0,88387,1476,59.900001525878906,623,88387,0.699999988079071
2015,119,대구외국어대학교,대학,사립,경북,C그룹,14489,349,14838,29060,1692,30752,0,0,0,0,0,0,93,8,101,786,921,1707,1039,0,30752,345,89.0999984741211,1707,30752,5.900000095367432
2015,120,대구한의대학교,대학,사립,경북,B그룹,234509,68126,302635,427673,111155,538828,9,7,19108,0,16,28967,406,29,435,8337,2193,10530,6452,151,538828,7550,71.4000015258789,10530,538828,2.0
2015,121,대덕대학교,전문대학,사립,대전,C그룹,43790,1054,44844,69132,1462,70594,1,1,6411,0,2,10198,135,3,138,3067,546,3613,2078,4759,70594,4357,16.200000762939453,3613,70594,5.400000095367432
2015,122,대동대학교,전문대학,사립,부산,C그룹,37984,1049,39033,41567,1119,42686,1,3,6788,0,4,17192,91,7,98,2781,319,3100,2761,0,42686,1694,25.200000762939453,3100,42686,7.800000190734863
2015,123,대림대학교,전문대학,사립,경기,A그룹,63586,4860,68446,100320,5824,106144,3,3,4810,0,6,10997,72,0,72,5262,438,5700,2702,0,106144,6685,15.899999618530272,5700,106144,5.699999809265137
2015,124,대신대학교,대학,사립,경북,C그룹,72399,8898,81297,92509,9565,102074,3,1,2219,0,4,4232,180,15,195,1528,1553,3081,2547,4275,102074,504,202.5,3081,102074,3.0999999046325684
2015,125,대원대학교,전문대학,사립,충북,C그룹,38932,3527,42459,59014,4015,63029,2,0,4256,0,2,9933,322,2,324,2425,315,2740,2207,0,63029,2807,22.5,2740,63029,4.5
2015,126,대전가톨릭대학교,대학,사립,세종,C그룹,82892,33985,116877,98841,35844,134685,2,2,613,0,4,773,104,84,188,2246,2045,4291,2781,1602,134685,122,1104.0,4291,134685,3.299999952316284
2015,127,대전과학기술대학교,전문대학,사립,대전,B그룹,73225,98711,171936,151315,169162,320477,2,2,1948,0,4,8100,209,21,230,4319,1301,5620,3124,0,320477,4707,68.0999984741211,5620,320477,1.7999999523162842
2015,128,대전대학교,대학,사립,대전,B그룹,299340,53506,352846,478134,97265,575399,11,7,15254,0,18,50564,568,72,640,16038,4665,20703,18305,0,575399,10801,53.29999923706055,20703,575399,3.700000047683716
2015,129,대전보건대학교,전문대학,사립,대전,A그룹,73337,7270,80607,116196,10113,126309,3,5,8646,0,8,12377,90,44,134,3293,465,3758,1566,0,126309,5929,21.299999237060547,3758,126309,3.0999999046325684
2015,130,대전신학대학교,대학,사립,대전,C그룹,37573,5630,43203,59479,7962,67441,0,3,59,0,3,59,156,17,173,742,578,1320,1039,0,67441,296,227.8000030517578,1320,67441,2.0
2015,131,대진대학교,대학,사립,경기,B그룹,215807,88490,304297,440875,146026,586901,5,19,21967,0,24,31228,253,23,276,11209,6516,17725,13781,0,586901,8458,69.4000015258789,17725,586901,3.0999999046325684
2015,132,대한신학대학원대학교,대학원대학,사립,경기,-,7405,1931,9336,13183,2699,15882,0,0,0,0,0,0,26,0,26,0,0,0,0,0,15882,186,85.4000015258789,0,15882,0.0
2015,133,덕성여자대학교,대학,사립,서울,B그룹,325284,71938,397222,558161,134006,692167,20,28,130397,0,48,193407,377,170,547,15127,7633,22760,19196,3664,692167,6524,106.0999984741211,22760,692167,3.400000095367432
2015,134,동강대학교,전문대학,사립,광주,B그룹,94431,8541,102972,128290,9938,138228,1,5,4818,0,6,8806,201,9,210,2584,375,2959,2255,0,138228,3418,40.400001525878906,2959,138228,2.200000047683716
2015,135,동국대학교,대학,사립,서울,A그룹,731514,162538,894052,1134557,232198,1366755,33,52,30146,0,85,91647,1305,542,1847,24967,8423,33390,31164,28348,1366755,17699,77.19999694824219,33390,1366755,2.5
2015,136,동국대학교 WISE캠퍼스,대학,사립,경북,B그룹,419371,40645,460016,684992,88931,773923,13,12,33710,0,25,43329,649,127,776,18129,2357,20486,15608,936,773923,8977,86.19999694824219,20486,773923,2.700000047683716
2015,137,동남보건대학교,전문대학,사립,경기,A그룹,65779,7320,73099,107140,9316,116456,0,4,6338,0,4,7207,47,0,47,1635,317,1952,1077,0,116456,4973,23.399999618530277,1952,116456,1.7000000476837158
2015,138,동덕여자대학교,대학,사립,서울,B그룹,184715,85157,269872,414870,120529,535399,15,28,59959,0,43,114987,349,242,591,14249,854,15103,8074,87,535399,8324,64.30000305175781,15103,535399,2.900000095367432
2015,139,동명대학교,대학,사립,부산,B그룹,271259,33301,304560,367329,38570,405899,4,2,5209,0,6,12072,107,50,157,20029,2675,22704,20668,2165,405899,9374,43.29999923706055,22704,405899,5.900000095367432
2015,140,동방문화대학원대학교,대학원대학,사립,서울,-,16132,2734,18866,18457,2748,21205,2,0,0,0,2,2,11,0,11,58,818,876,422,553,21205,212,100.0,876,21205,4.300000190734863
2015,141,동부산대학교,전문대학,사립,부산,C그룹,101964,12538,114502,123367,13171,136538,0,1,4566,0,1,4578,253,1,254,6972,248,7220,7159,0,136538,2635,51.79999923706055,7220,136538,5.599999904632568
2015,142,동서대학교,대학,사립,부산,B그룹,212081,51187,263268,419181,85313,504494,10,5,18350,0,15,35567,506,88,594,13221,2037,15258,7550,0,504494,11659,43.29999923706055,15258,504494,3.0999999046325684
2015,143,동서울대학교,전문대학,사립,경기,A그룹,90033,8846,98879,193336,9878,203214,2,2,9024,0,4,19221,105,1,106,9141,245,9386,5450,3060,203214,6009,33.79999923706055,9386,203214,4.800000190734863
2015,144,동신대학교,대학,사립,전남,B그룹,421987,80567,502554,520150,94339,614489,7,8,15856,0,15,40797,297,41,338,7278,1642,8920,8493,0,614489,7783,79.0,8920,614489,1.5
2015,145,동아대학교,대학,사립,부산,A그룹,682788,117282,800070,1064647,182875,1247522,36,38,25782,0,74,51948,190,540,730,20075,1070,21145,11756,0,1247522,22716,54.900001525878906,21145,1247522,1.7000000476837158
2015,146,동아방송예술대학교,전문대학,사립,경기,B그룹,49316,2530,51846,58668,2783,61451,2,6,2319,0,8,7767,69,7,76,2471,1161,3632,3162,0,61451,3107,19.799999237060547,3632,61451,6.300000190734863
2015,147,동아보건대학교,전문대학,사립,전남,C그룹,27330,2210,29540,30952,2215,33167,0,1,375,0,1,407,12,0,12,1149,422,1571,1564,0,33167,2013,16.5,1571,33167,5.0
2015,148,동양대학교,대학,사립,경북,C그룹,142053,39017,181070,232212,42703,274915,5,0,16588,0,5,27851,98,23,121,5469,997,6466,4543,0,274915,4748,57.900001525878906,6466,274915,2.400000095367432
2015,149,동양미래대학교,전문대학,사립,서울,A그룹,149961,16596,166557,223374,21807,245181,4,3,6762,0,7,13523,237,78,315,7811,350,8161,6378,0,245181,6348,38.59999847412109,8161,245181,3.400000095367432
2015,150,동우대학,전문대학,사립,강원,B그룹,0,0,0,0,0,0,0,0,0,0,0,0,0,0,0,0,0,0,0,0,0,0,0.0,0,0,0.0
2015,151,동원과학기술대학교,전문대학,사립,경남,B그룹,47511,1895,49406,72798,2175,74973,0,0,1471,0,0,1471,88,0,88,2219,557,2776,1300,680,74973,2158,34.70000076293945,2776,74973,3.799999952316284
2015,152,동원대학교,전문대학,사립,경기,B그룹,67202,1888,69090,115623,3132,118755,0,1,9957,0,1,10158,124,8,132,6622,348,6970,5435,0,118755,3838,30.899999618530277,6970,118755,6.199999809265137
2015,153,동의과학대학교,전문대학,사립,부산,B그룹,83203,5946,89149,130948,7696,138644,3,2,7477,0,5,15639,218,24,242,5645,246,5891,4236,1804,138644,5790,23.899999618530277,5891,138644,4.400000095367432
2015,154,동의대학교,대학,사립,부산,A그룹,389996,147799,537795,822463,268619,1091082,10,9,13196,0,19,24833,659,56,715,16995,3454,20449,11346,0,1091082,16781,65.0,20449,1091082,1.899999976158142
2015,155,두원공과대학교,전문대학,사립,경기,B그룹,55523,8744,64267,105124,10191,115315,0,1,505,0,1,520,199,52,251,4061,0,4061,1249,0,115315,6133,18.799999237060547,4061,115315,3.700000047683716
2015,156,디지털서울문화예술대학교,대학,사립,서울,C그룹,1837,0,1837,9149,0,9149,0,0,9149,0,0,10986,0,0,0,2206,0,2206,288,0,9149,3705,2.5,2206,9149,31.799999237060547
2015,157,루터대학교,대학,사립,경기,C그룹,19049,6904,25953,26678,9776,36454,0,2,170,0,2,2007,40,21,61,728,250,978,739,0,36454,466,78.19999694824219,978,36454,2.799999952316284
2015,158,마산대학교,전문대학,사립,경남,A그룹,61644,1239,62883,107104,1410,108514,2,2,9634,0,4,14837,135,0,135,8244,0,8244,3974,0,108514,6170,17.600000381469727,8244,108514,8.199999809265137
2015,159,명신대학교,대학,사립,전남,C그룹,0,0,0,0,0,0,0,0,0,0,0,0,0,0,0,0,0,0,0,0,0,0,0.0,0,0,0.0
2015,160,명지대학교,대학,사립,서울,A그룹,520318,110551,630869,918871,270823,1189694,31,29,230414,0,60,263397,1445,210,1655,28962,3029,31991,28645,0,1189694,16826,70.69999694824219,31991,1189694,2.799999952316284
2015,161,명지전문대학,전문대학,사립,서울,A그룹,90307,10921,101228,173766,13833,187599,4,3,2612,0,7,7225,1845,37,1882,5334,474,5808,1928,0,187599,7027,26.700000762939453,5808,187599,3.200000047683716
2015,162,목원대학교,대학,사립,대전,B그룹,183892,113789,297681,338088,176433,514521,10,10,26392,0,20,61013,737,116,853,9299,3452,12751,7539,0,514521,9575,53.70000076293945,12751,514521,2.5
2015,163,목포가톨릭대학교,대학,사립,전남,C그룹,29464,3425,32889,36235,3498,39733,2,4,7109,0,6,10739,203,6,209,906,180,1086,993,0,39733,547,72.5999984741211,1086,39733,2.799999952316284
2015,164,목포과학대학교,전문대학,사립,전남,B그룹,48774,4401,53175,59301,5618,64919,1,1,2142,0,2,4128,50,0,50,3651,340,3991,3456,1502,64919,2859,22.700000762939453,3991,64919,6.599999904632568
2015,165,문경대학교,전문대학,사립,경북,C그룹,32556,184,32740,37273,201,37474,2,0,1048,0,2,4576,106,1,107,1515,296,1811,727,0,37474,878,42.70000076293945,1811,37474,5.099999904632568
2015,166,배재대학교,대학,사립,대전,B그룹,169148,60053,229201,349817,108001,457818,13,12,13933,0,25,54528,490,153,643,17059,2346,19405,11929,764,457818,10260,44.59999847412109,19405,457818,4.400000095367432
2015,167,배화여자대학교,전문대학,사립,서울,B그룹,65778,5369,71147,130071,6906,136977,2,1,3408,0,3,8572,136,17,153,3619,492,4111,1778,1450,136977,3059,44.79999923706055,4111,136977,3.0999999046325684
2015,168,백석대학교,대학,사립,충남,A그룹,275513,145073,420586,565312,177536,742848,8,13,47717,0,21,61965,323,138,461,18379,16173,34552,22707,0,742848,15310,48.5,34552,742848,4.900000095367432
2015,169,백석문화대학교,전문대학,사립,충남,A그룹,77043,14057,91100,151449,19291,170740,4,6,2622,0,10,5988,44,9,53,2954,1657,4611,3409,0,170740,6218,27.5,4611,170740,2.799999952316284
2015,170,백석예술대학,전문대학,사립,서울,A그룹,0,0,0,0,0,0,0,0,0,0,0,0,0,0,0,0,0,0,0,0,0,0,0.0,0,0,0.0
2015,171,백제예술대학교,전문대학,사립,전북,C그룹,24400,1210,25610,34269,2182,36451,0,0,0,0,0,0,107,0,107,1061,0,1061,1025,0,36451,1842,19.799999237060547,1061,36451,3.0
2015,172,베뢰아국제대학원대학교,대학원대학,사립,서울,-,18479,86,18565,35464,99,35563,0,0,0,0,0,0,30,14,44,654,0,654,393,0,35563,88,404.1000061035156,654,35563,1.899999976158142
2015,173,벽성대학,전문대학,사립,전북,C그룹,0,0,0,0,0,0,0,0,0,0,0,0,0,0,0,0,0,0,0,0,0,0,0.0,0,0,0.0
2015,174,부산가톨릭대학교,대학,사립,부산,C그룹,154994,37171,192165,219708,46137,265845,5,13,9772,0,18,21178,655,121,776,3742,5067,8809,7736,0,265845,4272,62.20000076293945,8809,265845,3.400000095367432
2015,175,부산경상대학교,전문대학,사립,부산,B그룹,80169,2046,82215,91309,2279,93588,0,1,7754,0,1,7845,133,5,138,2406,284,2690,2428,436,93588,3216,29.100000381469727,2690,93588,3.0
2015,176,부산과학기술대학교,전문대학,사립,부산,B그룹,94120,4672,98792,130677,5184,135861,1,0,9338,0,1,11175,200,0,200,3227,0,3227,0,0,135861,4506,30.200000762939453,3227,135861,2.400000095367432
2015,177,부산교육대학교,대학,국립,부산,C그룹,147834,16320,164154,257020,19201,276221,0,14,8782,0,14,8957,514,33,547,13563,1355,14918,6303,0,276221,2592,106.5999984741211,14918,276221,5.699999809265137
2015,178,부산대학교,대학,국립,부산,A그룹,715462,341963,1057425,1520594,650302,2170896,35,42,128586,0,77,185880,1289,1409,2698,71085,20528,91613,51069,53014,2170896,30456,71.30000305175781,91613,2170896,4.400000095367432
2015,179,부산디지털대학교,대학,사립,부산,C그룹,395,0,395,395,0,395,1,0,395,0,1,2232,0,0,0,0,0,0,0,0,395,2539,0.2000000029802322,0,395,0.0
2015,180,부산보건대학교,전문대학,사립,부산,B그룹,50204,9689,59893,63154,13955,77109,7,3,12475,0,10,31576,205,2,207,3710,1580,5290,5077,0,77109,3563,21.600000381469727,5290,77109,7.400000095367432
2015,181,부산여자대학교,전문대학,사립,부산,C그룹,110702,1512,112214,138441,7120,145561,3,0,691,0,3,4519,112,8,120,4659,931,5590,4623,0,145561,2948,49.400001525878906,5590,145561,4.0
2015,182,부산예술대학교,전문대학,사립,부산,C그룹,14115,836,14951,21463,836,22299,0,0,0,0,0,0,50,0,50,0,210,210,130,0,22299,852,26.200000762939453,210,22299,1.0
2015,183,부산외국어대학교,대학,사립,부산,B그룹,236675,157729,394404,470525,240579,711104,6,11,38139,0,17,51369,494,88,582,17047,1956,19003,17271,0,711104,9653,73.69999694824219,19003,711104,2.700000047683716
2015,184,부산장신대학교,대학,사립,경남,C그룹,35607,4336,39943,54281,5672,59953,2,0,0,0,2,3497,102,13,115,959,938,1897,1238,0,59953,509,117.8000030517578,1897,59953,3.299999952316284
2015,185,부천대학교,전문대학,사립,경기,A그룹,113945,10130,124075,205871,12928,218799,2,3,10670,0,5,14294,137,35,172,4579,340,4919,4157,0,218799,7736,28.299999237060547,4919,218799,2.299999952316284
2015,186,삼육대학교,대학,사립,서울,B그룹,164644,49593,214237,275716,78013,353729,11,10,5588,0,21,15107,173,194,367,7189,2491,9680,6264,45,353729,6099,58.0,9680,353729,2.799999952316284
2015,187,삼육보건대학교,전문대학,사립,서울,C그룹,34537,1871,36408,47900,2794,50694,1,2,1527,0,3,6887,172,12,184,3468,266,3734,3495,0,50694,1289,39.29999923706055,3734,50694,8.0
2015,188,상명대학교,대학,사립,서울,A그룹,486381,184278,670659,935596,301864,1237460,14,29,104581,0,43,146613,503,151,654,36219,16940,53159,33601,0,1237460,14994,82.5,53159,1237460,4.5
2015,189,상지대학교,대학,사립,강원,B그룹,218410,24574,242984,520019,46295,566314,9,4,4910,0,13,33648,418,90,508,12279,1610,13889,7366,0,566314,8239,68.69999694824219,13889,566314,2.5
2015,190,상지영서대학교,전문대학,사립,강원,B그룹,57432,4324,61756,94145,4764,98909,0,0,21011,0,0,21011,77,26,103,3058,482,3540,2894,3330,98909,3002,32.900001525878906,3540,98909,3.700000047683716
2015,191,서강대학교,대학,사립,서울,A그룹,357264,430210,787474,684161,595511,1279672,37,32,56092,0,69,71233,474,336,810,25505,4661,30166,22120,9951,1279672,11414,112.0999984741211,30166,1279672,2.400000095367432
2015,192,서경대학교,대학,사립,서울,B그룹,203914,51307,255221,385189,78139,463328,4,1,16869,0,5,26645,962,148,1110,23428,6917,30345,16068,0,463328,7202,64.30000305175781,30345,463328,7.0
2015,193,서남대학교,대학,사립,전북,C그룹,0,0,0,174285,18959,193244,0,0,0,0,0,0,29,0,29,0,147,147,116,0,193244,1767,109.4000015258789,147,193244,0.1000000014901161
2015,194,서라벌대학교,전문대학,사립,경북,C그룹,29407,4148,33555,101502,16522,118024,0,2,451,0,2,1056,80,0,80,1460,309,1769,779,0,118024,984,119.9000015258789,1769,118024,1.5
2015,195,서영대학교,전문대학,사립,광주,A그룹,50932,3232,54164,70900,3905,74805,0,3,2327,0,3,2451,192,0,192,3780,63,3843,3048,0,74805,5053,14.800000190734863,3843,74805,5.400000095367432
2015,196,서울과학기술대학교,대학,국립,서울,A그룹,213131,98100,311231,515592,98100,613692,34,25,11034,0,59,73706,339,107,446,24973,1590,26563,16512,0,613692,12471,49.20000076293945,26563,613692,4.5
2015,197,서울과학종합대학원대학교,대학원대학,사립,서울,-,1597,243,1840,2253,322,2575,1,1,0,0,2,2889,1,0,1,0,104,104,98,0,2575,341,7.599999904632568,104,2575,4.199999809265137
2015,198,서울교육대학교,대학,국립,서울,C그룹,112464,22541,135005,252784,31190,283974,8,6,3361,0,14,18180,143,40,183,4145,1389,5534,3317,3313,283974,2980,95.3000030517578,5534,283974,2.0
2015,199,서울기독대학교,대학,사립,서울,C그룹,27934,12229,40163,38231,19404,57635,3,7,12797,0,10,12799,40,0,40,3907,685,4592,2195,17,57635,881,65.4000015258789,4592,57635,8.699999809265137
2015,200,서울대학교,대학,국립,서울,A그룹,649068,1089329,1738397,2585184,2646639,5231823,88,65,584659,0,153,674649,835,2554,3389,62636,21447,84083,75687,2317,5231823,28490,183.6000061035156,84083,5231823,1.600000023841858
2015,201,서울디지털대학교,대학,사립,서울,A그룹,9219,0,9219,27107,0,27107,0,0,22389,0,0,24067,0,0,0,0,40,40,40,0,27107,10475,2.5999999046325684,40,27107,0.1000000014901161
2015,202,서울미디어대학원대학교,대학원대학,사립,서울,-,618,92,710,3143,1176,4319,0,1,427,0,1,2299,11,0,11,53,0,53,2,0,4319,88,49.09999847412109,53,4319,1.2000000476837158
2015,203,서울벤처대학원대학교,대학원대학,사립,서울,-,230,390,620,2009,1146,3155,0,0,0,0,0,0,0,0,0,3,0,3,2,0,3155,243,13.0,3,3155,0.1000000014901161
2015,204,서울불교대학원대학교,대학원대학,사립,서울,-,0,0,0,13250,1520,14770,1,1,0,0,2,0,0,0,0,271,0,271,237,0,14770,164,90.0999984741211,271,14770,1.899999976158142
2015,205,서울사이버대학교,대학,사립,서울,A그룹,0,0,0,6823,975,7798,2,4,7798,0,6,10629,0,0,0,0,0,0,0,0,7798,11380,0.699999988079071,0,7798,0.0
2015,206,서울사회복지대학원대학교,대학원대학,사립,서울,-,5306,0,5306,5306,0,5306,0,0,0,0,0,0,0,0,0,0,0,0,0,99,5306,83,63.900001525878906,0,5306,0.0
2015,207,서울상담심리대학원대학교,대학원대학,사립,서울,-,3415,1337,4752,4824,1502,6326,2,1,0,0,3,4267,19,0,19,471,56,527,513,0,6326,109,58.0,527,6326,9.100000381469728
2015,208,서울성경신학대학원대학교,대학원대학,사립,서울,-,14840,504,15344,16481,1073,17554,0,2,4783,0,2,4783,61,0,61,1132,86,1218,1180,0,17554,64,274.29998779296875,1218,17554,7.5
2015,209,서울시립대학교,대학,공립,서울,A그룹,368202,173485,541687,677061,251354,928415,28,53,168756,0,81,208763,614,436,1050,30321,5096,35417,24841,0,928415,12195,76.0999984741211,35417,928415,4.0
2015,210,서울신학대학교,대학,사립,경기,C그룹,103894,103400,207294,203163,123352,326515,3,9,61587,0,12,65556,91,102,193,10519,737,11256,7762,0,326515,3230,101.0999984741211,11256,326515,3.5999999046325684
2015,211,서울여자간호대학교,전문대학,사립,서울,C그룹,18968,1421,20389,26352,1668,28020,1,2,0,0,3,14076,30,4,34,833,770,1603,1199,0,28020,976,28.700000762939453,1603,28020,6.099999904632568
2015,212,서울여자대학교,대학,사립,서울,B그룹,397267,127957,525224,541873,158980,700853,21,28,46134,0,49,58793,1174,284,1458,8982,3514,12496,9753,14036,700853,8236,85.0999984741211,12496,700853,1.7999999523162842
2015,213,서울예술대학교,전문대학,사립,경기,B그룹,59946,9201,69147,71074,10007,81081,1,12,1983,0,13,3557,77,40,117,2890,167,3057,2810,0,81081,3063,26.5,3057,81081,3.900000095367432
2015,214,서울외국어대학원대학교,대학원대학,사립,서울,-,12,4,16,877,157,1034,0,0,0,0,0,0,0,0,0,0,30,30,6,0,1034,147,7.0,30,1034,3.0
2015,215,서울장신대학교,대학,사립,경기,C그룹,59689,7411,67100,78769,8979,87748,2,2,4476,0,4,6519,226,28,254,910,583,1493,0,0,87748,874,100.4000015258789,1493,87748,1.7000000476837158
2015,216,서울한영대학교,대학,사립,서울,C그룹,40840,31581,72421,65282,47104,112386,3,3,1098,0,6,4898,156,13,169,2735,503,3238,2638,0,112386,1101,102.0999984741211,3238,112386,3.0
2015,217,서원대학교,대학,사립,충북,B그룹,247362,64680,312042,475068,99156,574224,6,8,21665,0,14,43836,896,25,921,12737,1366,14103,8655,0,574224,7474,76.80000305175781,14103,574224,2.5
2015,218,서일대학교,전문대학,사립,서울,A그룹,91722,13011,104733,150521,14966,165487,3,4,6999,0,7,15580,176,32,208,6111,97,6208,4234,10,165487,6422,25.799999237060547,6208,165487,3.900000095367432
2015,219,서정대학교,전문대학,사립,경기,A그룹,25578,1448,27026,42752,4549,47301,0,0,26469,0,0,26528,31,0,31,21123,773,21896,10960,0,47301,4809,9.800000190734863,21896,47301,86.19999694824219
2015,220,서해대학,전문대학,사립,전북,C그룹,41811,1002,42813,51827,1314,53141,0,0,684,0,0,684,68,0,68,1979,0,1979,1408,0,53141,1428,37.20000076293945,1979,53141,3.900000095367432
2015,221,선교청대학교,대학,사립,충남,C그룹,0,0,0,0,0,0,0,0,0,0,0,0,0,0,0,0,0,0,0,0,0,0,0.0,0,0,0.0
2015,222,선린대학교,전문대학,사립,경북,C그룹,39442,2492,41934,59381,3195,62576,0,3,5110,0,3,5110,53,3,56,2106,0,2106,992,0,62576,2757,22.700000762939453,2106,62576,3.5
2015,223,선문대학교,대학,사립,충남,B그룹,251984,95078,347062,447571,120836,568407,11,17,4415,0,28,25142,742,132,874,11744,4862,16606,14234,0,568407,10574,53.79999923706055,16606,568407,3.0
2015,224,선학유피대학원대학교,대학원대학,사립,경기,-,36715,4813,41528,37085,5897,42982,0,1,5000,0,1,5000,105,25,130,284,22,306,248,0,42982,70,614.0,306,42982,0.699999988079071
2015,225,성결대학교,대학,사립,경기,B그룹,209056,68599,277655,373549,85350,458899,8,9,22390,0,17,604883,307,198,505,13867,3439,17306,11405,0,458899,6307,72.80000305175781,17306,458899,3.900000095367432
2015,226,성공회대학교,대학,사립,서울,C그룹,114147,66567,180714,151929,89388,241317,11,14,21973,0,25,41696,201,108,309,4653,1455,6108,5298,843,241317,2656,90.9000015258789,6108,241317,2.5999999046325684
2015,227,성균관대학교,대학,사립,서울,A그룹,602226,450300,1052526,1180825,689587,1870412,83,106,258901,0,189,347672,924,764,1688,37572,6078,43650,40757,15628,1870412,27034,69.19999694824219,43650,1870412,2.400000095367432
2015,228,성산효대학원대학교,대학원대학,사립,인천,-,16193,5462,21655,18295,5462,23757,0,0,0,0,0,0,32,1,33,521,470,991,940,0,23757,237,100.1999969482422,991,23757,4.400000095367432
2015,229,성서침례대학원대학교,대학원대학,사립,경기,-,14892,5751,20643,15167,5795,20962,0,0,0,0,0,0,40,14,54,250,76,326,326,0,20962,50,419.2000122070313,326,20962,1.600000023841858
2015,230,성신여자대학교,대학,사립,서울,A그룹,330182,157284,487466,640728,204079,844807,22,41,326093,0,63,521207,444,257,701,24941,2455,27396,15132,0,844807,10846,77.9000015258789,27396,844807,3.400000095367432
2015,231,성운대학교,전문대학,사립,경북,C그룹,14857,80,14937,20747,80,20827,0,0,0,0,0,0,34,0,34,2,10,12,11,0,20827,1356,15.399999618530272,12,20827,0.1000000014901161
2015,232,성화대학,전문대학,사립,전남,B그룹,0,0,0,0,0,0,0,0,0,0,0,0,0,0,0,0,0,0,0,0,0,0,0.0,0,0,0.0
2015,233,세경대학교,전문대학,사립,강원,C그룹,36422,1454,37876,38094,1454,39548,0,0,1662,0,0,1662,121,0,121,1138,303,1441,1441,0,39548,983,40.20000076293945,1441,39548,3.799999952316284
2015,234,세계사이버대학,기타,기타,경기,-,0,0,0,397,0,397,0,0,397,0,0,397,0,0,0,0,0,0,0,0,397,0,0.0,0,397,0.0
2015,235,세명대학교,대학,사립,충북,B그룹,204459,69295,273754,401252,113854,515106,5,17,17195,0,22,109303,174,48,222,13943,3398,17341,13923,0,515106,8740,58.900001525878906,17341,515106,3.5
2015,236,세종대학교,대학,사립,서울,A그룹,348170,184121,532291,621394,317534,938928,28,24,33683,0,52,57231,250,114,364,4264,840,5104,3807,0,938928,13713,68.5,5104,938928,0.5
2015,237,세한대학교,대학,사립,충남,C그룹,116592,43596,160188,207246,64619,271865,6,2,10767,0,8,16416,113,15,128,5489,467,5956,3224,0,271865,4377,62.09999847412109,5956,271865,2.200000047683716
2015,238,송곡대학교,전문대학,사립,강원,C그룹,11459,81,11540,13349,81,13430,1,0,379,0,1,380,18,0,18,544,231,775,736,0,13430,820,16.399999618530273,775,13430,6.099999904632568
2015,239,송원대학교,대학,사립,광주,C그룹,66022,4782,70804,99382,6300,105682,0,0,4170,0,0,4170,91,0,91,1767,19599,21366,16730,0,105682,2369,44.59999847412109,21366,105682,25.299999237060547
2015,240,송호대학교,전문대학,사립,강원,C그룹,22557,1640,24197,34071,2299,36370,0,0,1274,0,0,1274,54,0,54,1463,0,1463,1446,15,36370,1034,35.20000076293945,1463,36370,4.199999809265137
2015,241,수도국제대학원대학교,대학원대학,사립,서울,-,13439,3064,16503,19562,3837,23399,0,0,0,0,0,0,38,0,38,90,304,394,304,1,23399,307,76.19999694824219,394,23399,1.7000000476837158
2015,242,수성대학교,전문대학,사립,대구,B그룹,54855,2679,57534,91479,3601,95080,0,1,7329,0,1,7329,89,0,89,5970,144,6114,4016,0,95080,3756,25.299999237060547,6114,95080,6.900000095367432
2015,243,수원가톨릭대학교,대학,사립,경기,C그룹,50131,22873,73004,78773,36159,114932,4,3,5172,0,7,9409,161,137,298,1411,900,2311,0,0,114932,204,563.4000244140625,2311,114932,2.0999999046325684
2015,244,수원과학대학교,전문대학,사립,경기,B그룹,81961,9078,91039,174925,13057,187982,1,2,12231,0,3,12528,162,2,164,2949,9,2958,3860,0,187982,6390,29.399999618530277,2958,187982,1.600000023841858
2015,245,수원대학교,대학,사립,경기,B그룹,245881,110119,356000,596063,225763,821826,10,12,36292,0,22,65528,363,59,422,2142,3749,5891,4817,2014,821826,11573,71.0,5891,821826,0.699999988079071
2015,246,수원여자대학교,전문대학,사립,경기,B그룹,55606,5375,60981,125833,11080,136913,4,0,2341,0,4,2348,106,0,106,6026,0,6026,1842,2584,136913,4563,30.0,6026,136913,4.599999904632568
2015,247,숙명여자대학교,대학,사립,서울,A그룹,350363,176027,526390,823017,260663,1083680,35,48,67020,0,83,134085,825,445,1270,27002,4439,31441,16440,17229,1083680,13020,83.19999694824219,31441,1083680,3.0
2015,248,순복음대학원대학교,대학원대학,사립,서울,-,15286,118,15404,26072,178,26250,0,0,0,0,0,0,21,0,21,0,688,688,583,0,26250,153,171.60000610351562,688,26250,2.700000047683716
2015,249,순복음총회신학교,대학,사립,충북,C그룹,14983,0,14983,23586,102,23688,0,0,0,0,0,0,0,0,0,0,671,671,576,0,23688,300,79.0,671,23688,2.900000095367432
2015,250,순천제일대학교,전문대학,사립,전남,B그룹,49357,1073,50430,66666,1136,67802,0,2,465,0,2,465,31,0,31,481,0,481,474,0,67802,2545,26.600000381469727,481,67802,0.699999988079071
2015,251,순천향대학교,대학,사립,충남,A그룹,312788,121587,434375,509467,145586,655053,36,17,25681,0,53,83134,269,98,367,7331,2251,9582,8549,0,655053,12123,54.0,9582,655053,1.5
2015,252,숭실대학교,대학,사립,서울,A그룹,403627,173729,577356,754730,245441,1000171,31,27,179821,0,58,238447,1069,163,1232,29223,3675,32898,21157,38135,1000171,15546,64.30000305175781,32898,1000171,3.400000095367432
2015,253,숭실사이버대학교,대학,사립,서울,B그룹,2203,0,2203,2203,0,2203,0,0,2203,0,0,2203,0,0,0,0,0,0,0,0,2203,4709,0.5,0,2203,0.0
2015,254,숭의여자대학교,전문대학,사립,서울,B그룹,88850,6041,94891,127282,6592,133874,2,0,4178,0,2,7948,90,23,113,4420,35,4455,2256,0,133874,3616,37.0,4455,133874,3.400000095367432
2015,255,신경주대학교,대학,사립,경북,C그룹,182562,38203,220765,315382,63078,378460,2,4,3311,0,6,5662,537,23,560,1896,1522,3418,2777,0,378460,2694,140.5,3418,378460,0.8999999761581421
2015,256,신구대학교,전문대학,사립,경기,A그룹,84886,8260,93146,142429,9373,151802,2,0,8376,0,2,12380,59,44,103,5455,305,5760,4459,0,151802,6839,22.200000762939453,5760,151802,3.900000095367432
2015,257,신라대학교,대학,사립,부산,B그룹,224617,68387,293004,531651,113839,645490,10,18,4520,0,28,56097,496,105,601,11663,2564,14227,7961,0,645490,11035,58.5,14227,645490,2.299999952316284
2015,258,신성대학교,전문대학,사립,충남,B그룹,84508,13190,97698,130271,23594,153865,5,1,2723,0,6,13027,135,0,135,8326,1449,9775,8790,0,153865,4140,37.20000076293945,9775,153865,6.800000190734863
2015,259,신안산대학교,전문대학,사립,경기,B그룹,59523,1769,61292,76247,1877,78124,0,0,415,0,0,415,116,7,123,9847,877,10724,7652,301,78124,4449,17.600000381469727,10724,78124,15.899999618530272
2015,260,신한대학교,대학,사립,경기,B그룹,174622,8975,183597,209171,9520,218691,2,3,3487,0,5,12279,302,4,306,11293,1619,12912,7893,0,218691,5826,37.5,12912,218691,6.300000190734863
2015,261,신흥대학교,전문대학,사립,경기,A그룹,0,0,0,0,0,0,0,0,0,0,0,0,0,0,0,0,0,0,0,0,0,0,0.0,0,0,0.0
2015,262,실천신학대학원대학교,대학원대학,사립,경기,-,5064,4339,9403,6773,5589,12362,0,0,0,0,0,0,11,2,13,43,233,276,246,0,12362,82,150.8000030517578,276,12362,2.299999952316284
2015,263,아신대학교,대학,사립,경기,C그룹,43292,27937,71229,75489,43073,118562,0,5,68,0,5,4816,171,105,276,2007,1712,3719,2595,0,118562,1478,80.19999694824219,3719,118562,3.200000047683716
2015,264,아주대학교,대학,사립,경기,A그룹,313139,227311,540450,591382,426860,1018242,43,38,33422,0,81,68221,581,237,818,10913,8355,19268,15972,0,1018242,14313,71.0999984741211,19268,1018242,1.899999976158142
2015,265,아주자동차대학교,전문대학,사립,충남,C그룹,9052,90,9142,28605,230,28835,0,0,515,0,0,515,74,0,74,834,8,842,591,0,28835,981,29.399999618530277,842,28835,3.0
2015,266,안동과학대학교,전문대학,사립,경북,B그룹,52391,2326,54717,109276,2367,111643,4,2,12730,0,6,20553,238,11,249,4001,616,4617,2477,0,111643,2859,39.0,4617,111643,4.300000190734863
2015,267,안산대학교,전문대학,사립,경기,A그룹,77929,31007,108936,113847,34489,148336,4,2,30238,0,6,36814,163,56,219,3570,1046,4616,3346,0,148336,4631,32.0,4616,148336,3.200000047683716
2015,268,안양대학교,대학,사립,경기,B그룹,230823,25069,255892,333938,27891,361829,8,5,17004,0,13,24228,111,17,128,1205,20101,21306,23184,0,361829,5918,61.09999847412109,21306,361829,6.300000190734863
2015,269,에스라성경대학원대학교,대학원대학,사립,경기,-,3418,2249,5667,6357,2758,9115,0,0,0,0,0,0,9,0,9,357,0,357,260,0,9115,76,119.9000015258789,357,9115,4.099999904632568
2015,270,여주대학교,전문대학,사립,경기,B그룹,103291,5869,109160,110761,6078,116839,2,0,2024,0,2,5654,95,8,103,2304,28,2332,1100,0,116839,5797,20.200000762939453,2332,116839,2.0
2015,271,연성대학교,전문대학,사립,경기,A그룹,97983,7295,105278,119240,8193,127433,1,2,3089,0,3,6798,262,16,278,6600,540,7140,5518,0,127433,6047,21.100000381469727,7140,127433,5.900000095367432
2015,272,연세대학교,대학,사립,서울,A그룹,923538,485189,1408727,1670772,790735,2461507,68,153,308848,0,221,419016,1785,1065,2850,40814,18631,59445,36963,0,2461507,31191,78.9000015258789,59445,2461507,2.5
2015,273,연세대학교(미래),대학,사립,강원,B그룹,329730,90735,420465,486450,129789,616239,28,19,148437,0,47,164645,507,106,613,9623,3746,13369,12459,9410,616239,8201,75.0999984741211,13369,616239,2.200000047683716
2015,274,연암공과대학교,전문대학,사립,경남,C그룹,47296,4007,51303,57905,4953,62858,0,0,2594,0,0,2689,66,4,70,1187,74,1261,1196,227,62858,1400,44.900001525878906,1261,62858,2.0
2015,275,연암대학교,전문대학,사립,충남,C그룹,0,0,0,51001,2766,53767,0,1,1273,0,1,1273,42,1,43,1116,0,1116,1071,0,53767,1135,47.400001525878906,1116,53767,2.0999999046325684
2015,276,영남대학교,대학,사립,경북,A그룹,556713,332999,889712,1263667,577504,1841171,46,32,31151,0,78,76085,1155,372,1527,59183,6306,65489,50248,0,1841171,25902,71.0999984741211,65489,1841171,3.700000047683716
2015,277,영남사이버대학교,대학,사립,경북,C그룹,0,0,0,0,0,0,0,0,0,0,0,0,0,0,0,0,0,0,0,0,0,0,0.0,0,0,0.0
2015,278,영남신학대학교,대학,사립,경북,C그룹,60312,32426,92738,96249,44202,140451,3,6,19445,0,9,62282,233,53,286,2302,331,2633,1908,0,140451,735,191.1000061035156,2633,140451,1.899999976158142
2015,279,영남외국어대학,전문대학,사립,경북,C그룹,24043,1025,25068,24696,1027,25723,2,0,1372,0,2,5274,38,0,38,9,107,116,116,0,25723,873,29.5,116,25723,0.5
2015,280,영남이공대학교,전문대학,사립,대구,A그룹,70310,5833,76143,169334,9108,178442,0,4,14441,0,4,14560,154,26,180,5212,418,5630,2777,0,178442,6138,29.100000381469727,5630,178442,3.299999952316284
2015,281,영산대학교,대학,사립,경남,B그룹,223726,54841,278567,334747,66910,401657,3,13,6847,0,16,43350,496,27,523,8735,4613,13348,10012,0,401657,7617,52.70000076293945,13348,401657,3.400000095367432
2015,282,영산선학대학교,대학,사립,전남,C그룹,36161,733,36894,52276,1027,53303,0,0,0,0,0,0,43,0,43,172,899,1071,1071,1324,53303,42,1269.0999755859375,1071,53303,2.0999999046325684
2015,283,영진전문대학교,전문대학,사립,대구,A그룹,108802,14917,123719,218643,30354,248997,3,11,20222,0,14,26524,312,2,314,8006,9,8015,4592,0,248997,8084,30.799999237060547,8015,248997,3.299999952316284
2015,284,예명대학원대학교,대학원대학,사립,서울,-,8138,1104,9242,14748,1393,16141,0,0,0,0,0,0,12,0,12,0,30,30,1,0,16141,60,269.0,30,16141,0.2000000029802322
2015,285,예수대학교,대학,사립,전북,C그룹,22334,3811,26145,27359,4859,32218,0,4,96,0,4,99,68,20,88,1070,275,1345,1219,860,32218,583,55.29999923706055,1345,32218,4.400000095367432
2015,286,예원예술대학교,대학,사립,전북,C그룹,19932,11541,31473,24786,11620,36406,0,0,1045,0,0,1045,0,0,0,3548,0,3548,2231,900,36406,1146,31.799999237060547,3548,36406,10.800000190734863
2015,287,오산대학교,전문대학,사립,경기,A그룹,84458,7049,91507,111867,7793,119660,3,1,2505,0,4,7866,299,21,320,8169,570,8739,7068,0,119660,4850,24.700000762939453,8739,119660,7.900000095367432
2015,288,온석대학원대학교,대학원대학,사립,경기,-,0,0,0,17681,261,17942,0,0,0,0,0,0,0,0,0,300,0,300,0,0,17942,308,58.29999923706055,300,17942,1.7000000476837158
2015,289,용인대학교,대학,사립,경기,B그룹,157181,23257,180438,274840,38191,313031,17,1,15541,0,18,37127,247,8,255,6036,1098,7134,3846,37771,313031,7125,43.900001525878906,7134,313031,2.299999952316284
2015,290,용인예술과학대학교,전문대학,사립,경기,B그룹,65847,4855,70702,105354,6040,111394,2,0,16395,0,2,20262,84,12,96,3297,144,3441,2924,703,111394,4185,26.600000381469727,3441,111394,3.200000047683716
2015,291,우석대학교,대학,사립,전북,B그룹,202636,77256,279892,520122,155041,675163,5,6,7543,0,11,27110,568,79,647,8920,674,9594,5529,0,675163,8653,78.0,9594,675163,1.399999976158142
2015,292,우송공업대학,전문대학,사립,대전,B그룹,0,0,0,0,0,0,0,0,0,0,0,0,0,0,0,0,0,0,0,0,0,0,0.0,0,0,0.0
2015,293,우송대학교,대학,사립,대전,A그룹,77398,30131,107529,205605,44958,250563,4,5,10336,0,9,18093,167,15,182,1792,853,2645,2611,0,250563,9953,25.200000762939453,2645,250563,1.100000023841858
2015,294,우송정보대학,전문대학,사립,대전,B그룹,83980,14551,98531,114271,15144,129415,0,0,0,0,0,0,93,7,100,1753,68,1821,1340,0,129415,4866,26.600000381469727,1821,129415,1.399999976158142
2015,295,울산과학기술원,대학,국립,울산,C그룹,75436,88731,164167,89140,92624,181764,34,23,328489,0,57,340239,93,21,114,13807,1347,15154,13667,0,181764,4123,44.09999847412109,15154,181764,9.100000381469728
2015,296,울산과학대학교,전문대학,사립,울산,A그룹,115607,14129,129736,155711,15601,171312,1,2,3669,0,3,3938,125,14,139,6286,707,6993,5517,0,171312,4910,34.900001525878906,6993,171312,4.300000190734863
2015,297,울산대학교,대학,사립,울산,A그룹,355216,209169,564385,600060,422871,1022931,59,48,32160,0,107,79234,368,73,441,8734,5339,14073,9572,32452,1022931,14994,68.19999694824219,14073,1022931,1.399999976158142
2015,298,웅지세무대학교,전문대학,사립,경기,C그룹,3330,1806,5136,3330,1806,5136,0,0,0,0,0,0,0,0,0,0,780,780,780,0,5136,1829,2.799999952316284,780,5136,17.899999618530273
2015,299,원광대학교,대학,사립,전북,A그룹,430439,193176,623615,961409,419275,1380684,21,46,29018,0,67,63949,688,91,779,21542,8917,30459,16982,284,1380684,17966,76.80000305175781,30459,1380684,2.299999952316284
2015,300,원광보건대학교,전문대학,사립,전북,B그룹,62671,9437,72108,118450,11932,130382,3,4,6416,0,7,16456,275,14,289,3875,319,4194,1648,0,130382,4669,27.899999618530277,4194,130382,3.299999952316284
2015,301,원불교대학원대학교,대학원대학,사립,전북,-,11706,2246,13952,22945,2710,25655,0,0,0,0,0,0,28,0,28,35,47,82,79,0,25655,48,534.5,82,25655,0.3000000119209289
2015,302,웨스트민스터신학대학원대학교,대학원대학,사립,경기,-,21073,6695,27768,28384,8327,36711,0,0,0,0,0,0,265,0,265,770,0,770,865,0,36711,301,122.0,770,36711,2.0999999046325684
2015,303,위덕대학교,대학,사립,경북,C그룹,92298,42605,134903,180964,61269,242233,6,1,9611,0,7,38669,161,32,193,3954,1099,5053,2981,0,242233,3504,69.0999984741211,5053,242233,2.0999999046325684
2015,304,유원대학교,대학,사립,충북,C그룹,80790,7849,88639,156426,14571,170997,1,2,2423,0,3,5720,87,0,87,10237,0,10237,5750,0,170997,3888,44.0,10237,170997,6.400000095367432
2015,305,유한대학교,전문대학,사립,경기,A그룹,102179,19571,121750,175593,23527,199120,2,4,10571,0,6,15745,71,51,122,7905,565,8470,4175,0,199120,4897,40.70000076293945,8470,199120,4.400000095367432
2015,306,육군사관학교,기타,기타,서울,-,169049,68336,237385,219157,75824,294981,10,0,6915,0,10,23944,368,55,423,2567,2761,5328,5016,2000,294981,0,0.0,5328,294981,1.7999999523162842
2015,307,을지대학교,대학,사립,대전,B그룹,80171,25270,105441,140979,26457,167436,6,7,4942,0,13,15601,130,27,157,5342,460,5802,3195,0,167436,5564,30.100000381469727,5802,167436,3.5999999046325684
2015,308,이화여자대학교,대학,사립,서울,A그룹,577900,513165,1091065,975430,699878,1675308,54,102,158782,0,156,207073,1093,1290,2383,36090,9155,45245,37946,26898,1675308,21194,79.0,45245,1675308,2.799999952316284
2015,309,인덕대학교,전문대학,사립,서울,A그룹,89117,31801,120918,165139,35922,201061,0,6,681,0,6,718,198,18,216,6242,337,6579,4116,0,201061,6419,31.299999237060547,6579,201061,3.400000095367432
2015,310,인제대학교,대학,사립,경남,B그룹,365438,176939,542377,584663,250748,835411,21,11,45790,0,32,83335,916,40,956,6109,7442,13551,11158,1531,835411,11701,71.4000015258789,13551,835411,1.600000023841858
2015,311,인제대학원대학교,대학원대학,사립,서울,-,73,20,93,1894,201,2095,0,0,0,0,0,0,11,0,11,0,29,29,1,420,2095,58,36.09999847412109,29,2095,1.399999976158142
2015,312,인천가톨릭대학교,대학,사립,인천,C그룹,49282,16403,65685,73976,25170,99146,2,3,8600,0,5,16744,154,121,275,2743,1335,4078,3221,0,99146,835,118.6999969482422,4078,99146,4.300000190734863
2015,313,인천대학교,대학,국립,인천,A그룹,334377,79497,413874,735448,163346,898794,23,17,42738,0,40,79458,821,98,919,25417,11379,36796,28830,0,898794,14238,63.09999847412109,36796,898794,4.300000190734863
2015,314,인천전문대학,전문대학,공립,인천,A그룹,0,0,0,0,0,0,0,0,0,0,0,0,0,0,0,0,0,0,0,0,0,0,0.0,0,0,0.0
2015,315,인하공업전문대학,전문대학,사립,인천,A그룹,51809,6183,57992,81826,7103,88929,2,2,7130,0,4,7984,72,6,78,6038,112,6150,3022,4713,88929,6843,13.0,6150,88929,7.400000095367432
2015,316,인하대학교,대학,사립,인천,A그룹,0,0,0,1248536,427530,1676066,55,43,47191,0,98,94897,777,495,1272,33119,9080,42199,0,0,1676066,21353,78.5,42199,1676066,2.5999999046325684
2015,317,장로회신학대학교,대학,사립,서울,C그룹,123342,80622,203964,228235,119993,348228,5,6,12993,0,11,19397,280,160,440,5473,3417,8890,7095,0,348228,2230,156.1999969482422,8890,348228,2.5999999046325684
2015,318,장안대학교,전문대학,사립,경기,B그룹,75927,8199,84126,129615,9939,139554,2,0,14851,0,2,27967,234,15,249,5087,534,5621,4799,0,139554,6259,22.299999237060547,5621,139554,4.199999809265137
2015,319,재능대학교,전문대학,사립,인천,B그룹,39381,424,39805,76515,851,77366,2,1,5684,0,3,10974,68,0,68,6330,616,6946,3656,0,77366,3651,21.200000762939453,6946,77366,9.899999618530272
2015,320,전남과학대학교,전문대학,사립,전남,B그룹,55828,785,56613,72105,810,72915,3,0,2746,0,3,9400,112,7,119,5667,445,6112,5483,0,72915,3876,18.799999237060547,6112,72915,9.100000381469728
2015,321,전남대학교,대학,국립,광주,A그룹,515221,268871,784092,1212604,434131,1646735,35,34,38907,0,69,87768,1208,382,1590,52201,42836,95037,60294,59,1646735,25913,63.5,95037,1646735,6.099999904632568
2015,322,전남도립대학교,전문대학,공립,전남,C그룹,54116,1004,55120,73406,1157,74563,1,1,1686,0,2,5013,181,0,181,1494,579,2073,1534,0,74563,1463,51.0,2073,74563,2.900000095367432
2015,323,전북과학대학교,전문대학,사립,전북,C그룹,0,0,0,42833,3941,46774,1,0,3100,0,1,6428,55,0,55,2025,347,2372,0,0,46774,1630,28.700000762939453,2372,46774,5.300000190734863
2015,324,전북대학교,대학,국립,전북,A그룹,487899,237829,725728,1255457,352164,1607621,34,34,57085,0,68,101542,1095,802,1897,18320,36900,55220,40518,0,1607621,23841,67.4000015258789,55220,1607621,3.5999999046325684
2015,325,전주교육대학교,대학,국립,전북,C그룹,110231,10957,121188,247710,14699,262409,3,4,2507,0,7,6487,283,48,331,2391,1428,3819,1967,0,262409,1500,174.89999389648438,3819,262409,1.5
2015,326,전주기전대학,전문대학,사립,전북,C그룹,38496,2176,40672,83652,3838,87490,0,0,4395,0,0,4395,98,0,98,374,0,374,374,1380,87490,1869,46.79999923706055,374,87490,0.4000000059604645
2015,327,전주대학교,대학,사립,전북,A그룹,254363,66286,320649,504825,131276,636101,7,4,15094,0,11,161618,428,75,503,13256,3012,16268,9413,9361,636101,12575,50.59999847412109,16268,636101,2.5999999046325684
2015,328,전주비전대학교,전문대학,사립,전북,B그룹,67563,6774,74337,106061,8016,114077,0,0,3105,0,0,3242,191,2,193,3850,1661,5511,2937,0,114077,3443,33.099998474121094,5511,114077,5.099999904632568
2015,329,제네바신학대학원대학교,대학원대학,사립,경기,-,0,0,0,0,0,0,0,0,0,0,0,0,0,0,0,0,0,0,0,0,0,0,0.0,0,0,0.0
2015,330,제주관광대학교,전문대학,사립,제주,C그룹,39427,1188,40615,48875,1476,50351,0,2,4676,0,2,4676,141,9,150,1004,206,1210,1023,0,50351,2306,21.799999237060547,1210,50351,2.5
2015,331,제주국제대학교,대학,사립,제주,C그룹,52923,6854,59777,62475,8278,70753,0,0,7883,0,0,7883,138,0,138,1578,0,1578,1227,0,70753,1379,51.29999923706055,1578,70753,2.299999952316284
2015,332,제주대학교,대학,국립,제주,A그룹,466590,163062,629652,948764,278685,1227449,27,18,35167,0,45,75195,857,305,1162,16180,10112,26292,13281,0,1227449,12487,98.3000030517578,26292,1227449,2.200000047683716
2015,333,제주한라대학교,전문대학,사립,제주,A그룹,71187,9268,80455,100023,11080,111103,2,29,128611,0,31,133785,211,5,216,6424,323,6747,6460,194,111103,5270,21.100000381469727,6747,111103,6.5
2015,334,조선간호대학교,전문대학,사립,광주,C그룹,16456,622,17078,17495,622,18117,0,0,204,0,0,204,7,0,7,1109,0,1109,950,0,18117,835,21.700000762939453,1109,18117,6.5
2015,335,조선대학교,대학,사립,광주,A그룹,412002,167618,579620,840827,374341,1215168,25,14,61714,0,39,96645,981,241,1222,21507,4323,25830,13921,0,1215168,22697,53.5,25830,1215168,2.200000047683716
2015,336,조선이공대학교,전문대학,사립,광주,B그룹,63224,18275,81499,75807,20765,96572,0,0,12192,0,0,12523,19,0,19,3586,50,3636,3021,998,96572,3611,26.700000762939453,3636,96572,3.900000095367432
2015,337,주안대학원대학교,대학원대학,사립,인천,-,0,0,0,12716,3921,16637,0,0,0,0,0,0,10,1,11,650,66,716,510,62,16637,30,554.5999755859375,716,16637,4.5
2015,338,중부대학교,대학,사립,충남,B그룹,157890,37141,195031,288985,49472,338457,7,12,162670,0,19,195638,564,41,605,9717,3026,12743,9389,0,338457,9877,34.29999923706055,12743,338457,3.900000095367432
2015,339,중앙대학교,대학,사립,서울,A그룹,451847,283344,735191,1361904,507470,1869374,39,62,177086,0,101,289555,956,239,1195,27529,7444,34973,25273,29039,1869374,29150,64.0999984741211,34973,1869374,1.899999976158142
2015,340,중앙승가대학교,대학,사립,경기,C그룹,51441,8212,59653,72726,10939,83665,1,1,0,0,2,3324,536,18,554,918,1386,2304,1613,1,83665,291,287.5,2304,83665,2.799999952316284
2015,341,중원대학교,대학,사립,충북,C그룹,37596,9189,46785,45479,9945,55424,2,2,3594,0,4,7815,46,17,63,5355,432,5787,5481,0,55424,3578,15.5,5787,55424,11.699999809265137
2015,342,진주교육대학교,대학,국립,경남,C그룹,125332,11402,136734,260370,11449,271819,0,3,3064,0,3,3064,32,18,50,8566,1134,9700,3700,0,271819,1790,151.89999389648438,9700,271819,3.700000047683716
2015,343,진주보건대학교,전문대학,사립,경남,B그룹,53163,1854,55017,73746,2249,75995,1,3,0,0,4,29,447,2,449,2718,1427,4145,4145,0,75995,2846,26.700000762939453,4145,75995,5.800000190734863
2015,344,차의과학대학교,대학,사립,경기,C그룹,0,0,0,35316,16506,51822,3,4,631,0,7,4099,119,10,129,1478,1226,2704,2340,0,51822,2431,21.299999237060547,2704,51822,5.5
2015,345,창신대학교,대학,사립,경남,C그룹,68033,3262,71295,103713,4725,108438,0,1,3849,0,1,3849,107,0,107,2290,411,2701,859,0,108438,1340,80.9000015258789,2701,108438,2.5999999046325684
2015,346,창원문성대학교,전문대학,사립,경남,C그룹,82706,2655,85361,167403,5657,173060,1,0,4590,0,1,6427,114,4,118,6942,326,7268,4087,0,173060,4007,43.20000076293945,7268,173060,4.400000095367432
2015,347,청강문화산업대학교,전문대학,사립,경기,B그룹,72884,14105,86989,135577,14876,150453,1,3,7600,0,4,9438,106,74,180,5795,224,6019,4983,0,150453,3699,40.70000076293945,6019,150453,4.199999809265137
2015,348,청암대학교,전문대학,사립,전남,B그룹,54482,7393,61875,69135,12038,81173,0,5,1743,0,5,2058,58,4,62,2825,11820,14645,6026,0,81173,2964,27.399999618530277,14645,81173,22.0
2015,349,청운대학교,대학,사립,충남,B그룹,228714,49487,278201,464854,58412,523266,5,8,63794,0,13,72728,364,65,429,13650,1737,15387,11414,0,523266,6803,76.9000015258789,15387,523266,3.0
2015,350,청주교육대학교,대학,국립,충북,C그룹,129117,10243,139360,226836,22865,249701,0,7,1909,0,7,1910,154,54,208,13892,1548,15440,7997,0,249701,1693,147.5,15440,249701,6.599999904632568
2015,351,청주대학교,대학,사립,충북,A그룹,396760,154569,551329,829760,253686,1083446,21,21,37099,0,42,65299,794,241,1035,11824,4015,15839,9309,0,1083446,12805,84.5999984741211,15839,1083446,1.5
2015,352,초당대학교,대학,사립,전남,C그룹,155038,25748,180786,255905,31404,287309,4,4,14704,0,8,20650,179,9,188,4049,3882,7931,5853,0,287309,3637,79.0,7931,287309,2.799999952316284
2015,353,총신대학교,대학,사립,서울,C그룹,95958,69978,165936,224584,115514,340098,6,10,10789,0,16,20657,324,154,478,8875,2170,11045,7358,0,340098,3978,85.5,11045,340098,3.400000095367432
2015,354,추계예술대학교,대학,사립,서울,C그룹,95493,7582,103075,107940,8357,116297,2,3,3383,0,5,9436,152,44,196,4581,303,4884,4644,4,116297,1377,84.5,4884,116297,4.400000095367432
2015,355,춘천교육대학교,대학,국립,강원,C그룹,182724,5483,188207,293140,7083,300223,4,7,6970,0,11,12405,110,0,110,7491,752,8243,5786,0,300223,1899,158.10000610351562,8243,300223,2.799999952316284
2015,356,춘해보건대학교,전문대학,사립,울산,B그룹,52299,1697,53996,62424,2144,64568,1,4,10195,0,5,13519,86,1,87,3938,325,4263,4018,0,64568,2655,24.299999237060547,4263,64568,7.099999904632568
2015,357,충남대학교,대학,국립,대전,A그룹,525973,249466,775439,1179619,452412,1632031,20,36,20706,0,56,60994,664,872,1536,10037,5743,15780,10480,61,1632031,24263,67.30000305175781,15780,1632031,1.0
2015,358,충남도립대학교,전문대학,공립,충남,C그룹,40296,2906,43202,62153,3406,65559,0,1,662,0,1,662,489,28,517,671,830,1501,1231,0,65559,1121,58.5,1501,65559,2.299999952316284
2015,359,충북대학교,대학,국립,충북,A그룹,394088,145416,539504,872711,238276,1110987,35,31,44458,0,66,66838,936,337,1273,25742,6514,32256,19947,63,1110987,18552,59.900001525878906,32256,1110987,3.0
2015,360,충북도립대학교,전문대학,공립,충북,C그룹,35243,1202,36445,55933,1586,57519,0,4,2010,0,4,2010,65,20,85,1975,30,2005,985,0,57519,1028,56.0,2005,57519,3.5999999046325684
2015,361,충북보건과학대학교,전문대학,사립,충북,B그룹,68225,4427,72652,112454,5610,118064,0,2,3485,0,2,3485,165,0,165,2342,407,2749,1961,0,118064,2898,40.70000076293945,2749,118064,2.400000095367432
2015,362,충청대학교,전문대학,사립,충북,B그룹,80568,11128,91696,122611,13560,136171,5,7,3347,0,12,11260,200,8,208,2898,359,3257,2027,0,136171,4965,27.399999618530277,3257,136171,2.5
2015,363,치유상담대학원대학교,대학원대학,사립,서울,-,0,0,0,10568,3798,14366,0,1,0,0,1,0,5,5,10,250,250,500,0,0,14366,145,99.0999984741211,500,14366,3.5999999046325684
2015,364,칼빈대학교,대학,사립,경기,C그룹,37492,19587,57079,71700,25691,97391,0,3,6422,0,3,6422,173,26,199,2027,1387,3414,2780,0,97391,639,152.39999389648438,3414,97391,3.5999999046325684
2015,365,탐라대학교,대학,사립,제주,C그룹,0,0,0,0,0,0,0,0,0,0,0,0,0,0,0,0,0,0,0,0,0,0,0.0,0,0,0.0
2015,366,평택대학교,대학,사립,경기,C그룹,182586,76465,259051,263353,88359,351712,6,7,8760,0,13,15034,146,119,265,9112,3752,12864,9184,0,351712,4733,74.30000305175781,12864,351712,3.799999952316284
2015,367,포항공과대학교,대학,사립,경북,C그룹,88783,172708,261491,115713,308276,423989,28,10,212711,0,38,220707,124,125,249,4745,1635,6380,3748,40501,423989,3151,134.60000610351562,6380,423989,1.5
2015,368,포항대학교,전문대학,사립,경북,C그룹,46390,2981,49371,85146,3544,88690,0,2,0,0,2,0,73,0,73,3546,0,3546,1884,0,88690,2382,37.20000076293945,3546,88690,4.199999809265137
2015,369,한경국립대학교,대학,국립,경기,B그룹,204899,40820,245719,407715,55132,462847,8,7,10420,0,15,22597,182,50,232,21783,318,22101,11829,0,462847,7042,65.69999694824219,22101,462847,5.0
2015,370,한국개발연구원국제정책대학원대학교,대학원대학,사립,세종,-,66194,59084,125278,71822,230072,301894,16,35,296192,0,51,308141,1,16,17,1053,232,1285,1093,0,301894,678,445.2999877929688,1285,301894,0.4000000059604645
2015,371,한국골프과학기술대학교,전문대학,사립,강원,C그룹,4642,29,4671,6108,32,6140,0,0,0,0,0,0,38,0,38,630,435,1065,1065,0,6140,407,15.100000381469728,1065,6140,21.0
2015,372,한국공학대학교,대학,사립,경기,B그룹,71344,8667,80011,129845,11370,141215,12,4,10796,0,16,19738,191,47,238,3558,2681,6239,5723,0,141215,7894,17.899999618530273,6239,141215,4.599999904632568
2015,373,한국과학기술원,대학,국립,대전,A그룹,200396,126161,326557,282974,253724,536698,53,69,78011,0,122,88055,232,2417,2649,9390,2821,12211,12211,673,536698,10616,50.59999847412109,12211,536698,2.299999952316284
2015,374,한국관광대학교,전문대학,사립,경기,C그룹,36907,1067,37974,62665,1423,64088,1,2,4551,0,3,7875,129,1,130,5354,852,6206,3243,0,64088,2134,30.0,6206,64088,10.699999809265137
2015,375,한국교원대학교,대학,국립,충북,B그룹,225149,65063,290212,470197,108390,578587,16,16,23231,0,32,55437,452,84,536,13646,2271,15917,8144,0,578587,5630,102.8000030517578,15917,578587,2.799999952316284
2015,376,한국국제대학교,대학,사립,경남,C그룹,72983,6421,79404,113387,9172,122559,0,2,1460,0,2,4421,207,0,207,8794,426,9220,5281,0,122559,3839,31.899999618530277,9220,122559,8.100000381469727
2015,377,한국기술교육대학교,대학,사립,충남,C그룹,117520,31379,148899,274410,45424,319834,8,7,16458,0,15,48909,233,128,361,13972,8665,22637,13050,0,319834,5050,63.29999923706055,22637,319834,7.599999904632568
2015,378,한국농수산대학교,전문대학,국립,전북,C그룹,46166,3416,49582,60245,3738,63983,1,3,11137,0,4,18337,220,30,250,656,289,945,776,0,63983,1183,54.09999847412109,945,63983,1.5
2015,379,한국방송통신대학교,대학,국립,서울,A그룹,205481,61329,266810,1084026,106123,1190149,11,16,39175,0,27,106518,53,55,108,23900,7293,31193,26549,0,1190149,136642,8.699999809265137,31193,1190149,2.700000047683716
2015,380,한국복지사이버대학교,전문대학,사립,경북,B그룹,0,0,0,0,0,0,0,0,0,0,0,0,0,0,0,0,0,0,0,0,0,0,0.0,0,0,0.0
2015,381,한국상담대학원대학교,대학원대학,사립,서울,-,9968,769,10737,9968,769,10737,0,3,0,0,3,0,0,0,0,143,945,1088,1088,0,10737,177,60.70000076293945,1088,10737,11.300000190734863
2015,382,한국성서대학교,대학,사립,서울,C그룹,76556,17886,94442,132663,23623,156286,0,7,30409,0,7,30411,1554,29,1583,1761,6470,8231,5797,0,156286,1307,119.5999984741211,8231,156286,5.599999904632568
2015,383,한국승강기대학교,전문대학,사립,경남,C그룹,19944,28,19972,22886,34,22920,0,0,478,0,0,478,50,0,50,1189,0,1189,1067,0,22920,518,44.20000076293945,1189,22920,5.5
2015,384,한국에너지공과대학교,대학,국립,전남,C그룹,0,0,0,0,0,0,0,0,0,0,0,0,0,0,0,0,0,0,0,0,0,0,0.0,0,0,0.0
2015,385,한국열린사이버대학교,대학,사립,서울,B그룹,1422,0,1422,1422,0,1422,0,0,1422,0,0,1422,0,0,0,0,0,0,0,0,1422,2820,0.5,0,1422,0.0
2015,386,한국영상대학교,전문대학,사립,세종,B그룹,47594,1469,49063,86092,2243,88335,0,1,4510,0,1,4544,81,8,89,4283,2055,6338,3171,0,88335,3458,25.5,6338,88335,7.699999809265137
2015,387,한국예술종합학교,대학,국립,서울,C그룹,77825,44762,122587,145076,57010,202086,5,17,10051,0,22,16896,184,248,432,11436,2871,14307,12149,0,202086,2652,76.19999694824219,14307,202086,7.599999904632568
2015,388,한국외국어대학교,대학,사립,서울,A그룹,456709,318412,775121,1105859,521285,1627144,23,42,87919,0,65,134512,1716,848,2564,41913,8181,50094,30120,134,1627144,19092,85.19999694824219,50094,1627144,3.200000047683716
2015,389,한국전력국제원자력대학원대학교,대학원대학,사립,울산,-,2239,3081,5320,2239,3081,5320,1,0,0,0,1,2260,8,8,16,1015,0,1015,1015,0,5320,106,50.20000076293945,1015,5320,23.600000381469727
2015,390,한국전통문화대학교,대학,국립,충남,C그룹,70112,13744,83856,158445,21187,179632,6,9,4145,0,15,14275,98,47,145,6758,3805,10563,6852,0,179632,673,266.8999938964844,10563,179632,6.199999809265137
2015,391,한국정보통신대학교,대학,사립,대전,C그룹,0,0,0,0,0,0,0,0,0,0,0,0,0,0,0,0,0,0,0,0,0,0,0.0,0,0,0.0
2015,392,한국철도대학,전문대학,국립,경기,C그룹,0,0,0,0,0,0,0,0,0,0,0,0,0,0,0,0,0,0,0,0,0,0,0.0,0,0,0.0
2015,393,한국체육대학교,대학,국립,서울,C그룹,70716,17349,88065,114011,21994,136005,0,3,15806,0,3,15806,157,33,190,4012,635,4647,3687,0,136005,3057,44.5,4647,136005,3.5
2015,394,한국침례신학대학교,대학,사립,대전,C그룹,89240,35530,124770,157100,49077,206177,5,3,9688,0,8,15080,133,89,222,4889,266,5155,4201,0,206177,2417,85.30000305175781,5155,206177,2.5999999046325684
2015,395,한국폴리텍Ⅰ대학서울강서캠퍼스,전문대학,사립,서울,C그룹,3910,0,3910,3910,0,3910,0,0,0,0,0,0,5,0,5,304,0,304,7,0,3910,662,5.900000095367432,304,3910,8.399999618530273
2015,396,한국폴리텍Ⅰ대학서울정수캠퍼스,전문대학,사립,서울,C그룹,10,3,13,7204,11,7215,0,0,0,0,0,0,16,0,16,410,0,410,10,1574,7215,1516,4.800000190734863,410,7215,6.0
2015,397,한국폴리텍Ⅰ대학성남캠퍼스,전문대학,사립,경기,C그룹,6838,0,6838,7210,0,7210,0,0,0,0,0,0,0,0,0,671,0,671,0,0,7210,1053,6.800000190734863,671,7210,10.300000190734863
2015,398,한국폴리텍Ⅰ대학제주캠퍼스,전문대학,사립,제주,C그룹,0,0,0,0,0,0,0,0,0,0,0,0,0,0,0,0,0,0,0,0,0,0,0.0,0,0,0.0
2015,399,한국폴리텍Ⅱ대학남인천캠퍼스,전문대학,사립,인천,C그룹,0,0,0,0,0,0,0,0,0,0,0,0,0,0,0,0,0,0,0,0,0,0,0.0,0,0,0.0
2015,400,한국폴리텍Ⅱ대학인천캠퍼스,전문대학,사립,인천,C그룹,10254,0,10254,10254,0,10254,0,0,0,0,0,0,0,0,0,1251,0,1251,1251,5678,10254,2328,4.400000095367432,1251,10254,13.899999618530272
2015,401,한국폴리텍Ⅱ대학화성캠퍼스,전문대학,사립,경기,C그룹,0,0,0,0,0,0,0,0,0,0,0,0,0,0,0,0,0,0,0,0,0,0,0.0,0,0,0.0
2015,402,한국폴리텍Ⅲ대학강릉캠퍼스,전문대학,사립,강원,C그룹,1662,0,1662,1954,0,1954,0,0,0,0,0,0,13,0,13,192,24,216,195,0,1954,72,27.100000381469727,216,1954,12.399999618530272
2015,403,한국폴리텍Ⅲ대학원주캠퍼스,전문대학,사립,강원,C그룹,0,0,0,0,0,0,0,0,0,0,0,0,0,0,0,0,0,0,0,0,0,0,0.0,0,0,0.0
2015,404,한국폴리텍Ⅲ대학춘천캠퍼스,전문대학,사립,강원,C그룹,5913,0,5913,7038,0,7038,0,0,0,0,0,0,0,0,0,426,0,426,426,0,7038,404,17.399999618530273,426,7038,6.400000095367432
2015,405,한국폴리텍Ⅳ대학대전캠퍼스,전문대학,사립,대전,C그룹,0,0,0,0,0,0,0,0,0,0,0,0,0,0,0,0,0,0,0,0,0,0,0.0,0,0,0.0
2015,406,한국폴리텍Ⅳ대학아산캠퍼스,전문대학,사립,충남,C그룹,5210,0,5210,6688,6,6694,6,0,0,0,6,0,0,0,0,300,5,305,223,0,6694,554,12.100000381469728,305,6694,4.800000190734863
2015,407,한국폴리텍Ⅳ대학청주캠퍼스,전문대학,사립,충북,C그룹,3802,7,3809,4511,7,4518,0,0,0,0,0,0,5,0,5,658,0,658,579,0,4518,766,5.900000095367432,658,4518,17.0
2015,408,한국폴리텍Ⅳ대학충남캠퍼스,전문대학,사립,충남,C그룹,0,0,0,4790,0,4790,0,0,0,0,0,0,13,0,13,311,0,311,0,0,4790,265,18.100000381469727,311,4790,6.900000095367432
2015,409,한국폴리텍Ⅴ대학광주캠퍼스,전문대학,사립,광주,C그룹,10,0,10,10458,411,10869,0,0,0,0,0,0,0,0,0,744,0,744,10,0,10869,871,12.5,744,10869,7.300000190734863
2015,410,한국폴리텍Ⅴ대학순천캠퍼스,전문대학,사립,전남,C그룹,0,0,0,0,0,0,0,0,0,0,0,0,0,0,0,0,0,0,0,0,0,0,0.0,0,0,0.0
2015,411,한국폴리텍Ⅴ대학익산캠퍼스,전문대학,사립,전북,C그룹,2624,0,2624,2742,0,2742,0,0,0,0,0,0,0,0,0,228,75,303,289,0,2742,57,48.09999847412109,303,2742,12.399999618530272
2015,412,한국폴리텍Ⅴ대학전남캠퍼스,전문대학,사립,전남,C그룹,12,12,24,7494,2300,9794,0,0,0,0,0,0,0,0,0,290,0,290,7,0,9794,283,34.599998474121094,290,9794,3.0999999046325684
2015,413,한국폴리텍Ⅴ대학전북캠퍼스,전문대학,사립,전북,C그룹,10,0,10,4421,0,4421,0,0,0,0,0,0,0,0,0,226,0,226,0,0,4421,597,7.400000095367432,226,4421,5.400000095367432
2015,414,한국폴리텍Ⅵ대학구미캠퍼스,전문대학,사립,경북,C그룹,0,0,0,7893,0,7893,0,0,0,0,0,0,0,0,0,365,0,365,0,0,7893,606,13.0,365,7893,4.800000190734863
2015,415,한국폴리텍Ⅵ대학대구캠퍼스,전문대학,사립,대구,C그룹,7060,0,7060,7915,0,7915,0,0,0,0,0,0,17,0,17,815,0,815,802,845,7915,1096,7.199999809265137,815,7915,11.5
2015,416,한국폴리텍Ⅵ대학영남융합기술캠퍼스,전문대학,사립,대구,C그룹,4390,0,4390,6238,0,6238,0,0,0,0,0,0,0,0,0,232,0,232,0,0,6238,408,15.300000190734863,232,6238,3.900000095367432
2015,417,한국폴리텍Ⅵ대학영주캠퍼스,전문대학,사립,경북,C그룹,11,0,11,1444,0,1444,0,0,205,0,0,205,0,0,0,0,0,0,0,0,1444,49,29.5,0,1444,0.0
2015,418,한국폴리텍Ⅶ대학동부산캠퍼스,전문대학,사립,부산,C그룹,0,0,0,0,0,0,0,0,0,0,0,0,0,0,0,0,0,0,0,0,0,0,0.0,0,0,0.0
2015,419,한국폴리텍Ⅶ대학부산캠퍼스,전문대학,사립,부산,C그룹,8485,0,8485,10266,0,10266,0,0,0,0,0,0,0,0,0,737,0,737,589,0,10266,1022,10.0,737,10266,7.699999809265137
2015,420,한국폴리텍Ⅶ대학울산캠퍼스,전문대학,사립,울산,C그룹,5352,0,5352,6674,0,6674,0,0,349,0,0,349,0,0,0,605,0,605,541,0,6674,907,7.400000095367432,605,6674,10.0
2015,421,한국폴리텍Ⅶ대학진주캠퍼스,전문대학,사립,경남,C그룹,0,0,0,0,0,0,0,0,0,0,0,0,0,0,0,0,0,0,0,0,0,0,0.0,0,0,0.0
2015,422,한국폴리텍Ⅶ대학창원캠퍼스,전문대학,사립,경남,C그룹,0,0,0,23033,4624,27657,0,0,0,0,0,0,19,0,19,1555,0,1555,0,865,27657,1541,17.899999618530273,1555,27657,6.0
2015,423,한국폴리텍특성화 로봇캠퍼스,전문대학,사립,경북,C그룹,0,0,0,0,0,0,0,0,0,0,0,0,0,0,0,0,0,0,0,0,0,0,0.0,0,0,0.0
2015,424,한국폴리텍특성화 바이오캠퍼스,전문대학,사립,충남,C그룹,2796,0,2796,2977,0,2977,0,0,0,0,0,0,0,0,0,147,0,147,143,0,2977,386,7.699999809265137,147,2977,5.199999809265137
2015,425,한국폴리텍특성화 반도체융합캠퍼스,전문대학,사립,경기,C그룹,8000,0,8000,9126,0,9126,0,0,0,0,0,0,0,0,0,535,0,535,68,0,9126,647,14.100000381469728,535,9126,6.199999809265137
2015,426,한국폴리텍특성화 항공캠퍼스,전문대학,사립,경남,C그룹,0,0,0,4290,200,4490,0,0,0,0,0,0,0,0,0,200,0,200,200,0,4490,506,8.899999618530273,200,4490,4.699999809265137
2015,427,한국학대학원,대학원대학,국립,경기,-,0,0,0,0,0,0,0,0,0,0,0,0,0,0,0,0,0,0,0,0,0,0,0.0,0,0,0.0
2015,428,한국항공대학교,대학,사립,경기,C그룹,102882,46570,149452,166571,59951,226522,14,12,5567,0,26,22366,115,45,160,3264,669,3933,3166,0,226522,4729,47.900001525878906,3933,226522,1.7999999523162842
2015,429,한남대학교,대학,사립,대전,A그룹,281731,115447,397178,576452,206489,782941,8,17,6854,0,25,36583,501,68,569,13078,5401,18479,9682,0,782941,13857,56.5,18479,782941,2.400000095367432
2015,430,한동대학교,대학,사립,경북,C그룹,92980,55717,148697,139614,82279,221893,9,7,22346,0,16,34132,99,232,331,4189,3035,7224,5195,0,221893,4447,49.900001525878906,7224,221893,3.400000095367432
2015,431,한라대학교,대학,사립,강원,C그룹,61287,5305,66592,86808,5760,92568,4,1,5981,0,5,29891,147,44,191,1695,594,2289,2107,0,92568,4181,22.100000381469727,2289,92568,2.5
2015,432,한려대학교,대학,사립,전남,C그룹,41262,0,41262,98496,0,98496,0,0,0,0,0,0,36,0,36,0,10224,10224,426,0,98496,729,135.10000610351562,10224,98496,11.600000381469728
2015,433,한림국제대학원대학교,대학원대학,사립,서울,-,2000,1200,3200,2701,1269,3970,0,0,0,0,0,0,2,0,2,18,15,33,33,0,3970,218,18.200000762939453,33,3970,0.800000011920929
2015,434,한림대학교,대학,사립,강원,B그룹,210653,153080,363733,429078,292930,722008,19,12,4884,0,31,22069,525,274,799,22156,2418,24574,13122,0,722008,9480,76.19999694824219,24574,722008,3.5
2015,435,한림성심대학교,전문대학,사립,강원,B그룹,67085,4457,71542,117921,6139,124060,0,4,4362,0,4,5500,211,2,213,6413,842,7255,3604,0,124060,3339,37.20000076293945,7255,124060,6.199999809265137
2015,436,한민학교,대학,사립,충남,C그룹,0,0,0,0,0,0,0,0,0,0,0,0,0,0,0,0,0,0,0,0,0,0,0.0,0,0,0.0
2015,437,한반도국제대학원대학교,대학원대학,사립,서울,-,12541,2448,14989,12571,2456,15027,0,0,0,0,0,0,26,0,26,59,494,553,533,3,15027,64,234.8000030517578,553,15027,3.799999952316284
2015,438,한북대학교,대학,사립,경기,C그룹,0,0,0,0,0,0,0,0,0,0,0,0,0,0,0,0,0,0,0,0,0,0,0.0,0,0,0.0
2015,439,한서대학교,대학,사립,충남,B그룹,187728,219069,406797,303444,343028,646472,7,7,20984,0,14,52280,113,43,156,2967,15289,18256,6957,17291,646472,8011,80.69999694824219,18256,646472,2.900000095367432
2015,440,한성대학교,대학,사립,서울,B그룹,342908,119894,462802,490620,145889,636509,12,28,160474,0,40,191235,691,104,795,22264,5178,27442,24737,16427,636509,7837,81.19999694824219,27442,636509,4.5
2015,441,한세대학교,대학,사립,경기,C그룹,113420,70133,183553,185057,78122,263179,2,3,55466,0,5,68306,116,29,145,1361,634,1995,1138,0,263179,3640,72.30000305175781,1995,263179,0.800000011920929
2015,442,한신대학교,대학,사립,경기,B그룹,172169,91360,263529,350452,143178,493630,1,11,2908,0,12,2926,455,123,578,7686,3734,11420,6984,19,493630,5934,83.19999694824219,11420,493630,2.400000095367432
2015,443,한양대학교,대학,사립,서울,A그룹,539622,368000,907622,920802,549421,1470223,37,48,113572,0,85,203709,1591,495,2086,17611,17434,35045,31415,27115,1470223,22325,65.9000015258789,35045,1470223,2.400000095367432
2015,444,한양대학교(ERICA),대학,사립,경기,A그룹,279358,137894,417252,643433,250123,893556,15,8,161911,0,23,180952,293,209,502,8436,3546,11982,10389,13,893556,10570,84.5,11982,893556,1.399999976158142
2015,445,한양여자대학교,전문대학,사립,서울,A그룹,69458,10303,79761,150686,14593,165279,1,1,3125,0,2,5725,304,17,321,8753,706,9459,5185,74,165279,6789,24.299999237060547,9459,165279,6.099999904632568
2015,446,한영대학교,전문대학,사립,전남,C그룹,4511,59,4570,24594,394,24988,0,0,0,0,0,0,4,0,4,711,0,711,25,502,24988,1355,18.399999618530277,711,24988,2.900000095367432
2015,447,한일장신대학교,대학,사립,전북,C그룹,67801,17956,85757,161837,24939,186776,3,2,4455,0,5,8604,97,8,105,1405,2005,3410,2688,0,186776,1219,153.1999969482422,3410,186776,1.899999976158142
2015,448,한중대학교,대학,사립,강원,C그룹,46522,3504,50026,53900,8601,62501,0,0,0,0,0,0,120,0,120,674,52,726,592,0,62501,1415,44.20000076293945,726,62501,1.2000000476837158
2015,449,합동신학대학원대학교,대학원대학,사립,경기,-,58113,24559,82672,84383,35487,119870,2,6,16921,0,8,20003,116,79,195,2747,1637,4384,4004,0,119870,326,367.7000122070313,4384,119870,3.799999952316284
2015,450,해군사관학교,기타,기타,경남,-,162483,3414,165897,231358,3598,234956,0,3,6756,0,3,6760,197,27,224,4411,2826,7237,6258,0,234956,0,0.0,7237,234956,3.200000047683716
2015,451,협성대학교,대학,사립,경기,C그룹,160266,48950,209216,246546,89156,335702,8,8,21431,0,16,582332,271,118,389,4091,1753,5844,4938,0,335702,5104,65.80000305175781,5844,335702,1.7999999523162842
2015,452,혜전대학교,전문대학,사립,충남,B그룹,88908,4064,92972,132373,4659,137032,2,0,2850,0,2,6954,248,0,248,4462,1170,5632,3457,5861,137032,3235,42.400001525878906,5632,137032,4.300000190734863
2015,453,호남대학교,대학,사립,광주,B그룹,179982,158961,338943,343376,280870,624246,5,4,11025,0,9,26920,308,138,446,8782,2697,11479,6517,0,624246,8349,74.80000305175781,11479,624246,1.899999976158142
2015,454,호남신학대학교,대학,사립,광주,C그룹,70668,56790,127458,101118,62006,163124,4,8,35891,0,12,35920,236,106,342,5186,1318,6504,5981,0,163124,1008,161.8000030517578,6504,163124,4.199999809265137
2015,455,호산대학교,전문대학,사립,경북,C그룹,39411,1291,40702,64999,2031,67030,2,1,1318,0,3,4846,68,2,70,2459,562,3021,2887,0,67030,2201,30.5,3021,67030,4.699999809265137
2015,456,호서대학교,대학,사립,충남,A그룹,268612,118654,387266,595701,272675,868376,15,26,88718,0,41,155104,426,6,432,16398,6053,22451,15309,2249,868376,14244,61.0,22451,868376,2.700000047683716
2015,457,호원대학교,대학,사립,전북,B그룹,209386,63169,272555,347889,84887,432776,2,11,23834,0,13,43540,144,4,148,10959,6678,17637,12409,11298,432776,5855,73.9000015258789,17637,432776,4.199999809265137
2015,458,홍익대학교,대학,사립,서울,A그룹,785997,218528,1004525,1487135,333080,1820215,35,39,65078,0,74,104855,1421,383,1804,25092,7467,32559,26742,23697,1820215,22119,82.30000305175781,32559,1820215,1.7999999523162842
2015,459,화성의과학대학교,대학,사립,경기,C그룹,9311,16,9327,16886,74,16960,0,0,0,0,0,0,68,0,68,216,511,727,654,0,16960,905,18.700000762939453,727,16960,4.5
2015,460,화신사이버대학교,대학,사립,부산,C그룹,3917,0,3917,17065,0,17065,0,1,14575,0,1,14575,0,0,0,0,0,0,0,0,17065,1121,15.199999809265137,0,17065,0.0
2015,461,횃불트리니티신학대학원대학교,대학원대학,사립,서울,-,28005,27554,55559,36271,33048,69319,2,5,133,0,7,3184,116,146,262,1092,180,1272,1101,252,69319,435,159.39999389648438,1272,69319,1.899999976158142
