YR,ID,SNM,STYP,FND,RGN,USC,BR_TCNT_KB,BR_TCNT_OB,BR_TCNT_SUM,BR_BCNT_KB,BR_BCNT_OB,BR_BCNT_SUM,ER_EJN_PKG,ER_WDB_PKG,ER_EB_TCNT,ER_ELV_PKG,ER_TTL_PKG,ER_TTL_TCNT,SRL_KR,SRL_OT,SRL_TTL,AHC_ABI_BUY,AHC_ABI_DON,AHC_ABI_TTL,AHC_ATI,AHC_ARM,BPS_BO,BPS_SCP,BPS_BPS,GRR_AHBC,GRR_BO,GRR_GRR
2022,1,ICT폴리텍대학,전문대학,사립,경기,C그룹,6893,241,7134,9440,246,9686,0,0,0,0,0,0,0,0,0,138,0,138,120,0,9686,261,37.09999847412109,138,9686,1.399999976158142
2022,2,가야대학교,대학,사립,경남,C그룹,122251,45847,168098,184688,47998,232686,14,9,109160,0,23,109160,1517,55,1572,5139,636,5775,5242,0,232686,2121,109.6999969482422,5775,232686,2.5
2022,3,가천대학교,대학,사립,경기,A그룹,394245,157348,551593,965192,202477,1167669,37,40,82389,7,84,82389,6,0,6,24191,5712,29903,22629,0,1167669,21928,53.29999923706055,29903,1167669,2.5999999046325684
2022,4,가톨릭관동대학교,대학,사립,강원,B그룹,248768,175638,424406,529668,224590,754258,17,20,163685,4,41,163685,348,2,350,11988,4864,16852,12984,18705,754258,7879,95.6999969482422,16852,754258,2.299999952316284
2022,5,가톨릭꽃동네대학교,대학,사립,충북,C그룹,38552,11536,50088,53912,11987,65899,14,9,10196,0,23,10196,36,1,37,737,8,745,252,0,65899,491,134.1999969482422,745,65899,1.100000023841858
2022,6,가톨릭대학교,대학,사립,경기,A그룹,444554,260607,705161,741972,411845,1153817,96,68,463407,5,169,463407,974,226,1200,21391,3161,24552,19942,44232,1153817,10444,110.5,24552,1153817,2.200000047683716
2022,7,가톨릭상지대학교,전문대학,사립,경북,C그룹,70165,2989,73154,112717,4160,116877,12,11,62937,1,24,62937,149,0,149,3162,49,3211,2726,1490,116877,1865,62.70000076293945,3211,116877,2.799999952316284
2022,8,감리교신학대학교,대학,사립,서울,C그룹,64820,119066,183886,100441,136151,236592,10,12,76100,4,26,76100,50,17,67,3666,570,4236,4056,957,236592,1448,163.39999389648438,4236,236592,1.7999999523162842
2022,9,강남대학교,대학,사립,경기,B그룹,276586,80003,356589,423210,140908,564118,17,17,54348,1,35,54348,104,43,147,9413,549,9962,5228,0,564118,6991,80.69999694824219,9962,564118,1.7999999523162842
2022,10,강동대학교,전문대학,사립,충북,B그룹,113236,1314,114550,138853,1399,140252,12,11,118538,0,23,118538,25,0,25,2694,250,2944,2881,0,140252,3053,45.900001525878906,2944,140252,2.0999999046325684
2022,11,강릉영동대학교,전문대학,사립,강원,B그룹,55143,14122,69265,84433,14946,99379,1,1,80500,0,2,80500,145,0,145,1477,0,1477,1070,0,99379,2443,40.70000076293945,1477,99379,1.5
2022,12,강서대학교,대학,사립,서울,C그룹,73126,20504,93630,95265,22668,117933,15,17,72787,3,35,72787,125,30,155,1683,644,2327,1862,1,117933,1840,64.0999984741211,2327,117933,2.0
2022,13,강원관광대학교,전문대학,사립,강원,C그룹,38903,235,39138,48029,272,48301,1,0,2237,0,1,2237,0,0,0,0,0,0,0,0,48301,597,80.9000015258789,0,48301,0.0
2022,14,강원대학교,대학,국립,강원,A그룹,830744,197075,1027819,1275458,315893,1591351,42,50,148777,0,92,148777,566,181,747,37137,3993,41130,38107,62255,1591351,21898,72.69999694824219,41130,1591351,2.700000047683716
2022,15,강원도립대학교,전문대학,공립,강원,C그룹,48678,1933,50611,59554,2149,61703,6,6,63596,1,13,63596,55,0,55,1642,289,1931,1626,2176,61703,579,106.5999984741211,1931,61703,3.200000047683716
2022,16,개신대학원대학교,대학원대학,사립,서울,-,17749,1060,18809,23896,1648,25544,2,0,82,0,2,82,45,1,46,278,17,295,266,0,25544,137,186.5,295,25544,1.2000000476837158
2022,17,거제대학교,전문대학,사립,경남,C그룹,55464,1715,57179,71420,1823,73243,1,1,3114,0,2,3114,90,0,90,1330,231,1561,1516,1173,73243,1066,68.69999694824219,1561,73243,2.200000047683716
2022,18,건국대학교,대학,사립,서울,A그룹,510792,182548,693340,1087761,254568,1342329,34,33,76223,1,68,76223,574,168,742,20058,4666,24724,13721,35952,1342329,20271,66.19999694824219,24724,1342329,1.899999976158142
2022,19,건국대학교(글로컬),대학,사립,충북,B그룹,288575,113558,402133,576226,148440,724666,18,23,149199,2,43,149199,189,28,217,15965,1534,17499,9035,14086,724666,7431,97.5,17499,724666,2.5
2022,20,건동대학교,대학,사립,경북,C그룹,0,0,0,0,0,0,0,0,0,0,0,0,0,0,0,0,0,0,0,0,0,0,0.0,0,0,0.0
2022,21,건신대학원대학교,대학원대학,사립,대전,-,12061,3464,15525,17666,5035,22701,2,0,39,0,2,39,8,0,8,113,446,559,483,0,22701,166,136.8000030517578,559,22701,2.5
2022,22,건양대학교,대학,사립,충남,B그룹,225191,44604,269795,355430,137265,492695,22,17,86922,0,39,86922,0,0,0,11214,436,11650,10687,909,492695,7336,67.19999694824219,11650,492695,2.400000095367432
2022,23,경기과학기술대학교,전문대학,사립,경기,A그룹,92924,48917,141841,109144,49192,158336,13,7,77459,0,20,77459,49,0,49,4404,50,4454,3998,3,158336,4276,37.0,4454,158336,2.900000095367432
2022,24,경기대학교,대학,사립,경기,A그룹,635870,92156,728026,1159806,175197,1335003,29,28,103693,7,64,103693,491,6,497,9926,3536,13462,10965,0,1335003,16112,82.9000015258789,13462,1335003,1.0
2022,25,경남대학교,대학,사립,경남,A그룹,530748,188423,719171,797309,216658,1013967,26,21,165915,0,47,165915,364,154,518,24521,2572,27093,25186,28875,1013967,11943,84.9000015258789,27093,1013967,2.700000047683716
2022,26,경남도립거창대학,전문대학,공립,경남,C그룹,30668,754,31422,44759,832,45591,1,1,3292,0,2,3292,19,0,19,1238,0,1238,994,0,45591,804,56.70000076293945,1238,45591,2.799999952316284
2022,27,경남도립남해대학,전문대학,공립,경남,C그룹,31246,619,31865,35960,662,36622,0,0,583,0,0,583,60,0,60,1358,19,1377,1363,1682,36622,728,50.29999923706055,1377,36622,3.900000095367432
2022,28,경남정보대학교,전문대학,사립,부산,A그룹,136536,6216,142752,236917,7407,244324,0,4,20585,0,4,20585,118,0,118,6169,596,6765,4730,0,244324,6030,40.5,6765,244324,2.799999952316284
2022,29,경동대학교,대학,사립,강원,B그룹,257628,19526,277154,357564,29347,386911,15,10,41369,2,27,41369,9,3,12,19586,6954,26540,22757,0,386911,7549,51.29999923706055,26540,386911,7.400000095367432
2022,30,경민대학교,전문대학,사립,경기,B그룹,85060,5269,90329,129576,6125,135701,5,5,12380,2,12,12380,46,7,53,3391,269,3660,2264,3188,135701,3845,35.29999923706055,3660,135701,2.799999952316284
2022,31,경복대학교,전문대학,사립,경기,A그룹,98733,25138,123871,130051,25475,155526,0,3,54831,0,3,54831,25,4,29,11786,200,11986,9414,0,155526,6208,25.100000381469727,11986,155526,8.399999618530273
2022,32,경북과학대학교,전문대학,사립,경북,C그룹,56795,11967,68762,78519,13744,92263,2,0,3925,0,2,3925,67,0,67,106,605,711,485,0,92263,1845,50.0,711,92263,0.800000011920929
2022,33,경북대학교,대학,국립,대구,A그룹,866000,706305,1572305,2272508,1155065,3427573,51,57,554416,3,111,554416,830,572,1402,38195,7183,45378,23325,24830,3427573,27380,125.1999969482422,45378,3427573,1.2999999523162842
2022,34,경북보건대학교,전문대학,사립,경북,C그룹,26370,631,27001,41182,668,41850,2,2,9250,0,4,9250,2,0,2,1712,0,1712,1493,7368,41850,1233,33.900001525878906,1712,41850,4.300000190734863
2022,35,경북외국어대학교,대학,사립,대구,C그룹,0,0,0,0,0,0,0,0,0,0,0,0,0,0,0,0,0,0,0,0,0,0,0.0,0,0,0.0
2022,36,경북전문대학교,전문대학,사립,경북,B그룹,96261,10099,106360,128207,12567,140774,1,1,10429,0,2,10429,129,2,131,2761,474,3235,3192,0,140774,2736,51.5,3235,140774,2.400000095367432
2022,37,경상국립대학교,대학,국립,경남,A그룹,847527,297160,1144687,1164039,450657,1614696,44,46,307938,5,95,307938,319,176,495,395342,6392,401734,371802,97578,1614696,20962,77.0,401734,1614696,33.099998474121094
2022,38,경성대학교,대학,사립,부산,A그룹,452514,169659,622173,815592,221957,1037549,21,27,121728,3,51,121728,160,3,163,15381,4735,20116,15232,51,1037549,12972,80.0,20116,1037549,2.0
2022,39,경안대학원대학교,대학원대학,사립,경북,-,7664,0,7664,8524,0,8524,0,0,0,0,0,0,2,0,2,4,82,86,84,360,8524,58,147.0,86,8524,1.0
2022,40,경운대학교,대학,사립,경북,C그룹,198764,27014,225778,407419,35059,442478,13,9,120861,0,22,120861,253,39,292,6872,3487,10359,4048,3,442478,4518,97.9000015258789,10359,442478,2.400000095367432
2022,41,경인교육대학교,대학,국립,인천,C그룹,212284,29590,241874,562852,37180,600032,18,15,85582,2,35,85582,134,0,134,14919,1069,15988,9878,19995,600032,3973,151.0,15988,600032,2.700000047683716
2022,42,경인여자대학교,전문대학,사립,인천,B그룹,111307,34081,145388,215333,34095,249428,15,11,103369,0,26,103369,85,6,91,5078,436,5514,4452,0,249428,4585,54.400001525878906,5514,249428,2.299999952316284
2022,43,경일대학교,대학,사립,경북,B그룹,190003,130755,320758,387779,139839,527618,19,13,149220,6,38,149220,348,2,350,10671,560,11231,4822,34354,527618,7141,73.9000015258789,11231,527618,2.200000047683716
2022,44,경찰대학,기타,기타,충남,-,171352,52023,223375,171330,52021,223351,0,11,0,0,11,0,143,55,198,14746,763,15509,15509,0,223351,0,0.0,15509,223351,7.5
2022,45,경희대학교,대학,사립,서울,A그룹,967591,404852,1372443,2000747,631563,2632310,68,45,453983,6,119,453983,39,38,77,26765,4814,31579,28205,6143,2632310,34454,76.4000015258789,31579,2632310,1.2000000476837158
2022,46,계명대학교,대학,사립,대구,A그룹,544375,355930,900305,1627047,485545,2112592,44,42,425880,3,89,425880,1401,248,1649,23688,4376,28064,22343,75262,2112592,23449,90.0999984741211,28064,2112592,1.2999999523162842
2022,47,계명문화대학교,전문대학,사립,대구,A그룹,160094,8118,168212,213731,11341,225072,13,11,70639,1,25,70639,31,0,31,5018,97,5115,5026,4072,225072,4708,47.79999923706055,5115,225072,2.299999952316284
2022,48,계약신학대학원대학교,대학원대학,사립,경기,-,14791,4246,19037,20408,4387,24795,0,0,691,0,0,691,0,0,0,0,0,0,0,0,24795,9,2755.0,0,24795,0.0
2022,49,계원예술대학교,전문대학,사립,경기,B그룹,81379,36505,117884,92025,37325,129350,5,3,6920,3,11,6920,10,40,50,314,47,361,361,0,129350,2832,45.70000076293945,361,129350,0.3000000119209289
2022,50,고려대학교,대학,사립,서울,A그룹,671164,1107752,1778916,1523649,1681306,3204955,126,106,1066326,8,240,1066326,873,1208,2081,37021,12635,49656,38262,29185,3204955,29572,108.4000015258789,49656,3204955,1.600000023841858
2022,51,고려대학교(세종),대학,사립,세종,B그룹,290727,68188,358915,447937,103233,551170,4,10,13139,3,17,13139,106,18,124,5034,1328,6362,5176,9221,551170,7481,73.69999694824219,6362,551170,1.2000000476837158
2022,52,고려사이버대학교,대학,사립,서울,A그룹,5594,38415,44009,12862,38415,51277,0,1,44009,0,1,44009,0,0,0,579,0,579,396,0,51277,10457,4.900000095367432,579,51277,1.100000023841858
2022,53,고신대학교,대학,사립,부산,C그룹,237331,134707,372038,314531,166850,481381,10,7,7265,2,19,7265,373,59,432,5274,2677,7951,6495,0,481381,4686,102.6999969482422,7951,481381,1.7000000476837158
2022,54,공군사관학교,기타,기타,충북,-,210479,38843,249322,215958,38843,254801,5,2,4933,0,7,4933,150,11,161,4873,3103,7976,6870,261,254801,0,0.0,7976,254801,3.200000047683716
2022,55,공주교육대학교,대학,국립,충남,C그룹,124129,6630,130759,316811,22306,339117,16,13,63871,0,29,63871,90,0,90,7426,257,7683,3738,0,339117,2003,169.3000030517578,7683,339117,2.299999952316284
2022,56,과학기술연합대학원대학교,대학원대학,국립,대전,-,8083,95166,103249,15976,95166,111142,1,5,70199,0,6,70199,0,0,0,16795,0,16795,16752,445,111142,1282,86.69999694824219,16795,111142,17.799999237060547
2022,57,광신대학교,대학,사립,광주,C그룹,62067,58171,120238,87100,64681,151781,5,6,15083,0,11,15083,158,13,171,1962,383,2345,1823,0,151781,977,155.39999389648438,2345,151781,1.600000023841858
2022,58,광양보건대학교,전문대학,사립,전남,C그룹,23443,476,23919,39907,542,40449,0,0,451,0,0,451,48,0,48,0,20,20,20,0,40449,371,109.0,20,40449,0.0
2022,59,광운대학교,대학,사립,서울,B그룹,331059,93356,424415,643431,145619,789050,25,22,124001,1,48,124001,162,23,185,18820,3102,21922,16294,337,789050,9900,79.69999694824219,21922,789050,2.900000095367432
2022,60,광주가톨릭대학교,대학,사립,전남,C그룹,93045,59244,152289,134768,74288,209056,14,11,94651,5,30,94651,47,65,112,1103,607,1710,1595,0,209056,109,1917.9000244140625,1710,209056,0.800000011920929
2022,61,광주과학기술원,대학,국립,광주,C그룹,68732,90515,159247,85914,108894,194808,17,12,62029,1,30,62029,0,0,0,1704,1074,2778,721,806,194808,2003,97.3000030517578,2778,194808,1.399999976158142
2022,62,광주교육대학교,대학,국립,광주,C그룹,191419,29567,220986,289483,35700,325183,0,26,14364,0,26,14364,40,9,49,5971,1265,7236,6587,0,325183,1842,176.5,7236,325183,2.299999952316284
2022,63,광주대학교,대학,사립,광주,B그룹,302661,61389,364050,531964,106755,638719,13,12,115835,3,28,115835,220,21,241,24968,2515,27483,15087,0,638719,7146,89.4000015258789,27483,638719,4.5
2022,64,광주보건대학교,전문대학,사립,광주,B그룹,107032,5832,112864,194727,10729,205456,2,2,15039,2,6,15039,28,6,34,1577,27,1604,1186,5902,205456,3673,55.900001525878906,1604,205456,0.800000011920929
2022,65,광주여자대학교,대학,사립,광주,C그룹,180568,38037,218605,278026,46122,324148,18,14,143983,1,33,143983,72,0,72,8318,1160,9478,6998,13896,324148,3983,81.4000015258789,9478,324148,3.0
2022,66,구미대학교,전문대학,사립,경북,A그룹,51722,481,52203,205284,2846,208130,1,1,1711,0,2,1711,78,0,78,3545,212,3757,2965,0,208130,5163,40.29999923706055,3757,208130,1.7999999523162842
2022,67,구세군사관대학원대학교,대학원대학,사립,경기,-,24750,2024,26774,24750,2024,26774,1,0,0,0,1,0,46,4,50,301,86,387,223,0,26774,30,892.5,387,26774,1.5
2022,68,국군간호사관학교,기타,기타,대전,-,56359,3188,59547,62284,3469,65753,12,19,57325,0,31,57325,176,6,182,2557,794,3351,2650,3150,65753,0,0.0,3351,65753,5.400000095367432
2022,69,국립강릉원주대학교,대학,국립,강원,B그룹,360899,111126,472025,644276,141992,786268,22,22,17562,3,47,17562,541,14,555,11586,2777,14363,13431,80079,786268,8202,95.9000015258789,14363,786268,1.899999976158142
2022,70,국립경국대학교,대학,국립,경북,B그룹,373261,78774,452035,777367,119417,896784,20,19,91036,5,44,91036,121,6,127,11634,3204,14838,8959,8590,896784,6788,132.10000610351562,14838,896784,1.7000000476837158
2022,71,국립공주대학교,대학,국립,충남,A그룹,453100,92134,545234,1107041,169134,1276175,30,31,132755,0,61,132755,437,40,477,13597,2910,16507,10533,34114,1276175,15012,85.0,16507,1276175,1.2999999523162842
2022,72,국립군산대학교,대학,국립,전북,B그룹,300336,48711,349047,632054,96880,728934,22,17,72460,6,45,72460,270,42,312,14106,3874,17980,14138,0,728934,7830,93.0999984741211,17980,728934,2.5
2022,73,국립금오공과대학교,대학,국립,경북,B그룹,210484,65314,275798,453532,93833,547365,31,21,87335,5,57,87335,121,11,132,17774,2006,19780,14813,2,547365,5874,93.1999969482422,19780,547365,3.700000047683716
2022,74,국립목포대학교,대학,국립,전남,B그룹,251304,86392,337696,496647,122510,619157,23,25,16769,0,48,16769,442,14,456,6752,3821,10573,7009,21028,619157,7406,83.5999984741211,10573,619157,1.7000000476837158
2022,75,국립목포해양대학교,대학,국립,전남,C그룹,108115,15271,123386,221031,21002,242033,14,10,75070,4,28,75070,132,0,132,3451,650,4101,2119,0,242033,2657,91.0999984741211,4101,242033,1.7000000476837158
2022,76,국립부경대학교,대학,국립,부산,A그룹,375044,156812,531856,1016258,293116,1309374,33,33,291974,4,70,291974,296,65,361,18297,4447,22744,14970,0,1309374,18005,72.69999694824219,22744,1309374,1.7999999523162842
2022,77,국립순천대학교,대학,국립,전남,B그룹,349581,108342,457923,648528,155558,804086,25,29,124706,8,62,124706,382,5,387,17477,14741,32218,24944,61543,804086,7514,107.0,32218,804086,4.199999809265137
2022,78,국립암센터국제암대학원대학교,대학원대학,국립,경기,-,1376,759,2135,1651,759,2410,0,0,865,0,0,865,0,0,0,424,0,424,307,0,2410,69,34.900001525878906,424,2410,21.299999237060547
2022,79,국립창원대학교,대학,국립,경남,B그룹,307955,139970,447925,552451,194271,746722,27,29,111093,2,58,111093,394,110,504,19094,1045,20139,18969,0,746722,9095,82.0999984741211,20139,746722,2.799999952316284
2022,80,국립한국교통대학교,대학,국립,충북,B그룹,247508,64827,312335,623661,92396,716057,17,18,115975,1,36,115975,55,51,106,24652,1549,26201,14150,24329,716057,8729,82.0,26201,716057,3.799999952316284
2022,81,국립한국해양대학교,대학,국립,부산,B그룹,208612,95660,304272,442511,152778,595289,20,26,17948,1,47,17948,213,35,248,6555,4116,10671,6455,0,595289,7304,81.5,10671,595289,1.7999999523162842
2022,82,국립한밭대학교,대학,국립,대전,B그룹,256083,86798,342881,553484,109101,662585,19,25,239363,3,47,239363,132,33,165,13876,6615,20491,13593,0,662585,9117,72.69999694824219,20491,662585,3.200000047683716
2022,83,국민대학교,대학,사립,서울,A그룹,470828,224739,695567,1162330,310361,1472691,36,34,164394,6,76,164394,406,111,517,16402,2818,19220,17890,95,1472691,18425,79.9000015258789,19220,1472691,1.2999999523162842
2022,84,국방대학교,기타,기타,충남,-,0,0,0,0,0,0,0,0,0,0,0,0,0,0,0,0,0,0,0,0,0,0,0.0,0,0,0.0
2022,85,국제뇌교육종합대학원대학교,대학원대학,사립,충남,-,4844,135,4979,5690,174,5864,2,0,0,0,2,0,4,0,4,128,62,190,188,0,5864,251,23.399999618530277,190,5864,3.299999952316284
2022,86,국제대학교,전문대학,사립,경기,B그룹,52107,7725,59832,114472,34263,148735,11,7,77463,4,22,77463,99,0,99,1005,2,1007,483,0,148735,3236,46.0,1007,148735,0.699999988079071
2022,87,국제문화대학원대학교,대학원대학,사립,충남,-,0,0,0,0,0,0,0,0,0,0,0,0,0,0,0,0,0,0,0,0,0,0,0.0,0,0,0.0
2022,88,국제법률경영대학원대학교,대학원대학,사립,경기,-,1289,2708,3997,2148,4565,6713,0,0,0,0,0,0,0,0,0,0,0,0,0,0,6713,230,29.200000762939453,0,6713,0.0
2022,89,국제사이버대학교,대학,사립,경기,C그룹,1200,0,1200,9798,0,9798,0,0,1200,0,0,1200,0,0,0,0,0,0,0,0,9798,3221,3.0,0,9798,0.0
2022,90,국제언어대학원대학교,대학원대학,사립,서울,-,2967,12338,15305,3886,13447,17333,0,0,130,0,0,130,0,9,9,0,14,14,14,0,17333,63,275.1000061035156,14,17333,0.1000000014901161
2022,91,국제예술대학교,기타,기타,서울,-,1040,32,1072,1054,32,1086,0,0,0,0,0,0,0,0,0,0,0,0,0,0,1086,0,0.0,0,1086,0.0
2022,92,군산간호대학교,전문대학,사립,전북,C그룹,27564,4800,32364,36056,4841,40897,2,5,13049,0,7,13049,25,0,25,1185,244,1429,1111,441,40897,1156,35.400001525878906,1429,40897,3.5999999046325684
2022,93,군장대학교,전문대학,사립,전북,C그룹,61613,344,61957,94679,322,95001,1,1,13371,12,14,13371,12,0,12,1226,0,1226,1226,0,95001,1880,50.5,1226,95001,1.2999999523162842
2022,94,극동대학교,대학,사립,충북,C그룹,169109,44983,214092,271776,52711,324487,13,11,172181,3,27,172181,73,0,73,2051,320,2371,1767,519,324487,3314,97.9000015258789,2371,324487,0.699999988079071
2022,95,글로벌사이버대학교,대학,사립,충남,C그룹,1186,0,1186,2182,0,2182,0,1,1186,0,1,1186,0,0,0,144,0,144,132,0,2182,2294,1.0,144,2182,7.099999904632568
2022,96,금강대학교,대학,사립,충남,C그룹,67819,16207,84026,107310,27991,135301,0,3,272,0,3,272,42,1,43,766,3781,4547,2196,0,135301,285,474.7000122070313,4547,135301,3.5
2022,97,기독간호대학교,전문대학,사립,광주,C그룹,26072,5398,31470,30376,5436,35812,3,1,524,0,4,524,56,0,56,699,116,815,705,1250,35812,593,60.400001525878906,815,35812,2.299999952316284
2022,98,김천대학교,대학,사립,경북,C그룹,114986,154323,269309,164921,155393,320314,15,14,235927,0,29,235927,108,0,108,7081,641,7722,6577,75,320314,2920,109.6999969482422,7722,320314,2.5
2022,99,김포대학교,전문대학,사립,경기,C그룹,73165,4995,78160,118907,5835,124742,1,11,10610,1,13,10610,0,0,0,235,569,804,730,0,124742,2575,48.400001525878906,804,124742,0.6000000238418579
2022,100,김해대학교,전문대학,사립,경남,C그룹,30460,640,31100,40171,350,40521,1,1,896,0,2,896,9,0,9,1098,903,2001,1649,0,40521,1428,28.399999618530277,2001,40521,5.199999809265137
2022,101,나사렛대학교,대학,사립,충남,B그룹,203084,113938,317022,295469,120297,415766,19,15,179386,2,36,179386,120,1,121,9880,782,10662,9262,1554,415766,5095,81.5999984741211,10662,415766,2.5999999046325684
2022,102,나주대학교,전문대학,사립,전남,C그룹,23792,223,24015,31695,296,31991,0,0,3245,1,1,3245,98,1,99,0,56,56,56,0,31991,1535,20.799999237060547,56,31991,0.2000000029802322
2022,103,남부대학교,대학,사립,광주,C그룹,99732,9000,108732,118880,9168,128048,20,12,74971,2,34,74971,150,5,155,6395,1241,7636,6364,0,128048,3553,36.0,7636,128048,6.300000190734863
2022,104,남서울대학교,대학,사립,충남,B그룹,321359,122651,444010,642980,256769,899749,16,23,222163,0,39,222163,538,27,565,21430,483,21913,15146,14112,899749,9872,91.0999984741211,21913,899749,2.5
2022,105,농협대학교,전문대학,사립,경기,C그룹,33963,4505,38468,40729,4908,45637,2,0,1317,0,2,1317,43,2,45,834,124,958,817,0,45637,429,106.4000015258789,958,45637,2.0999999046325684
2022,106,능인대학원대학교,대학원대학,사립,경기,-,4586,249,4835,5907,679,6586,15,0,0,0,15,0,21,0,21,37,266,303,265,0,6586,58,113.5999984741211,303,6586,4.800000190734863
2022,107,단국대학교,대학,사립,경기,A그룹,1009198,294232,1303430,1548822,479629,2028451,24,21,90076,4,49,90076,1064,119,1183,28503,7263,35766,28796,27484,2028451,26348,77.0,35766,2028451,1.7999999523162842
2022,108,대경대학교,전문대학,사립,경북,B그룹,54975,4495,59470,153630,4893,158523,6,9,27727,2,17,27727,58,1,59,4083,305,4388,1853,0,158523,3858,41.09999847412109,4388,158523,2.799999952316284
2022,109,대구가톨릭대학교,대학,사립,경북,A그룹,551511,267100,818611,983215,369913,1353128,46,31,78441,0,77,78441,577,61,638,19619,1762,21381,14355,67595,1353128,13094,103.3000030517578,21381,1353128,1.600000023841858
2022,110,대구경북과학기술원,대학,국립,대구,C그룹,72175,166654,238829,80428,168092,248520,39,23,440338,2,64,440338,0,0,0,103011,2658,105669,104661,0,248520,1520,163.5,105669,248520,74.0
2022,111,대구공업대학교,전문대학,사립,대구,C그룹,71356,2275,73631,109122,3332,112454,0,0,14283,2,2,14283,90,0,90,1724,259,1983,1983,0,112454,1639,68.5999984741211,1983,112454,1.7999999523162842
2022,112,대구과학대학교,전문대학,사립,대구,A그룹,104446,3302,107748,158152,3823,161975,2,1,16102,0,3,16102,30,0,30,4172,14,4186,3809,0,161975,4006,40.400001525878906,4186,161975,2.700000047683716
2022,113,대구교육대학교,대학,국립,대구,C그룹,150872,13080,163952,315020,23639,338659,17,13,67893,0,30,67893,486,58,544,8169,189,8358,4144,0,338659,2486,136.1999969482422,8358,338659,2.5
2022,114,대구대학교,대학,사립,경북,A그룹,563440,234072,797512,1179100,395352,1574452,20,17,83856,2,39,83856,887,12,899,16952,8873,25825,17364,5149,1574452,17749,88.69999694824219,25825,1574452,1.7000000476837158
2022,115,대구미래대학교,전문대학,사립,경북,C그룹,0,0,0,0,0,0,0,0,0,0,0,0,0,0,0,0,0,0,0,0,0,0,0.0,0,0,0.0
2022,116,대구보건대학교,전문대학,사립,대구,A그룹,101804,17636,119440,233931,21437,255368,4,4,29147,0,8,29147,101,10,111,7682,0,7682,4440,0,255368,6672,38.29999923706055,7682,255368,3.0999999046325684
2022,117,대구사이버대학교,대학,사립,경북,C그룹,16849,0,16849,17680,0,17680,5,0,16849,0,5,16849,0,0,0,217,0,217,170,0,17680,4365,4.099999904632568,217,17680,1.2000000476837158
2022,118,대구예술대학교,대학,사립,경북,C그룹,50333,1156,51489,120815,1933,122748,0,0,14613,0,0,14613,84,2,86,311,114,425,277,0,122748,782,157.0,425,122748,0.3000000119209289
2022,119,대구외국어대학교,대학,사립,경북,C그룹,0,0,0,0,0,0,0,0,0,0,0,0,0,0,0,0,0,0,0,0,0,0,0.0,0,0,0.0
2022,120,대구한의대학교,대학,사립,경북,B그룹,268871,95587,364458,510123,151250,661373,19,18,103274,2,39,103274,247,25,272,17352,1599,18951,16401,19,661373,6872,96.1999969482422,18951,661373,2.900000095367432
2022,121,대덕대학교,전문대학,사립,대전,C그룹,80493,688,81181,190285,914,191199,4,6,100118,2,12,100118,59,1,60,3862,7,3869,2516,0,191199,2837,67.4000015258789,3869,191199,2.0999999046325684
2022,122,대동대학교,전문대학,사립,부산,C그룹,49814,1053,50867,54641,1125,55766,12,8,63527,0,20,63527,50,1,51,859,90,949,810,0,55766,1494,37.29999923706055,949,55766,1.7000000476837158
2022,123,대림대학교,전문대학,사립,경기,A그룹,110228,48069,158297,163050,49391,212441,4,2,61167,2,8,61167,99,0,99,7904,221,8125,4697,0,212441,7228,29.399999618530277,8125,212441,4.0
2022,124,대신대학교,대학,사립,경북,C그룹,82521,11152,93673,103914,11797,115711,5,5,8156,0,10,8156,170,5,175,622,1004,1626,1512,0,115711,626,184.8000030517578,1626,115711,1.399999976158142
2022,125,대원대학교,전문대학,사립,충북,C그룹,62593,3633,66226,92871,4130,97001,2,0,22446,2,4,22446,101,0,101,3121,45,3166,2774,0,97001,2219,43.70000076293945,3166,97001,3.400000095367432
2022,126,대전가톨릭대학교,대학,사립,세종,C그룹,91941,39302,131243,111597,38896,150493,14,11,59353,0,25,59353,78,45,123,376,369,745,591,12,150493,66,2280.199951171875,745,150493,0.5
2022,127,대전과학기술대학교,전문대학,사립,대전,B그룹,82104,99378,181482,185071,170241,355312,13,8,61883,0,21,61883,95,0,95,580,601,1181,575,0,355312,4101,86.5999984741211,1181,355312,0.3000000119209289
2022,128,대전대학교,대학,사립,대전,B그룹,448943,128666,577609,662685,168848,831533,20,20,155291,9,49,155291,281,9,290,29466,2192,31658,27458,15000,831533,9367,88.80000305175781,31658,831533,4.0
2022,129,대전보건대학교,전문대학,사립,대전,A그룹,106378,31059,137437,215554,34024,249578,2,6,53739,0,8,53739,54,0,54,4072,612,4684,2753,0,249578,5175,48.20000076293945,4684,249578,1.899999976158142
2022,130,대전신학대학교,대학,사립,대전,C그룹,41461,9304,50765,66956,11694,78650,0,1,4338,0,1,4338,92,0,92,217,188,405,362,0,78650,154,510.7000122070313,405,78650,0.5
2022,131,대진대학교,대학,사립,경기,B그룹,300568,94539,395107,586214,148446,734660,20,23,106911,9,52,106911,183,10,193,18617,2072,20689,13478,0,734660,7865,93.4000015258789,20689,734660,2.900000095367432
2022,132,대한신학대학원대학교,대학원대학,사립,경기,-,7407,1931,9338,13190,2700,15890,0,0,0,0,0,0,0,0,0,10,0,10,2,0,15890,178,89.30000305175781,10,15890,0.1000000014901161
2022,133,덕성여자대학교,대학,사립,서울,B그룹,405589,75219,480808,648572,127814,776386,25,25,73391,5,55,73391,441,58,499,6283,2620,8903,7743,0,776386,5900,131.60000610351562,8903,776386,1.2000000476837158
2022,134,동강대학교,전문대학,사립,광주,B그룹,70014,5996,76010,101568,7313,108881,1,0,21424,1,2,21424,54,0,54,3346,29,3375,2758,66796,108881,2675,40.70000076293945,3375,108881,3.200000047683716
2022,135,동국대학교,대학,사립,서울,A그룹,845193,345719,1190912,1240244,426612,1666856,35,47,214365,0,82,214365,471,343,814,29215,2982,32197,30548,0,1666856,17534,95.0999984741211,32197,1666856,2.0
2022,136,동국대학교 WISE캠퍼스,대학,사립,경북,B그룹,435037,85989,521026,673132,128045,801177,18,21,82092,0,39,82092,1016,43,1059,8749,2036,10785,10073,11797,801177,7974,100.5,10785,801177,1.399999976158142
2022,137,동남보건대학교,전문대학,사립,경기,A그룹,59287,6722,66009,149896,7837,157733,0,5,23634,1,6,23634,22,0,22,884,127,1011,867,0,157733,4650,33.900001525878906,1011,157733,0.6000000238418579
2022,138,동덕여자대학교,대학,사립,서울,B그룹,208931,130602,339533,418549,152721,571270,21,23,145603,3,47,145603,309,57,366,15480,1469,16949,12423,0,571270,7406,77.0999984741211,16949,571270,3.0999999046325684
2022,139,동명대학교,대학,사립,부산,B그룹,398950,50361,449311,526273,56641,582914,16,10,91659,0,26,91659,38,9,47,20343,2593,22936,20535,0,582914,7928,73.5,22936,582914,4.099999904632568
2022,140,동방문화대학원대학교,대학원대학,사립,서울,-,20337,4271,24608,22287,4431,26718,15,9,57902,0,24,57902,11,0,11,46,579,625,394,0,26718,328,81.5,625,26718,2.400000095367432
2022,141,동부산대학교,전문대학,사립,부산,C그룹,0,0,0,0,0,0,0,0,0,0,0,0,0,0,0,0,0,0,0,0,0,0,0.0,0,0,0.0
2022,142,동서대학교,대학,사립,부산,B그룹,368423,117427,485850,691026,145500,836526,5,13,156393,0,18,156393,245,63,308,23820,2996,26816,24405,0,836526,10059,83.19999694824219,26816,836526,3.299999952316284
2022,143,동서울대학교,전문대학,사립,경기,A그룹,122597,8986,131583,226339,10262,236601,3,4,69442,3,10,69442,69,0,69,6465,0,6465,3677,2780,236601,5586,42.400001525878906,6465,236601,2.799999952316284
2022,144,동신대학교,대학,사립,전남,B그룹,356186,136205,492391,462266,151660,613926,17,19,95472,5,41,95472,206,26,232,13329,2051,15380,14352,142449,613926,6654,92.3000030517578,15380,613926,2.5999999046325684
2022,145,동아대학교,대학,사립,부산,A그룹,594091,257714,851805,1064649,368918,1433567,41,30,108570,0,71,108570,272,110,382,13118,2304,15422,10003,0,1433567,20340,70.5,15422,1433567,1.100000023841858
2022,146,동아방송예술대학교,전문대학,사립,경기,B그룹,67000,20382,87382,97465,20663,118128,10,11,82025,0,21,82025,54,0,54,5563,339,5902,4066,0,118128,3016,39.20000076293945,5902,118128,5.300000190734863
2022,147,동아보건대학교,전문대학,사립,전남,C그룹,29689,0,29689,49441,0,49441,12,9,63589,0,21,63589,36,0,36,1462,67,1529,1509,12009,49441,1484,33.29999923706055,1529,49441,3.200000047683716
2022,148,동양대학교,대학,사립,경북,C그룹,161788,65189,226977,285907,80306,366213,18,10,144082,4,32,144082,64,0,64,9348,403,9751,7712,0,366213,4001,91.5,9751,366213,2.700000047683716
2022,149,동양미래대학교,전문대학,사립,서울,A그룹,175508,19146,194654,263421,24950,288371,5,4,27369,1,10,27369,199,22,221,6646,0,6646,6573,0,288371,5927,48.70000076293945,6646,288371,2.400000095367432
2022,150,동우대학,전문대학,사립,강원,B그룹,0,0,0,0,0,0,0,0,0,0,0,0,0,0,0,0,0,0,0,0,0,0,0.0,0,0,0.0
2022,151,동원과학기술대학교,전문대학,사립,경남,B그룹,50234,1956,52190,78135,2202,80337,1,0,2690,0,1,2690,57,0,57,2512,0,2512,1720,146,80337,2343,34.29999923706055,2512,80337,3.200000047683716
2022,152,동원대학교,전문대학,사립,경기,B그룹,74029,2018,76047,103932,3235,107167,0,1,19643,0,1,19643,1,0,1,2624,9,2633,2327,32326,107167,3013,35.599998474121094,2633,107167,2.5
2022,153,동의과학대학교,전문대학,사립,부산,B그룹,100113,5508,105621,170238,6989,177227,6,3,16205,1,10,16205,82,6,88,5374,251,5625,4231,2532,177227,4333,40.900001525878906,5625,177227,3.299999952316284
2022,154,동의대학교,대학,사립,부산,A그룹,463118,182943,646061,968176,306053,1274229,20,21,108404,4,45,108404,459,13,472,24764,1395,26159,21413,0,1274229,15773,80.80000305175781,26159,1274229,2.0999999046325684
2022,155,두원공과대학교,전문대학,사립,경기,B그룹,64197,9195,73392,125144,10608,135752,4,6,5480,0,10,5480,57,0,57,1837,0,1837,689,0,135752,3173,42.79999923706055,1837,135752,1.399999976158142
2022,156,디지털서울문화예술대학교,대학,사립,서울,C그룹,3006,0,3006,10581,0,10581,10,9,59872,0,19,59872,0,0,0,174,0,174,155,0,10581,3375,3.0999999046325684,174,10581,1.7000000476837158
2022,157,루터대학교,대학,사립,경기,C그룹,23696,7835,31531,31162,9906,41068,13,12,2360,0,25,2360,50,32,82,781,15,796,560,0,41068,387,106.0999984741211,796,41068,2.0
2022,158,마산대학교,전문대학,사립,경남,A그룹,111366,2771,114137,202555,2945,205500,14,9,95891,0,23,95891,120,0,120,7097,0,7097,3688,0,205500,5422,37.900001525878906,7097,205500,3.5999999046325684
2022,159,명신대학교,대학,사립,전남,C그룹,0,0,0,0,0,0,0,0,0,0,0,0,0,0,0,0,0,0,0,0,0,0,0.0,0,0,0.0
2022,160,명지대학교,대학,사립,서울,A그룹,688119,330343,1018462,1259257,410246,1669503,16,16,338529,4,36,338529,1181,55,1236,89193,1465,90658,84026,0,1669503,16343,102.1999969482422,90658,1669503,5.699999809265137
2022,161,명지전문대학,전문대학,사립,서울,A그룹,135147,12446,147593,246431,14844,261275,14,7,69721,4,25,69721,644,11,655,7109,179,7288,6144,0,261275,6578,39.70000076293945,7288,261275,2.900000095367432
2022,162,목원대학교,대학,사립,대전,B그룹,251879,180101,431980,478457,233476,711933,21,22,150452,8,51,150452,316,28,344,15103,2463,17566,12335,127,711933,7964,89.4000015258789,17566,711933,2.5
2022,163,목포가톨릭대학교,대학,사립,전남,C그룹,37660,3468,41128,48070,3544,51614,16,12,62604,0,28,62604,5,0,5,1155,79,1234,1092,0,51614,499,103.4000015258789,1234,51614,2.400000095367432
2022,164,목포과학대학교,전문대학,사립,전남,B그룹,62624,4472,67096,71882,5718,77600,2,0,7134,1,3,7134,8,0,8,1520,0,1520,1368,0,77600,2310,33.599998474121094,1520,77600,2.0
2022,165,문경대학교,전문대학,사립,경북,C그룹,33222,296,33518,42606,327,42933,0,2,2582,0,2,2582,39,0,39,631,0,631,523,0,42933,844,50.900001525878906,631,42933,1.5
2022,166,배재대학교,대학,사립,대전,B그룹,234465,219122,453587,518386,272144,790530,18,14,229271,4,36,229271,237,23,260,16320,1887,18207,10765,41,790530,8644,91.5,18207,790530,2.400000095367432
2022,167,배화여자대학교,전문대학,사립,서울,B그룹,74616,5696,80312,150072,7299,157371,2,0,7148,2,4,7148,34,2,36,3570,462,4032,1905,0,157371,2726,57.70000076293945,4032,157371,2.5999999046325684
2022,168,백석대학교,대학,사립,충남,A그룹,441907,381037,822944,782033,412087,1194120,18,17,479367,3,38,479367,167,9,176,31762,9689,41451,37746,31248,1194120,14227,83.9000015258789,41451,1194120,3.5999999046325684
2022,169,백석문화대학교,전문대학,사립,충남,A그룹,87037,15353,102390,160754,20219,180973,1,1,21780,4,6,21780,18,0,18,3703,216,3919,3714,10188,180973,4865,37.20000076293945,3919,180973,2.200000047683716
2022,170,백석예술대학,전문대학,사립,서울,A그룹,0,0,0,0,0,0,0,0,0,0,0,0,0,0,0,0,0,0,0,0,0,0,0.0,0,0,0.0
2022,171,백제예술대학교,전문대학,사립,전북,C그룹,32492,1298,33790,44725,2307,47032,0,0,2025,0,0,2025,12,0,12,0,0,0,0,0,47032,1071,43.900001525878906,0,47032,0.0
2022,172,베뢰아국제대학원대학교,대학원대학,사립,서울,-,27783,183,27966,37969,223,38192,0,0,0,0,0,0,14,14,28,158,6,164,88,0,38192,51,748.9000244140625,164,38192,0.4000000059604645
2022,173,벽성대학,전문대학,사립,전북,C그룹,0,0,0,0,0,0,0,0,0,0,0,0,0,0,0,0,0,0,0,0,0,0,0.0,0,0,0.0
2022,174,부산가톨릭대학교,대학,사립,부산,C그룹,196567,107218,303785,286873,116868,403741,16,15,137567,0,31,137567,354,9,363,2869,2542,5411,4219,0,403741,3997,101.0,5411,403741,1.399999976158142
2022,175,부산경상대학교,전문대학,사립,부산,B그룹,99100,2338,101438,133637,2472,136109,0,1,9643,1,2,9643,92,0,92,2663,55,2718,2676,2,136109,2631,51.70000076293945,2718,136109,2.0
2022,176,부산과학기술대학교,전문대학,사립,부산,B그룹,108256,4004,112260,164994,4399,169393,1,1,19234,0,2,19234,120,0,120,3834,0,3834,1407,0,169393,3230,52.400001525878906,3834,169393,2.299999952316284
2022,177,부산교육대학교,대학,국립,부산,C그룹,173980,14681,188661,326528,18053,344581,18,12,66488,1,31,66488,240,20,260,7688,747,8435,5573,0,344581,2397,143.8000030517578,8435,344581,2.5
2022,178,부산대학교,대학,국립,부산,A그룹,851843,446419,1298262,1683113,848206,2531319,44,58,637525,5,107,637525,506,251,757,45971,9671,55642,38612,76731,2531319,27386,92.4000015258789,55642,2531319,2.200000047683716
2022,179,부산디지털대학교,대학,사립,부산,C그룹,3253,0,3253,3406,0,3406,1,0,1409,0,1,1409,0,0,0,95,0,95,88,0,3406,2485,1.399999976158142,95,3406,2.900000095367432
2022,180,부산보건대학교,전문대학,사립,부산,B그룹,87010,13167,100177,106835,17440,124275,13,7,92391,0,20,92391,132,0,132,3001,606,3607,3363,997,124275,2748,45.20000076293945,3607,124275,3.0
2022,181,부산여자대학교,전문대학,사립,부산,C그룹,114537,25310,139847,131101,29451,160552,13,8,691,0,21,691,96,12,108,1563,202,1765,1335,7571,160552,2434,66.0,1765,160552,1.100000023841858
2022,182,부산예술대학교,전문대학,사립,부산,C그룹,9812,0,9812,14469,0,14469,0,0,0,0,0,0,0,0,0,370,0,370,361,0,14469,682,21.200000762939453,370,14469,2.5999999046325684
2022,183,부산외국어대학교,대학,사립,부산,B그룹,302207,217332,519539,555933,305926,861859,18,16,129918,3,37,129918,333,19,352,16153,2833,18986,14871,2199,861859,7975,108.0999984741211,18986,861859,2.299999952316284
2022,184,부산장신대학교,대학,사립,경남,C그룹,41423,5221,46644,62546,6663,69209,4,6,4781,1,11,4781,73,0,73,853,264,1117,933,231,69209,398,173.89999389648438,1117,69209,1.600000023841858
2022,185,부천대학교,전문대학,사립,경기,A그룹,187472,21183,208655,293212,25945,319157,16,9,43727,0,25,43727,62,2,64,5816,974,6790,6192,0,319157,7386,43.20000076293945,6790,319157,2.200000047683716
2022,186,삼육대학교,대학,사립,서울,B그룹,236671,106757,343428,371699,139117,510816,16,25,134596,4,45,134596,49,34,83,10713,7507,18220,14769,3,510816,5971,85.5,18220,510816,3.700000047683716
2022,187,삼육보건대학교,전문대학,사립,서울,C그룹,51858,1826,53684,65220,2696,67916,2,2,5477,0,4,5477,142,0,142,2316,178,2494,2436,0,67916,1348,50.400001525878906,2494,67916,3.799999952316284
2022,188,상명대학교,대학,사립,서울,A그룹,497987,177155,675142,949466,244615,1194081,36,33,133859,4,73,133859,208,69,277,27061,4386,31447,17788,27052,1194081,13390,89.19999694824219,31447,1194081,2.700000047683716
2022,189,상지대학교,대학,사립,강원,B그룹,310413,24986,335399,678196,47089,725285,13,11,69724,4,28,69724,437,1,438,6854,1456,8310,4132,0,725285,7110,102.0,8310,725285,1.2000000476837158
2022,190,상지영서대학교,전문대학,사립,강원,B그룹,0,0,0,0,0,0,0,0,0,0,0,0,0,0,0,0,0,0,0,0,0,0,0.0,0,0,0.0
2022,191,서강대학교,대학,사립,서울,A그룹,420894,410086,830980,711378,604066,1315444,42,57,345982,5,104,345982,231,158,389,30414,2046,32460,30792,0,1315444,11286,116.5999984741211,32460,1315444,2.5
2022,192,서경대학교,대학,사립,서울,B그룹,330788,49753,380541,574818,71749,646567,12,9,86420,2,23,86420,66,0,66,12514,333,12847,12311,0,646567,6945,93.0999984741211,12847,646567,2.0
2022,193,서남대학교,대학,사립,전북,C그룹,0,0,0,0,0,0,0,0,0,0,0,0,0,0,0,0,0,0,0,0,0,0,0.0,0,0,0.0
2022,194,서라벌대학교,전문대학,사립,경북,C그룹,32161,4148,36309,109215,16526,125741,1,2,3997,0,3,3997,21,0,21,654,0,654,631,0,125741,608,206.8000030517578,654,125741,0.5
2022,195,서영대학교,전문대학,사립,광주,A그룹,83769,3222,86991,114367,3555,117922,1,2,20573,1,4,20573,169,0,169,4333,11,4344,1362,0,117922,5018,23.5,4344,117922,3.799999952316284
2022,196,서울과학기술대학교,대학,국립,서울,A그룹,286881,111558,398439,677858,124470,802328,32,37,87203,3,72,87203,297,20,317,17280,846,18126,10438,0,802328,11785,68.0999984741211,18126,802328,2.299999952316284
2022,197,서울과학종합대학원대학교,대학원대학,사립,서울,-,1680,244,1924,2638,322,2960,15,9,78602,0,24,78602,0,0,0,0,0,0,0,0,2960,685,4.300000190734863,0,2960,0.0
2022,198,서울교육대학교,대학,국립,서울,C그룹,162953,25998,188951,282620,36352,318972,20,17,104381,0,37,104381,200,0,200,5429,564,5993,5878,0,318972,2911,109.5999984741211,5993,318972,1.899999976158142
2022,199,서울기독대학교,대학,사립,서울,C그룹,31078,12497,43575,40976,15389,56365,2,1,6987,0,3,6987,6,11,17,204,1,205,186,0,56365,648,87.0,205,56365,0.4000000059604645
2022,200,서울대학교,대학,국립,서울,A그룹,768131,1717857,2485988,2169296,2997720,5167016,90,111,813159,0,201,813159,1203,1730,2933,37931,39271,77202,54115,20128,5167016,27924,185.0,77202,5167016,1.5
2022,201,서울디지털대학교,대학,사립,서울,A그룹,22227,0,22227,74234,0,74234,12,7,78005,0,19,78005,0,0,0,966,0,966,670,0,74234,10952,6.800000190734863,966,74234,1.2999999523162842
2022,202,서울미디어대학원대학교,대학원대학,사립,서울,-,4558,1207,5765,5019,1371,6390,0,1,0,0,1,0,9,0,9,116,341,457,446,0,6390,261,24.5,457,6390,7.699999809265137
2022,203,서울벤처대학원대학교,대학원대학,사립,서울,-,1077,390,1467,2388,1146,3534,0,0,0,0,0,0,0,0,0,0,0,0,0,0,3534,258,13.699999809265137,0,3534,0.0
2022,204,서울불교대학원대학교,대학원대학,사립,서울,-,8065,2415,10480,8065,2415,10480,0,2,0,0,2,0,2,0,2,88,0,88,88,0,10480,164,63.900001525878906,88,10480,0.800000011920929
2022,205,서울사이버대학교,대학,사립,서울,A그룹,2036,10325,12361,7933,50975,58908,0,3,53011,0,3,53011,0,0,0,0,0,0,0,0,58908,15777,3.700000047683716,0,58908,0.0
2022,206,서울사회복지대학원대학교,대학원대학,사립,서울,-,5942,0,5942,6106,0,6106,0,0,0,0,0,0,1,0,1,2,58,60,60,0,6106,126,48.5,60,6106,1.0
2022,207,서울상담심리대학원대학교,대학원대학,사립,서울,-,7188,458,7646,8727,478,9205,4,1,0,0,5,0,25,0,25,486,88,574,481,0,9205,112,82.19999694824219,574,9205,6.699999809265137
2022,208,서울성경신학대학원대학교,대학원대학,사립,서울,-,15609,1932,17541,21049,3697,24746,14,8,57657,0,22,57657,59,9,68,139,1220,1359,1315,172,24746,93,266.1000061035156,1359,24746,5.800000190734863
2022,209,서울시립대학교,대학,공립,서울,A그룹,497538,205626,703164,865646,293659,1159305,28,60,346169,2,90,346169,533,255,788,29182,3003,32185,24100,0,1159305,11879,97.5999984741211,32185,1159305,2.900000095367432
2022,210,서울신학대학교,대학,사립,경기,C그룹,118184,114627,232811,220236,134647,354883,10,10,54664,1,21,54664,70,15,85,641,530,1171,811,0,354883,3016,117.6999969482422,1171,354883,0.3000000119209289
2022,211,서울여자간호대학교,전문대학,사립,서울,C그룹,27971,1435,29406,38613,1782,40395,7,7,9578,0,14,9578,35,3,38,1129,370,1499,1330,0,40395,918,44.0,1499,40395,3.900000095367432
2022,212,서울여자대학교,대학,사립,서울,B그룹,373256,159606,532862,540608,189188,729796,25,20,338917,3,48,338917,43,37,80,18298,867,19165,17299,31,729796,7361,99.0999984741211,19165,729796,2.700000047683716
2022,213,서울예술대학교,전문대학,사립,경기,B그룹,80879,10855,91734,105268,11543,116811,4,6,22734,4,14,22734,77,26,103,5421,282,5703,4085,0,116811,3147,37.09999847412109,5703,116811,5.099999904632568
2022,214,서울외국어대학원대학교,대학원대학,사립,서울,-,1871,655,2526,2688,710,3398,0,0,0,0,0,0,0,0,0,0,7,7,6,0,3398,182,18.700000762939453,7,3398,0.2000000029802322
2022,215,서울장신대학교,대학,사립,경기,C그룹,66215,7611,73826,86539,41180,127719,8,8,41846,1,17,41846,118,2,120,1673,17,1690,1561,687,127719,716,178.39999389648438,1690,127719,1.2999999523162842
2022,216,서울한영대학교,대학,사립,서울,C그룹,50506,32061,82567,88284,48652,136936,0,7,4004,0,7,4004,160,17,177,814,1157,1971,1618,133,136936,920,148.8000030517578,1971,136936,1.5
2022,217,서원대학교,대학,사립,충북,B그룹,312242,61830,374072,633930,116961,750891,18,16,94707,0,34,94707,350,0,350,15698,4519,20217,18290,1768,750891,6956,107.9000015258789,20217,750891,2.799999952316284
2022,218,서일대학교,전문대학,사립,서울,A그룹,117894,15972,133866,180910,17209,198119,10,7,20561,3,20,20561,97,0,97,5814,0,5814,5010,0,198119,5678,34.900001525878906,5814,198119,3.0
2022,219,서정대학교,전문대학,사립,경기,A그룹,54315,15564,69879,78478,18701,97179,0,3,65097,1,4,65097,41,0,41,3393,3000,6393,6385,0,97179,6197,15.699999809265137,6393,97179,7.0
2022,220,서해대학,전문대학,사립,전북,C그룹,0,0,0,0,0,0,0,0,0,0,0,0,0,0,0,0,0,0,0,0,0,0,0.0,0,0,0.0
2022,221,선교청대학교,대학,사립,충남,C그룹,0,0,0,0,0,0,0,0,0,0,0,0,0,0,0,0,0,0,0,0,0,0,0.0,0,0,0.0
2022,222,선린대학교,전문대학,사립,경북,C그룹,56121,2596,58717,86011,3331,89342,2,0,17031,0,2,17031,63,0,63,2548,0,2548,2188,0,89342,2151,41.5,2548,89342,2.900000095367432
2022,223,선문대학교,대학,사립,충남,B그룹,345121,115357,460478,613768,145979,759747,21,23,108512,6,50,108512,251,37,288,21754,1742,23496,12131,0,759747,9619,79.0,23496,759747,3.200000047683716
2022,224,선학유피대학원대학교,대학원대학,사립,경기,-,23653,7133,30786,33541,8367,41908,7,8,56866,0,15,56866,20,3,23,345,226,571,667,3570,41908,77,544.2999877929688,571,41908,1.399999976158142
2022,225,성결대학교,대학,사립,경기,B그룹,255616,129888,385504,440511,148748,589259,16,15,138473,4,35,138473,100,61,161,7116,36,7152,6804,0,589259,5774,102.0999984741211,7152,589259,1.2000000476837158
2022,226,성공회대학교,대학,사립,서울,C그룹,131343,82368,213711,168042,101568,269610,21,17,125163,2,40,125163,66,26,92,2243,273,2516,2127,1802,269610,2390,112.8000030517578,2516,269610,0.8999999761581421
2022,227,성균관대학교,대학,사립,서울,A그룹,749147,570024,1319171,1367083,839421,2206504,49,64,692794,6,119,692794,255,119,374,45057,5468,50525,28977,1599,2206504,27431,80.4000015258789,50525,2206504,2.299999952316284
2022,228,성산효대학원대학교,대학원대학,사립,인천,-,22336,5495,27831,22765,5495,28260,1,0,0,0,1,0,15,8,23,214,344,558,505,0,28260,177,159.6999969482422,558,28260,2.0
2022,229,성서침례대학원대학교,대학원대학,사립,경기,-,17619,6522,24141,17642,6522,24164,0,0,320,0,0,320,35,13,48,191,384,575,575,0,24164,54,447.5,575,24164,2.400000095367432
2022,230,성신여자대학교,대학,사립,서울,A그룹,390331,235341,625672,731339,280529,1011868,23,19,154013,4,46,154013,153,10,163,23596,1700,25296,23695,8344,1011868,10066,100.5,25296,1011868,2.5999999046325684
2022,231,성운대학교,전문대학,사립,경북,C그룹,28166,5467,33633,49081,5467,54548,0,0,11423,0,0,11423,33,0,33,2064,0,2064,1305,0,54548,1491,36.59999847412109,2064,54548,3.900000095367432
2022,232,성화대학,전문대학,사립,전남,B그룹,0,0,0,0,0,0,0,0,0,0,0,0,0,0,0,0,0,0,0,0,0,0,0.0,0,0,0.0
2022,233,세경대학교,전문대학,사립,강원,C그룹,46754,1469,48223,48459,1469,49928,0,2,10495,0,2,10495,66,0,66,1424,0,1424,1424,0,49928,967,51.59999847412109,1424,49928,2.900000095367432
2022,234,세계사이버대학,기타,기타,경기,-,0,0,0,0,0,0,0,0,0,0,0,0,0,0,0,0,0,0,0,0,0,0,0.0,0,0,0.0
2022,235,세명대학교,대학,사립,충북,B그룹,292288,69726,362014,552512,104188,656700,16,14,32036,2,32,32036,105,11,116,7405,986,8391,6813,0,656700,7567,86.80000305175781,8391,656700,1.2999999523162842
2022,236,세종대학교,대학,사립,서울,A그룹,377659,208880,586539,656700,317706,974406,35,31,112404,5,71,112404,105,66,171,5945,1443,7388,6607,0,974406,14706,66.30000305175781,7388,974406,0.800000011920929
2022,237,세한대학교,대학,사립,충남,C그룹,177435,57781,235216,276452,79052,355504,15,11,107885,3,29,107885,46,1,47,10406,816,11222,8836,0,355504,3921,90.6999969482422,11222,355504,3.299999952316284
2022,238,송곡대학교,전문대학,사립,강원,C그룹,16206,43,16249,18505,97,18602,2,0,1738,0,2,1738,13,0,13,449,750,1199,1070,0,18602,649,28.700000762939453,1199,18602,6.900000095367432
2022,239,송원대학교,대학,사립,광주,C그룹,122815,21251,144066,235478,26514,261992,16,16,92730,4,36,92730,101,2,103,2981,332,3313,3007,0,261992,3142,83.4000015258789,3313,261992,1.2999999523162842
2022,240,송호대학교,전문대학,사립,강원,C그룹,33135,1604,34739,45187,2241,47428,1,1,3565,0,2,3565,41,0,41,717,41,758,758,0,47428,943,50.29999923706055,758,47428,1.600000023841858
2022,241,수도국제대학원대학교,대학원대학,사립,서울,-,16197,4121,20318,18744,4125,22869,0,0,0,0,0,0,29,0,29,78,35,113,108,593,22869,358,63.900001525878906,113,22869,0.5
2022,242,수성대학교,전문대학,사립,대구,B그룹,58247,2599,60846,125150,3490,128640,4,3,17521,2,9,17521,47,0,47,5473,79,5552,3841,8553,128640,3326,38.70000076293945,5552,128640,4.5
2022,243,수원가톨릭대학교,대학,사립,경기,C그룹,66712,26190,92902,104970,40597,145567,11,10,7453,0,21,7453,155,110,265,2315,2421,4736,3296,0,145567,184,791.0999755859375,4736,145567,3.400000095367432
2022,244,수원과학대학교,전문대학,사립,경기,B그룹,127896,7808,135704,220280,9685,229965,7,3,32632,1,11,32632,97,2,99,4932,31,4963,4241,2739,229965,4621,49.79999923706055,4963,229965,2.200000047683716
2022,245,수원대학교,대학,사립,경기,B그룹,304368,148221,452589,672816,263766,936582,18,15,119709,4,37,119709,155,7,162,6606,1786,8392,7048,18392,936582,9581,97.8000030517578,8392,936582,0.8999999761581421
2022,246,수원여자대학교,전문대학,사립,경기,B그룹,101464,6425,107889,189356,10094,199450,7,11,71008,1,19,71008,79,0,79,3978,0,3978,2245,3486,199450,3996,49.900001525878906,3978,199450,2.0
2022,247,숙명여자대학교,대학,사립,서울,A그룹,432000,282374,714374,956871,331299,1288170,36,39,167786,3,78,167786,278,101,379,27798,1513,29311,19593,29861,1288170,12596,102.3000030517578,29311,1288170,2.299999952316284
2022,248,순복음대학원대학교,대학원대학,사립,서울,-,17710,0,17710,29037,0,29037,0,0,0,0,0,0,51,0,51,0,447,447,409,0,29037,118,246.1000061035156,447,29037,1.600000023841858
2022,249,순복음총회신학교,대학,사립,충북,C그룹,13820,0,13820,25247,0,25247,0,0,0,0,0,0,0,0,0,0,0,0,0,0,25247,171,147.60000610351562,0,25247,0.0
2022,250,순천제일대학교,전문대학,사립,전남,B그룹,81870,1214,83084,117431,1334,118765,1,2,7326,0,3,7326,50,0,50,3508,1,3509,2352,0,118765,2534,46.900001525878906,3509,118765,3.0
2022,251,순천향대학교,대학,사립,충남,A그룹,359434,240247,599681,596302,269040,865342,47,32,188321,4,83,188321,122,9,131,17451,1246,18697,16538,0,865342,11665,74.19999694824219,18697,865342,2.200000047683716
2022,252,숭실대학교,대학,사립,서울,A그룹,449360,369183,818543,763865,412221,1176086,40,41,473954,6,87,473954,193,133,326,31953,2518,34471,24842,0,1176086,16346,71.9000015258789,34471,1176086,3.0
2022,253,숭실사이버대학교,대학,사립,서울,B그룹,2203,0,2203,9519,0,9519,6,6,59069,0,12,59069,0,0,0,0,0,0,0,0,9519,6988,1.399999976158142,0,9519,0.0
2022,254,숭의여자대학교,전문대학,사립,서울,B그룹,121096,19302,140398,174687,20993,195680,13,7,74745,2,22,74745,49,8,57,3771,13,3784,2891,0,195680,3273,59.79999923706055,3784,195680,2.0
2022,255,신경주대학교,대학,사립,경북,C그룹,215867,34827,250694,353625,58291,411916,7,11,69903,0,18,69903,261,0,261,0,566,566,432,0,411916,833,494.5,566,411916,0.1000000014901161
2022,256,신구대학교,전문대학,사립,경기,A그룹,130728,8436,139164,192451,9549,202000,2,1,19889,4,7,19889,58,16,74,6814,35,6849,6796,0,202000,6488,31.100000381469727,6849,202000,3.5
2022,257,신라대학교,대학,사립,부산,B그룹,274406,70441,344847,632406,117077,749483,18,22,279311,3,43,279311,104,14,118,9487,2652,12139,6635,1008,749483,9058,82.69999694824219,12139,749483,1.600000023841858
2022,258,신성대학교,전문대학,사립,충남,B그룹,125927,12942,138869,173542,19924,193466,15,9,5981,0,24,5981,114,0,114,3930,256,4186,3982,0,193466,3243,59.70000076293945,4186,193466,2.200000047683716
2022,259,신안산대학교,전문대학,사립,경기,B그룹,89981,2110,92091,138124,2219,140343,2,0,2962,0,2,2962,35,0,35,3124,298,3422,3104,5108,140343,3043,46.09999847412109,3422,140343,2.5
2022,260,신한대학교,대학,사립,경기,B그룹,267173,100925,368098,374863,103108,477971,17,14,119831,3,34,119831,206,11,217,17913,2974,20887,15863,0,477971,6758,70.69999694824219,20887,477971,4.599999904632568
2022,261,신흥대학교,전문대학,사립,경기,A그룹,0,0,0,0,0,0,0,0,0,0,0,0,0,0,0,0,0,0,0,0,0,0,0.0,0,0,0.0
2022,262,실천신학대학원대학교,대학원대학,사립,경기,-,6421,5790,12211,7537,5754,13291,0,0,0,0,0,0,8,0,8,119,5,124,119,0,13291,44,302.1000061035156,124,13291,0.8999999761581421
2022,263,아신대학교,대학,사립,경기,C그룹,53285,33465,86750,89302,53387,142689,1,8,70813,0,9,70813,131,60,191,863,602,1465,978,0,142689,1157,123.3000030517578,1465,142689,1.0
2022,264,아주대학교,대학,사립,경기,A그룹,395254,253849,649103,702591,456017,1158608,53,50,105327,3,106,105327,217,36,253,17742,2331,20073,17440,0,1158608,13640,84.9000015258789,20073,1158608,1.7999999523162842
2022,265,아주자동차대학교,전문대학,사립,충남,C그룹,47554,257,47811,47700,280,47980,0,0,5685,0,0,5685,64,0,64,931,65,996,996,502,47980,858,55.900001525878906,996,47980,2.0999999046325684
2022,266,안동과학대학교,전문대학,사립,경북,B그룹,77144,2568,79712,138193,2976,141169,11,10,68399,1,22,68399,131,1,132,3631,513,4144,3200,0,141169,2369,59.59999847412109,4144,141169,3.0
2022,267,안산대학교,전문대학,사립,경기,A그룹,92127,31119,123246,168162,34305,202467,5,5,41484,1,11,41484,141,12,153,4967,453,5420,4433,0,202467,4213,48.09999847412109,5420,202467,2.799999952316284
2022,268,안양대학교,대학,사립,경기,B그룹,278486,82332,360818,402059,87865,489924,18,12,154398,4,34,154398,89,15,104,4574,2999,7573,5412,0,489924,5008,97.8000030517578,7573,489924,1.600000023841858
2022,269,에스라성경대학원대학교,대학원대학,사립,경기,-,3731,2786,6517,7548,2242,9790,0,0,0,0,0,0,8,0,8,47,0,47,35,594,9790,68,144.0,47,9790,0.5
2022,270,여주대학교,전문대학,사립,경기,B그룹,150594,50390,200984,158110,50599,208709,3,1,72387,0,4,72387,35,0,35,7307,235,7542,7519,0,208709,4526,46.09999847412109,7542,208709,3.700000047683716
2022,271,연성대학교,전문대학,사립,경기,A그룹,148734,20583,169317,193340,22020,215360,13,6,35944,5,24,35944,114,8,122,4815,1107,5922,4678,0,215360,5813,37.0,5922,215360,2.799999952316284
2022,272,연세대학교,대학,사립,서울,A그룹,903052,964121,1867173,1557490,1306902,2864392,74,88,450622,1,163,450622,753,588,1341,123318,15515,138833,128170,1348,2864392,30796,93.0,138833,2864392,5.099999904632568
2022,273,연세대학교(미래),대학,사립,강원,B그룹,362071,72304,434375,493389,130446,623835,39,25,294960,4,68,294960,270,13,283,15860,688,16548,13314,15335,623835,8105,77.0,16548,623835,2.700000047683716
2022,274,연암공과대학교,전문대학,사립,경남,C그룹,50779,110,50889,68399,195,68594,6,2,12129,0,8,12129,120,0,120,1999,11,2010,1676,7976,68594,1198,57.29999923706055,2010,68594,3.0
2022,275,연암대학교,전문대학,사립,충남,C그룹,48440,2264,50704,70131,2858,72989,0,1,9985,0,1,9985,27,2,29,2062,300,2362,2289,0,72989,1038,70.30000305175781,2362,72989,3.299999952316284
2022,276,영남대학교,대학,사립,경북,A그룹,556275,415703,971978,1233268,661608,1894876,57,43,109874,0,100,109874,636,119,755,21211,9011,30222,26669,0,1894876,23067,82.0999984741211,30222,1894876,1.600000023841858
2022,277,영남사이버대학교,대학,사립,경북,C그룹,0,0,0,0,0,0,0,0,0,0,0,0,0,0,0,0,0,0,0,0,0,0,0.0,0,0,0.0
2022,278,영남신학대학교,대학,사립,경북,C그룹,68141,35424,103565,99407,46477,145884,11,8,18818,0,19,18818,47,1,48,274,991,1265,1169,0,145884,762,191.3999938964844,1265,145884,0.8999999761581421
2022,279,영남외국어대학,전문대학,사립,경북,C그룹,25123,1024,26147,25606,1026,26632,0,0,1345,0,0,1345,0,0,0,0,0,0,0,0,26632,449,59.29999923706055,0,26632,0.0
2022,280,영남이공대학교,전문대학,사립,대구,A그룹,104619,4204,108823,216074,5821,221895,16,9,88172,2,27,88172,153,2,155,5653,399,6052,3567,11457,221895,5135,43.20000076293945,6052,221895,2.799999952316284
2022,281,영산대학교,대학,사립,경남,B그룹,269144,59480,328624,416438,72662,489100,17,16,71385,8,41,71385,95,4,99,5620,1322,6942,5530,0,489100,6354,77.0,6942,489100,1.399999976158142
2022,282,영산선학대학교,대학,사립,전남,C그룹,35260,2978,38238,46185,5753,51938,0,0,0,0,0,0,55,0,55,103,0,103,0,0,51938,34,1527.5999755859375,103,51938,0.2000000029802322
2022,283,영진전문대학교,전문대학,사립,대구,A그룹,163319,24354,187673,332841,36384,369225,5,12,28675,3,20,28675,104,0,104,14170,0,14170,6603,0,369225,7167,51.5,14170,369225,4.0
2022,284,예명대학원대학교,대학원대학,사립,서울,-,9530,1250,10780,16045,1582,17627,0,0,0,0,0,0,0,0,0,210,0,210,201,0,17627,194,90.9000015258789,210,17627,1.2000000476837158
2022,285,예수대학교,대학,사립,전북,C그룹,28084,3277,31361,43254,3935,47189,0,8,8520,1,9,8520,19,6,25,401,137,538,478,245,47189,551,85.5999984741211,538,47189,1.2000000476837158
2022,286,예원예술대학교,대학,사립,전북,C그룹,31697,149,31846,42083,189,42272,10,9,57911,0,19,57911,2,0,2,60,427,487,459,0,42272,1920,22.0,487,42272,1.2000000476837158
2022,287,오산대학교,전문대학,사립,경기,A그룹,129880,6856,136736,170264,7502,177766,15,8,65576,2,25,65576,43,1,44,5240,0,5240,4651,0,177766,4706,37.79999923706055,5240,177766,3.0
2022,288,온석대학원대학교,대학원대학,사립,경기,-,12552,4448,17000,22199,9207,31406,0,0,10448,0,0,10448,0,0,0,26,0,26,26,0,31406,167,188.1000061035156,26,31406,0.1000000014901161
2022,289,용인대학교,대학,사립,경기,B그룹,206094,24520,230614,396545,40716,437261,12,8,48912,3,23,48912,107,1,108,12811,186,12997,6400,0,437261,6227,70.19999694824219,12997,437261,3.0999999046325684
2022,290,용인예술과학대학교,전문대학,사립,경기,B그룹,96584,12498,109082,153820,12820,166640,13,9,93810,0,22,93810,18,0,18,3783,396,4179,4016,3357,166640,3267,51.0,4179,166640,2.5999999046325684
2022,291,우석대학교,대학,사립,전북,B그룹,253700,125877,379577,623101,200012,823113,19,16,112087,4,39,112087,260,6,266,9375,1704,11079,6757,0,823113,8255,99.6999969482422,11079,823113,1.399999976158142
2022,292,우송공업대학,전문대학,사립,대전,B그룹,0,0,0,0,0,0,0,0,0,0,0,0,0,0,0,0,0,0,0,0,0,0,0.0,0,0,0.0
2022,293,우송대학교,대학,사립,대전,A그룹,173970,165279,339249,461369,178030,639399,16,10,252184,2,28,252184,36,6,42,21433,122,21555,10576,0,639399,10074,63.5,21555,639399,3.5
2022,294,우송정보대학,전문대학,사립,대전,B그룹,85533,9662,95195,164216,13730,177946,11,6,12036,0,17,12036,45,2,47,1544,247,1791,943,0,177946,3833,46.400001525878906,1791,177946,1.0
2022,295,울산과학기술원,대학,국립,울산,C그룹,99999,145192,245191,112097,157716,269813,37,21,376361,0,58,376361,0,0,0,5955,456,6411,6322,1166,269813,4041,66.80000305175781,6411,269813,2.400000095367432
2022,296,울산과학대학교,전문대학,사립,울산,A그룹,128514,3363,131877,190502,5663,196165,6,6,11611,0,12,11611,21,0,21,6433,579,7012,4896,0,196165,5500,35.70000076293945,7012,196165,3.700000047683716
2022,297,울산대학교,대학,사립,울산,A그룹,409278,203666,612944,694350,459293,1153643,55,46,86854,0,101,86854,204,12,216,10328,2014,12342,10396,0,1153643,13888,83.0999984741211,12342,1153643,1.100000023841858
2022,298,웅지세무대학교,전문대학,사립,경기,C그룹,0,0,0,0,0,0,0,0,0,0,0,0,0,0,0,0,0,0,0,0,0,840,0.0,0,0,0.0
2022,299,원광대학교,대학,사립,전북,A그룹,501243,248452,749695,1120583,476629,1597212,28,32,94467,2,62,94467,520,13,533,32865,2779,35644,20965,42338,1597212,16132,99.0,35644,1597212,2.299999952316284
2022,300,원광보건대학교,전문대학,사립,전북,B그룹,73308,9772,83080,178168,15231,193399,6,6,22457,3,15,22457,123,2,125,6009,694,6703,1375,7436,193399,4479,43.20000076293945,6703,193399,3.5999999046325684
2022,301,원불교대학원대학교,대학원대학,사립,전북,-,16243,1966,18209,24905,2290,27195,0,0,0,0,0,0,34,0,34,90,998,1088,532,50,27195,42,647.5,1088,27195,4.199999809265137
2022,302,웨스트민스터신학대학원대학교,대학원대학,사립,경기,-,29993,8442,38435,40480,10206,50686,12,8,57012,0,20,57012,306,0,306,434,3228,3662,3231,366,50686,425,119.3000030517578,3662,50686,7.800000190734863
2022,303,위덕대학교,대학,사립,경북,C그룹,112859,63880,176739,218157,80673,298830,14,13,90067,1,28,90067,58,8,66,4051,516,4567,3290,0,298830,3017,99.0,4567,298830,1.600000023841858
2022,304,유원대학교,대학,사립,충북,C그룹,218764,6358,225122,408342,10538,418880,11,13,59598,3,27,59598,61,0,61,5293,16,5309,4513,0,418880,3362,124.5999984741211,5309,418880,1.2999999523162842
2022,305,유한대학교,전문대학,사립,경기,A그룹,125100,15692,140792,202988,17490,220478,8,5,19454,0,13,19454,77,11,88,5531,49,5580,5095,0,220478,4535,48.59999847412109,5580,220478,2.5999999046325684
2022,306,육군사관학교,기타,기타,서울,-,165264,73896,239160,208699,82321,291020,12,0,17652,0,12,17652,154,40,194,3112,1441,4553,4015,0,291020,0,0.0,4553,291020,1.600000023841858
2022,307,을지대학교,대학,사립,대전,B그룹,119005,59223,178228,187423,64343,251766,22,16,96380,1,39,96380,73,0,73,6427,2968,9395,5804,0,251766,4789,52.59999847412109,9395,251766,3.900000095367432
2022,308,이화여자대학교,대학,사립,서울,A그룹,627658,536806,1164464,992515,748314,1740829,37,88,436967,8,133,436967,533,711,1244,44364,3708,48072,43470,53150,1740829,21515,80.9000015258789,48072,1740829,2.799999952316284
2022,309,인덕대학교,전문대학,사립,서울,A그룹,120058,37709,157767,235224,45228,280452,12,9,81672,0,21,81672,80,0,80,10433,125,10558,10050,11593,280452,5955,47.09999847412109,10558,280452,3.900000095367432
2022,310,인제대학교,대학,사립,경남,B그룹,421292,168296,589588,674403,243698,918101,36,26,209706,0,62,209706,94,13,107,6782,774,7556,6265,0,918101,9707,94.5999984741211,7556,918101,0.800000011920929
2022,311,인제대학원대학교,대학원대학,사립,서울,-,0,0,0,0,0,0,0,0,0,0,0,0,0,0,0,0,0,0,0,0,0,0,0.0,0,0,0.0
2022,312,인천가톨릭대학교,대학,사립,인천,C그룹,68125,33198,101323,98181,39847,138028,32,24,76567,3,59,76567,149,87,236,2731,1574,4305,2898,0,138028,815,169.39999389648438,4305,138028,3.200000047683716
2022,313,인천대학교,대학,국립,인천,A그룹,439550,177983,617533,1087161,228104,1315265,41,35,83140,3,79,83140,314,37,351,34000,4771,38771,16606,0,1315265,12885,102.0999984741211,38771,1315265,3.0
2022,314,인천전문대학,전문대학,공립,인천,A그룹,0,0,0,0,0,0,0,0,0,0,0,0,0,0,0,0,0,0,0,0,0,0,0.0,0,0,0.0
2022,315,인하공업전문대학,전문대학,사립,인천,A그룹,97020,16178,113198,206475,21203,227678,6,7,75484,1,14,75484,50,9,59,7668,56,7724,4444,0,227678,6703,34.0,7724,227678,3.5
2022,316,인하대학교,대학,사립,인천,A그룹,588597,336816,925413,1247493,405126,1652619,47,44,112675,3,94,112675,441,83,524,14971,2799,17770,16387,52812,1652619,20639,80.0999984741211,17770,1652619,1.100000023841858
2022,317,장로회신학대학교,대학,사립,서울,C그룹,138011,89474,227485,230554,174245,404799,9,12,57014,2,23,57014,140,103,243,1738,1353,3091,2591,0,404799,2124,190.6000061035156,3091,404799,0.800000011920929
2022,318,장안대학교,전문대학,사립,경기,B그룹,115765,24179,139944,182270,25598,207868,14,8,86473,5,27,86473,76,9,85,5249,658,5907,4319,0,207868,4101,50.70000076293945,5907,207868,2.900000095367432
2022,319,재능대학교,전문대학,사립,인천,B그룹,75064,870,75934,122569,904,123473,3,5,64474,0,8,64474,85,0,85,3834,438,4272,4155,0,123473,3674,33.599998474121094,4272,123473,3.5999999046325684
2022,320,전남과학대학교,전문대학,사립,전남,B그룹,108835,1092,109927,136436,1204,137640,6,5,36287,1,12,36287,100,0,100,4397,1259,5656,4598,0,137640,3662,37.59999847412109,5656,137640,4.300000190734863
2022,321,전남대학교,대학,국립,광주,A그룹,860470,481364,1341834,1333253,603440,1936693,42,43,245340,0,85,245340,1154,267,1421,27942,10199,38141,24767,104445,1936693,23752,81.5,38141,1936693,2.0
2022,322,전남도립대학교,전문대학,공립,전남,C그룹,76161,1798,77959,97076,1981,99057,4,5,9034,2,11,9034,142,0,142,2187,902,3089,3089,0,99057,1207,82.0999984741211,3089,99057,3.200000047683716
2022,323,전북과학대학교,전문대학,사립,전북,C그룹,55462,1583,57045,58683,4222,62905,0,16,10566,4,20,10566,121,1,122,3157,0,3157,3001,1117,62905,1738,36.20000076293945,3157,62905,5.300000190734863
2022,324,전북대학교,대학,국립,전북,A그룹,621867,176051,797918,1439740,430795,1870535,44,39,138708,6,89,138708,756,375,1131,24532,9491,34023,25608,0,1870535,21919,85.30000305175781,34023,1870535,1.899999976158142
2022,325,전주교육대학교,대학,국립,전북,C그룹,127987,11496,139483,295540,15789,311329,10,11,59884,0,21,59884,139,19,158,4194,563,4757,1756,0,311329,1344,231.6000061035156,4757,311329,1.600000023841858
2022,326,전주기전대학,전문대학,사립,전북,C그룹,46385,2309,48694,94230,3600,97830,0,0,8713,0,0,8713,8,0,8,2266,53,2319,2421,820,97830,1590,61.5,2319,97830,2.400000095367432
2022,327,전주대학교,대학,사립,전북,A그룹,316615,63018,379633,603933,130857,734790,19,16,77279,4,39,77279,234,0,234,48996,41031,90027,13232,0,734790,12444,59.0,90027,734790,14.0
2022,328,전주비전대학교,전문대학,사립,전북,B그룹,79925,7109,87034,145590,8565,154155,3,6,15211,38,47,15211,29,1,30,5495,480,5975,4343,0,154155,3611,42.70000076293945,5975,154155,4.0
2022,329,제네바신학대학원대학교,대학원대학,사립,경기,-,20799,6690,27489,37172,9608,46780,0,0,0,0,0,0,59,29,88,205,0,205,188,251,46780,7,6682.89990234375,205,46780,0.4000000059604645
2022,330,제주관광대학교,전문대학,사립,제주,C그룹,46202,1271,47473,78389,1541,79930,1,2,16732,0,3,16732,102,4,106,2169,99,2268,1733,0,79930,1911,41.79999923706055,2268,79930,2.900000095367432
2022,331,제주국제대학교,대학,사립,제주,C그룹,54014,7705,61719,74340,8318,82658,0,0,6248,0,0,6248,135,0,135,0,68,68,62,0,82658,882,93.6999969482422,68,82658,0.1000000014901161
2022,332,제주대학교,대학,국립,제주,A그룹,488079,305953,794032,965963,419263,1385226,30,37,424755,3,70,424755,254,127,381,24963,3273,28236,18827,85256,1385226,11544,120.0,28236,1385226,2.0999999046325684
2022,333,제주한라대학교,전문대학,사립,제주,A그룹,86898,12455,99353,127154,14140,141294,4,7,14632,1,12,14632,135,0,135,809,0,809,799,5463,141294,5664,24.899999618530277,809,141294,0.6000000238418579
2022,334,조선간호대학교,전문대학,사립,광주,C그룹,30110,1908,32018,35421,2045,37466,11,6,65867,0,17,65867,29,0,29,778,63,841,814,0,37466,743,50.400001525878906,841,37466,2.299999952316284
2022,335,조선대학교,대학,사립,광주,A그룹,491795,234985,726780,1019701,404759,1424460,34,28,177629,3,65,177629,137,48,185,15902,4702,20604,14958,0,1424460,20247,70.4000015258789,20604,1424460,1.5
2022,336,조선이공대학교,전문대학,사립,광주,B그룹,66706,15666,82372,97641,20083,117724,0,0,16928,0,0,16928,31,0,31,2246,0,2246,2246,0,117724,3071,38.29999923706055,2246,117724,1.899999976158142
2022,337,주안대학원대학교,대학원대학,사립,인천,-,7018,3041,10059,11898,3343,15241,4,4,6476,0,8,6476,28,3,31,429,218,647,570,34,15241,92,165.6999969482422,647,15241,4.400000095367432
2022,338,중부대학교,대학,사립,충남,B그룹,286184,69336,355520,620434,83121,703555,18,22,170753,3,43,170753,272,0,272,26946,17176,44122,24043,0,703555,9508,74.0,44122,703555,6.699999809265137
2022,339,중앙대학교,대학,사립,서울,A그룹,533171,607638,1140809,1495036,840956,2335992,49,79,710820,2,130,710820,135,149,284,67136,3222,70358,59445,12824,2335992,29731,78.5999984741211,70358,2335992,3.0999999046325684
2022,340,중앙승가대학교,대학,사립,경기,C그룹,62564,6801,69365,81703,9673,91376,3,0,272,0,3,272,1215,0,1215,0,483,483,471,0,91376,191,478.3999938964844,483,91376,0.5
2022,341,중원대학교,대학,사립,충북,C그룹,66504,134056,200560,81008,134806,215814,14,13,185445,0,27,185445,0,0,0,1694,703,2397,2213,0,215814,4157,51.900001525878906,2397,215814,1.100000023841858
2022,342,진주교육대학교,대학,국립,경남,C그룹,151499,9404,160903,301027,11902,312929,17,9,129542,0,26,129542,25,0,25,3101,40,3141,1886,3660,312929,1686,185.6000061035156,3141,312929,1.0
2022,343,진주보건대학교,전문대학,사립,경남,B그룹,71615,1986,73601,98790,2428,101218,8,7,52085,0,15,52085,127,0,127,3584,468,4052,2746,0,101218,2701,37.5,4052,101218,4.199999809265137
2022,344,차의과학대학교,대학,사립,경기,C그룹,46297,11174,57471,88372,18568,106940,15,15,72072,0,30,72072,123,0,123,1610,228,1838,1573,7294,106940,3308,32.29999923706055,1838,106940,1.7000000476837158
2022,345,창신대학교,대학,사립,경남,C그룹,102054,4338,106392,152649,5972,158621,11,10,22216,2,23,22216,35,0,35,937,625,1562,1165,0,158621,2048,77.5,1562,158621,1.0
2022,346,창원문성대학교,전문대학,사립,경남,C그룹,98153,2655,100808,199006,5657,204663,1,1,10453,0,2,10453,20,0,20,2637,0,2637,1873,0,204663,2006,102.0,2637,204663,1.2999999523162842
2022,347,청강문화산업대학교,전문대학,사립,경기,B그룹,103307,15873,119180,178880,16997,195877,12,10,70691,1,23,70691,89,44,133,4414,251,4665,4603,0,195877,3424,57.20000076293945,4665,195877,2.400000095367432
2022,348,청암대학교,전문대학,사립,전남,B그룹,62919,7286,70205,89495,10785,100280,0,1,1489,0,1,1489,5,0,5,1842,0,1842,1652,0,100280,2441,41.09999847412109,1842,100280,1.899999976158142
2022,349,청운대학교,대학,사립,충남,B그룹,293405,66370,359775,602317,76494,678811,18,13,158945,5,36,158945,185,25,210,13834,772,14606,10371,0,678811,6103,111.1999969482422,14606,678811,2.200000047683716
2022,350,청주교육대학교,대학,국립,충북,C그룹,158488,10816,169304,282115,24644,306759,11,7,10979,0,18,10979,111,3,114,8136,2075,10211,6695,0,306759,1564,196.1000061035156,10211,306759,3.400000095367432
2022,351,청주대학교,대학,사립,충북,A그룹,473139,188441,661580,1023391,287483,1310874,20,25,134525,3,48,134525,461,37,498,24723,3105,27828,16151,0,1310874,11490,114.0999984741211,27828,1310874,2.200000047683716
2022,352,초당대학교,대학,사립,전남,C그룹,198106,43644,241750,329232,50516,379748,16,14,105943,4,34,105943,99,7,106,9071,283,9354,5627,0,379748,3445,110.1999969482422,9354,379748,2.5
2022,353,총신대학교,대학,사립,서울,C그룹,122400,344557,466957,287815,406898,694713,15,21,58202,3,39,58202,138,159,297,14219,1193,15412,13070,0,694713,3681,188.6999969482422,15412,694713,2.299999952316284
2022,354,추계예술대학교,대학,사립,서울,C그룹,105615,9916,115531,133554,10610,144164,14,13,60860,3,30,60860,88,24,112,2147,112,2259,2215,1,144164,1314,109.6999969482422,2259,144164,1.600000023841858
2022,355,춘천교육대학교,대학,국립,강원,C그룹,215236,7329,222565,337096,9285,346381,10,16,0,1,27,0,33,0,33,7173,12,7185,4415,0,346381,1674,206.8999938964844,7185,346381,2.0999999046325684
2022,356,춘해보건대학교,전문대학,사립,울산,B그룹,79593,1774,81367,91166,2223,93389,6,5,22887,0,11,22887,77,1,78,3359,385,3744,3644,0,93389,2713,34.400001525878906,3744,93389,4.199999809265137
2022,357,충남대학교,대학,국립,대전,A그룹,638183,320343,958526,1389254,464656,1853910,41,53,356603,7,101,356603,67,491,558,10130,12959,23089,16900,16300,1853910,22412,82.69999694824219,23089,1853910,1.2999999523162842
2022,358,충남도립대학교,전문대학,공립,충남,C그룹,48352,1626,49978,70974,1957,72931,4,0,1392,1,5,1392,100,3,103,1938,866,2804,2062,4948,72931,1025,71.19999694824219,2804,72931,4.0
2022,359,충북대학교,대학,국립,충북,A그룹,448368,174364,622732,1113684,262938,1376622,47,43,120612,6,96,120612,627,182,809,23544,5360,28904,18923,44,1376622,16386,84.0,28904,1376622,2.0999999046325684
2022,360,충북도립대학교,전문대학,공립,충북,C그룹,39020,193,39213,68037,216,68253,0,1,4046,0,1,4046,59,0,59,1965,256,2221,1151,3699,68253,724,94.3000030517578,2221,68253,3.400000095367432
2022,361,충북보건과학대학교,전문대학,사립,충북,B그룹,69497,4098,73595,107282,4750,112032,4,4,16605,0,8,16605,144,0,144,1965,0,1965,1467,5569,112032,2557,43.79999923706055,1965,112032,1.7999999523162842
2022,362,충청대학교,전문대학,사립,충북,B그룹,100043,17156,117199,159574,19326,178900,16,9,72517,4,29,72517,89,1,90,4525,216,4741,4562,0,178900,3484,51.29999923706055,4741,178900,2.700000047683716
2022,363,치유상담대학원대학교,대학원대학,사립,서울,-,14529,3153,17682,14636,3176,17812,0,2,0,0,2,0,5,0,5,80,1382,1462,1451,0,17812,143,124.5999984741211,1462,17812,8.899999618530273
2022,364,칼빈대학교,대학,사립,경기,C그룹,46314,38359,84673,79078,43287,122365,12,13,78212,0,25,78212,138,19,157,687,639,1326,1105,0,122365,984,124.4000015258789,1326,122365,1.100000023841858
2022,365,탐라대학교,대학,사립,제주,C그룹,0,0,0,0,0,0,0,0,0,0,0,0,0,0,0,0,0,0,0,0,0,0,0.0,0,0,0.0
2022,366,평택대학교,대학,사립,경기,C그룹,232602,73717,306319,356117,88581,444698,15,11,74644,1,27,74644,86,0,86,7558,2258,9816,7186,0,444698,4189,106.1999969482422,9816,444698,2.299999952316284
2022,367,포항공과대학교,대학,사립,경북,C그룹,89865,179590,269455,114065,265175,379240,41,22,630565,0,63,630565,32,31,63,2987,242,3229,2901,657,379240,3298,115.0,3229,379240,0.8999999761581421
2022,368,포항대학교,전문대학,사립,경북,C그룹,45866,15389,61255,77966,24502,102468,0,2,1634,0,2,1634,45,0,45,5793,0,5793,5719,0,102468,1641,62.400001525878906,5793,102468,6.0
2022,369,한경국립대학교,대학,국립,경기,B그룹,248586,37802,286388,496641,50078,546719,26,14,68962,4,44,68962,276,34,310,12681,1738,14419,9026,0,546719,6197,88.19999694824219,14419,546719,2.700000047683716
2022,370,한국개발연구원국제정책대학원대학교,대학원대학,사립,세종,-,86581,145828,232409,97435,171935,269370,11,28,585537,0,39,585537,1,11,12,1333,1171,2504,2358,0,269370,745,361.6000061035156,2504,269370,0.8999999761581421
2022,371,한국골프과학기술대학교,전문대학,사립,강원,C그룹,15533,47,15580,16300,47,16347,0,0,2274,0,0,2274,17,0,17,433,4,437,425,0,16347,423,38.59999847412109,437,16347,2.700000047683716
2022,372,한국공학대학교,대학,사립,경기,B그룹,129458,10400,139858,202203,13650,215853,20,12,90815,6,38,90815,95,11,106,5759,1204,6963,5905,0,215853,7415,29.100000381469727,6963,215853,3.299999952316284
2022,373,한국과학기술원,대학,국립,대전,A그룹,307498,396437,703935,426908,457848,884756,71,68,465713,2,141,465713,89,14,103,30972,5715,36687,31970,164,884756,10824,81.69999694824219,36687,884756,4.300000190734863
2022,374,한국관광대학교,전문대학,사립,경기,C그룹,55052,1635,56687,101279,2078,103357,9,7,60981,1,17,60981,94,1,95,4329,329,4658,2312,0,103357,1653,62.5,4658,103357,4.699999809265137
2022,375,한국교원대학교,대학,국립,충북,B그룹,256423,118921,375344,536087,156445,692532,28,19,133566,0,47,133566,160,47,207,14170,2934,17104,13300,0,692532,5695,121.5999984741211,17104,692532,2.5
2022,376,한국국제대학교,대학,사립,경남,C그룹,103624,21158,124782,246050,23959,270009,18,10,35138,0,28,35138,93,0,93,0,96,96,71,0,270009,1196,225.8000030517578,96,270009,0.0
2022,377,한국기술교육대학교,대학,사립,충남,C그룹,183542,37935,221477,380635,47890,428525,21,21,70934,5,47,70934,206,54,260,15678,1144,16822,9546,5070,428525,4609,93.0,16822,428525,4.099999904632568
2022,378,한국농수산대학교,전문대학,국립,전북,C그룹,52690,4145,56835,61235,4952,66187,1,3,14742,2,6,14742,163,23,186,1208,290,1498,1267,0,66187,1636,40.5,1498,66187,2.299999952316284
2022,379,한국방송통신대학교,대학,국립,서울,A그룹,250633,145230,395863,884881,131022,1015903,1,21,78136,5,27,78136,91,1,92,10780,1217,11997,6320,31635,1015903,107154,9.5,11997,1015903,1.2000000476837158
2022,380,한국복지사이버대학교,전문대학,사립,경북,B그룹,2908,5491,8399,6084,5491,11575,0,0,8399,0,0,8399,0,0,0,128,331,459,443,0,11575,2592,4.5,459,11575,4.099999904632568
2022,381,한국상담대학원대학교,대학원대학,사립,서울,-,13048,2105,15153,19324,2523,21847,11,7,0,0,18,0,0,0,0,234,1996,2230,1503,0,21847,167,130.8000030517578,2230,21847,11.399999618530272
2022,382,한국성서대학교,대학,사립,서울,C그룹,92463,21958,114421,139749,26740,166489,11,14,94558,3,28,94558,108,36,144,1466,4207,5673,2686,2189,166489,1248,133.39999389648438,5673,166489,3.5
2022,383,한국승강기대학교,전문대학,사립,경남,C그룹,15903,300,16203,22706,367,23073,0,0,251,0,0,251,0,0,0,338,0,338,319,0,23073,587,39.29999923706055,338,23073,1.5
2022,384,한국에너지공과대학교,대학,국립,전남,C그룹,0,0,0,0,0,0,0,0,0,0,0,0,0,0,0,0,0,0,0,0,0,0,0.0,0,0,0.0
2022,385,한국열린사이버대학교,대학,사립,서울,B그룹,2044,367,2411,2239,1835,4074,0,0,3879,0,0,3879,0,0,0,0,0,0,0,0,4074,6026,0.699999988079071,0,4074,0.0
2022,386,한국영상대학교,전문대학,사립,세종,B그룹,72122,1604,73726,130531,2388,132919,3,3,19202,2,8,19202,56,2,58,3870,145,4015,3967,0,132919,3071,43.29999923706055,4015,132919,3.0999999046325684
2022,387,한국예술종합학교,대학,국립,서울,C그룹,143695,92157,235852,229724,107923,337647,13,15,105651,2,30,105651,163,160,323,15305,658,15963,13925,0,337647,2647,127.5999984741211,15963,337647,5.0
2022,388,한국외국어대학교,대학,사립,서울,A그룹,601622,376856,978478,1427845,603095,2030940,42,48,470714,7,97,470714,1382,339,1721,41512,9456,50968,33744,278,2030940,20003,101.5,50968,2030940,2.5999999046325684
2022,389,한국전력국제원자력대학원대학교,대학원대학,사립,울산,-,4175,4514,8689,4175,4514,8689,0,2,0,0,2,0,8,6,14,452,31,483,483,12,8689,90,96.5,483,8689,5.900000095367432
2022,390,한국전통문화대학교,대학,국립,충남,C그룹,123106,25015,148121,250995,38344,289339,16,14,76809,0,30,76809,90,50,140,8876,4069,12945,9087,0,289339,819,353.29998779296875,12945,289339,4.699999809265137
2022,391,한국정보통신대학교,대학,사립,대전,C그룹,0,0,0,0,0,0,0,0,0,0,0,0,0,0,0,0,0,0,0,0,0,0,0.0,0,0,0.0
2022,392,한국철도대학,전문대학,국립,경기,C그룹,0,0,0,0,0,0,0,0,0,0,0,0,0,0,0,0,0,0,0,0,0,0,0.0,0,0,0.0
2022,393,한국체육대학교,대학,국립,서울,C그룹,99637,12267,111904,151439,16010,167449,19,17,62773,0,36,62773,100,7,107,4404,347,4751,4173,0,167449,3045,55.0,4751,167449,2.900000095367432
2022,394,한국침례신학대학교,대학,사립,대전,C그룹,109496,69900,179396,181456,83750,265206,16,18,95684,0,34,95684,102,28,130,2106,788,2894,1965,0,265206,1738,152.60000610351562,2894,265206,1.100000023841858
2022,395,한국폴리텍Ⅰ대학서울강서캠퍼스,전문대학,사립,서울,C그룹,7674,0,7674,8277,0,8277,0,0,7574,0,0,7574,13,0,13,409,0,409,409,0,8277,501,16.5,409,8277,5.199999809265137
2022,396,한국폴리텍Ⅰ대학서울정수캠퍼스,전문대학,사립,서울,C그룹,12500,15,12515,14188,15,14203,0,0,0,0,0,0,0,0,0,516,0,516,491,225,14203,1395,10.199999809265137,516,14203,3.799999952316284
2022,397,한국폴리텍Ⅰ대학성남캠퍼스,전문대학,사립,경기,C그룹,9242,0,9242,12012,0,12012,0,0,0,0,0,0,0,0,0,489,0,489,467,0,12012,741,16.200000762939453,489,12012,4.199999809265137
2022,398,한국폴리텍Ⅰ대학제주캠퍼스,전문대학,사립,제주,C그룹,7233,0,7233,8035,0,8035,0,0,0,0,0,0,0,0,0,222,0,222,0,0,8035,48,167.39999389648438,222,8035,2.799999952316284
2022,399,한국폴리텍Ⅱ대학남인천캠퍼스,전문대학,사립,인천,C그룹,4510,0,4510,5289,0,5289,0,0,0,0,0,0,0,0,0,256,0,256,245,0,5289,42,125.9000015258789,256,5289,5.099999904632568
2022,400,한국폴리텍Ⅱ대학인천캠퍼스,전문대학,사립,인천,C그룹,6210,0,6210,19687,0,19687,0,0,2682,0,0,2682,0,0,0,623,0,623,585,0,19687,1915,10.300000190734863,623,19687,3.299999952316284
2022,401,한국폴리텍Ⅱ대학화성캠퍼스,전문대학,사립,경기,C그룹,2852,0,2852,3491,0,3491,0,0,0,0,0,0,0,0,0,0,0,0,0,0,3491,9,387.8999938964844,0,3491,0.0
2022,402,한국폴리텍Ⅲ대학강릉캠퍼스,전문대학,사립,강원,C그룹,5486,0,5486,6244,0,6244,0,0,0,0,0,0,5,0,5,559,0,559,542,0,6244,132,47.29999923706055,559,6244,9.800000190734863
2022,403,한국폴리텍Ⅲ대학원주캠퍼스,전문대학,사립,강원,C그룹,3149,0,3149,3149,0,3149,0,0,0,0,0,0,0,0,0,548,0,548,548,0,3149,97,32.5,548,3149,21.100000381469727
2022,404,한국폴리텍Ⅲ대학춘천캠퍼스,전문대학,사립,강원,C그룹,9578,0,9578,11658,0,11658,0,0,2080,0,0,2080,0,0,0,0,0,0,0,0,11658,258,45.20000076293945,0,11658,0.0
2022,405,한국폴리텍Ⅳ대학대전캠퍼스,전문대학,사립,대전,C그룹,7714,0,7714,7714,0,7714,0,0,2682,0,0,2682,0,0,0,0,0,0,0,0,7714,767,10.100000381469728,0,7714,0.0
2022,406,한국폴리텍Ⅳ대학아산캠퍼스,전문대학,사립,충남,C그룹,7473,0,7473,8495,0,8495,0,0,0,0,0,0,16,0,16,59,0,59,55,0,8495,493,17.200000762939453,59,8495,0.699999988079071
2022,407,한국폴리텍Ⅳ대학청주캠퍼스,전문대학,사립,충북,C그룹,5485,0,5485,9744,0,9744,0,0,0,0,0,0,0,0,0,607,0,607,584,0,9744,730,13.300000190734863,607,9744,6.599999904632568
2022,408,한국폴리텍Ⅳ대학충남캠퍼스,전문대학,사립,충남,C그룹,0,0,0,5034,0,5034,0,0,0,0,0,0,0,0,0,0,0,0,0,382,5034,187,26.899999618530277,0,5034,0.0
2022,409,한국폴리텍Ⅴ대학광주캠퍼스,전문대학,사립,광주,C그룹,11943,0,11943,14814,0,14814,0,0,0,0,0,0,0,0,0,408,0,408,339,0,14814,832,17.799999237060547,408,14814,2.799999952316284
2022,410,한국폴리텍Ⅴ대학순천캠퍼스,전문대학,사립,전남,C그룹,5465,7,5472,5934,9,5943,0,0,0,0,0,0,0,0,0,390,0,390,390,0,5943,21,283.0,390,5943,7.0
2022,411,한국폴리텍Ⅴ대학익산캠퍼스,전문대학,사립,전북,C그룹,4477,0,4477,4477,0,4477,0,0,0,0,0,0,0,0,0,31,0,31,31,0,4477,118,37.900001525878906,31,4477,0.699999988079071
2022,412,한국폴리텍Ⅴ대학전남캠퍼스,전문대학,사립,전남,C그룹,2500,0,2500,4317,0,4317,0,0,0,0,0,0,0,0,0,0,0,0,0,0,4317,200,21.600000381469727,0,4317,0.0
2022,413,한국폴리텍Ⅴ대학전북캠퍼스,전문대학,사립,전북,C그룹,4660,0,4660,4786,0,4786,0,0,0,0,0,0,0,0,0,0,0,0,0,23,4786,417,11.5,0,4786,0.0
2022,414,한국폴리텍Ⅵ대학구미캠퍼스,전문대학,사립,경북,C그룹,2500,0,2500,7757,0,7757,0,0,0,0,0,0,11,0,11,282,0,282,282,0,7757,489,15.899999618530272,282,7757,3.799999952316284
2022,415,한국폴리텍Ⅵ대학대구캠퍼스,전문대학,사립,대구,C그룹,12204,0,12204,14063,0,14063,0,0,0,0,0,0,37,0,37,187,0,187,0,0,14063,540,26.0,187,14063,1.2999999523162842
2022,416,한국폴리텍Ⅵ대학영남융합기술캠퍼스,전문대학,사립,대구,C그룹,6890,0,6890,8158,0,8158,0,0,0,0,0,0,0,0,0,201,0,201,201,0,8158,172,47.400001525878906,201,8158,2.5
2022,417,한국폴리텍Ⅵ대학영주캠퍼스,전문대학,사립,경북,C그룹,2585,0,2585,3190,0,3190,0,0,0,0,0,0,0,0,0,269,25,294,285,0,3190,41,77.80000305175781,294,3190,10.199999809265137
2022,418,한국폴리텍Ⅶ대학동부산캠퍼스,전문대학,사립,부산,C그룹,4105,809,4914,4105,809,4914,0,0,0,0,0,0,0,0,0,60,60,120,120,0,4914,0,0.0,120,4914,2.5
2022,419,한국폴리텍Ⅶ대학부산캠퍼스,전문대학,사립,부산,C그룹,13631,0,13631,13631,0,13631,0,0,0,0,0,0,0,0,0,103,0,103,103,0,13631,840,16.200000762939453,103,13631,0.800000011920929
2022,420,한국폴리텍Ⅶ대학울산캠퍼스,전문대학,사립,울산,C그룹,10451,0,10451,10450,0,10450,0,0,0,0,0,0,0,0,0,90,0,90,90,90,10450,696,15.0,90,10450,0.8999999761581421
2022,421,한국폴리텍Ⅶ대학진주캠퍼스,전문대학,사립,경남,C그룹,352,0,352,2385,0,2385,0,0,0,0,0,0,0,0,0,51,0,51,0,84,2385,0,0.0,51,2385,2.200000047683716
2022,422,한국폴리텍Ⅶ대학창원캠퍼스,전문대학,사립,경남,C그룹,18135,0,18135,17389,0,17389,0,0,0,0,0,0,30,0,30,872,0,872,742,0,17389,1379,12.600000381469728,872,17389,5.300000190734863
2022,423,한국폴리텍특성화 로봇캠퍼스,전문대학,사립,경북,C그룹,2355,0,2355,2382,0,2382,0,0,0,0,0,0,0,0,0,93,0,93,93,0,2382,98,24.299999237060547,93,2382,4.099999904632568
2022,424,한국폴리텍특성화 바이오캠퍼스,전문대학,사립,충남,C그룹,4608,0,4608,5632,0,5632,0,0,2683,0,0,2683,0,0,0,191,0,191,0,0,5632,404,13.899999618530272,191,5632,3.5
2022,425,한국폴리텍특성화 반도체융합캠퍼스,전문대학,사립,경기,C그룹,7590,0,7590,9364,0,9364,0,0,0,0,0,0,0,0,0,0,0,0,0,0,9364,583,16.100000381469727,0,9364,0.0
2022,426,한국폴리텍특성화 항공캠퍼스,전문대학,사립,경남,C그룹,5429,200,5629,5429,200,5629,0,0,0,0,0,0,0,0,0,75,0,75,75,12,5629,454,12.399999618530272,75,5629,1.399999976158142
2022,427,한국학대학원,대학원대학,국립,경기,-,216185,102873,319058,344377,150461,494838,14,16,62204,0,30,62204,224,92,316,6280,3011,9291,6751,0,494838,262,1888.699951171875,9291,494838,1.899999976158142
2022,428,한국항공대학교,대학,사립,경기,C그룹,132140,103775,235915,201919,117456,319375,9,11,136182,0,20,136182,62,16,78,2139,245,2384,2294,0,319375,4405,72.5,2384,319375,0.800000011920929
2022,429,한남대학교,대학,사립,대전,A그룹,369139,151921,521060,752168,244978,997146,19,22,134785,0,41,134785,227,8,235,8447,2865,11312,6895,0,997146,11959,83.4000015258789,11312,997146,1.100000023841858
2022,430,한동대학교,대학,사립,경북,C그룹,122278,105305,227583,176209,127904,304113,25,12,47446,1,38,47446,58,48,106,3971,10199,14170,12980,0,304113,4352,69.9000015258789,14170,304113,4.900000095367432
2022,431,한라대학교,대학,사립,강원,C그룹,125529,61443,186972,188883,61949,250832,17,11,155112,5,33,155112,102,11,113,9132,463,9595,9377,0,250832,3448,72.69999694824219,9595,250832,4.0
2022,432,한려대학교,대학,사립,전남,C그룹,0,0,0,0,0,0,0,0,0,0,0,0,0,0,0,0,0,0,0,0,0,0,0.0,0,0,0.0
2022,433,한림국제대학원대학교,대학원대학,사립,서울,-,2194,1224,3418,3562,1308,4870,0,0,0,0,0,0,0,0,0,24,4,28,26,0,4870,245,19.899999618530277,28,4870,0.6000000238418579
2022,434,한림대학교,대학,사립,강원,B그룹,284771,152833,437604,578065,280979,859044,28,17,70164,0,45,70164,363,16,379,8739,3125,11864,7315,0,859044,8500,101.0999984741211,11864,859044,1.399999976158142
2022,435,한림성심대학교,전문대학,사립,강원,B그룹,71394,4791,76185,146534,7703,154237,14,7,64466,0,21,64466,47,0,47,3576,331,3907,3014,6467,154237,2780,55.5,3907,154237,2.5999999046325684
2022,436,한민학교,대학,사립,충남,C그룹,0,0,0,0,0,0,0,0,0,0,0,0,0,0,0,0,0,0,0,0,0,0,0.0,0,0,0.0
2022,437,한반도국제대학원대학교,대학원대학,사립,서울,-,11400,1492,12892,11608,1518,13126,0,0,0,0,0,0,0,0,0,36,17,53,53,0,13126,73,179.8000030517578,53,13126,0.4000000059604645
2022,438,한북대학교,대학,사립,경기,C그룹,0,0,0,0,0,0,0,0,0,0,0,0,0,0,0,0,0,0,0,0,0,0,0.0,0,0,0.0
2022,439,한서대학교,대학,사립,충남,B그룹,237212,264955,502167,369413,355003,724416,22,22,115545,5,49,115545,109,43,152,15593,1283,16876,13597,0,724416,7300,99.1999969482422,16876,724416,2.400000095367432
2022,440,한성대학교,대학,사립,서울,B그룹,419801,149300,569101,573840,178399,752239,17,13,95854,1,31,95854,111,0,111,15051,785,15836,15002,13076,752239,7478,100.5999984741211,15836,752239,2.200000047683716
2022,441,한세대학교,대학,사립,경기,C그룹,143829,98209,242038,261247,106646,367893,16,16,90792,2,34,90792,185,32,217,10427,413,10840,9495,0,367893,3255,113.0,10840,367893,3.0
2022,442,한신대학교,대학,사립,경기,B그룹,210235,97282,307517,385304,144611,529915,19,15,63644,0,34,63644,172,55,227,8510,463,8973,6844,8664,529915,5776,91.6999969482422,8973,529915,1.7000000476837158
2022,443,한양대학교,대학,사립,서울,A그룹,611016,462345,1073361,1117764,663973,1781737,47,55,402416,4,106,402416,374,175,549,28452,9179,37631,32300,5449,1781737,23581,75.5999984741211,37631,1781737,2.200000047683716
2022,444,한양대학교(ERICA),대학,사립,경기,A그룹,430528,138204,568732,757775,255755,1013530,20,17,347103,2,39,347103,82,79,161,16798,3355,20153,19263,11521,1013530,11052,91.6999969482422,20153,1013530,2.0
2022,445,한양여자대학교,전문대학,사립,서울,A그룹,103829,60878,164707,218250,65221,283471,14,6,115650,3,23,115650,123,6,129,9544,70,9614,5160,0,283471,6627,42.79999923706055,9614,283471,3.5
2022,446,한영대학교,전문대학,사립,전남,C그룹,38185,1002,39187,46290,1087,47377,1,1,165,0,2,165,124,0,124,2520,576,3096,2077,0,47377,1392,34.0,3096,47377,7.0
2022,447,한일장신대학교,대학,사립,전북,C그룹,105285,19230,124515,190704,26324,217028,5,7,14014,0,12,14014,67,5,72,1555,426,1981,1783,0,217028,1115,194.6000061035156,1981,217028,0.8999999761581421
2022,448,한중대학교,대학,사립,강원,C그룹,0,0,0,0,0,0,0,0,0,0,0,0,0,0,0,0,0,0,0,0,0,0,0.0,0,0,0.0
2022,449,합동신학대학원대학교,대학원대학,사립,경기,-,75426,63835,139261,110522,78731,189253,6,11,43647,0,17,43647,131,74,205,1823,3877,5700,4240,0,189253,295,641.5,5700,189253,3.0999999046325684
2022,450,해군사관학교,기타,기타,경남,-,160481,72429,232910,209322,63671,272993,17,14,21545,1,32,21545,198,22,220,9100,2520,11620,10781,0,272993,0,0.0,11620,272993,4.400000095367432
2022,451,협성대학교,대학,사립,경기,C그룹,196261,114447,310708,289556,154843,444399,20,14,161285,4,38,161285,144,15,159,7297,566,7863,10194,0,444399,4550,97.6999969482422,7863,444399,1.7999999523162842
2022,452,혜전대학교,전문대학,사립,충남,B그룹,104227,4073,108300,173003,4699,177702,0,1,7335,1,2,7335,110,0,110,2450,49,2499,1435,0,177702,2451,72.5,2499,177702,1.399999976158142
2022,453,호남대학교,대학,사립,광주,B그룹,258353,175183,433536,456836,284073,740909,17,17,136089,5,39,136089,153,54,207,16999,1327,18326,14320,0,740909,7786,95.1999969482422,18326,740909,2.5
2022,454,호남신학대학교,대학,사립,광주,C그룹,83015,92750,175765,115222,97949,213171,9,9,79317,0,18,79317,204,26,230,1947,282,2229,2177,0,213171,851,250.5,2229,213171,1.100000023841858
2022,455,호산대학교,전문대학,사립,경북,C그룹,55256,395,55651,87678,932,88610,5,6,11261,0,11,11261,50,0,50,1468,0,1468,1447,0,88610,1890,46.900001525878906,1468,88610,1.7000000476837158
2022,456,호서대학교,대학,사립,충남,A그룹,360324,273659,633983,774935,370224,1145159,21,30,263378,6,57,263378,256,2,258,12846,2359,15205,12965,0,1145159,13661,83.80000305175781,15205,1145159,1.2999999523162842
2022,457,호원대학교,대학,사립,전북,B그룹,262729,78284,341013,389335,89634,478969,18,14,107534,3,35,107534,141,3,144,11430,609,12039,10388,24688,478969,5273,90.8000030517578,12039,478969,2.5999999046325684
2022,458,홍익대학교,대학,사립,서울,A그룹,914579,304463,1219042,1529842,417343,1947185,51,51,140184,3,105,140184,747,206,953,22729,3816,26545,22322,38489,1947185,21630,90.0,26545,1947185,1.399999976158142
2022,459,화성의과학대학교,대학,사립,경기,C그룹,9287,5,9292,12396,5,12401,1,1,0,0,2,0,0,0,0,0,0,0,0,0,12401,467,26.600000381469727,0,12401,0.0
2022,460,화신사이버대학교,대학,사립,부산,C그룹,6180,0,6180,21538,0,21538,0,0,6180,0,0,6180,0,0,0,449,470,919,386,0,21538,1583,13.600000381469728,919,21538,4.5
2022,461,횃불트리니티신학대학원대학교,대학원대학,사립,서울,-,32832,33984,66816,43872,42593,86465,10,9,5854,1,20,5854,84,74,158,1158,5722,6880,1806,0,86465,406,213.0,6880,86465,8.600000381469727
