YR,ID,SNM,STYP,FND,RGN,USC,STF_FT_HLIBC,STF_FT_NLIBC,STF_PT_HLIBC,STF_PT_NLIBC,STF_TTL_HLIBC,STF_TTL_NLIBC,STF_TTL_SUM,LIBCS_FT_SL1,LIBCS_FT_SL2,LIBCS_FT_ALIB,LIBCS_FT_TTL,LIBCS_PT_SL1,LIBCS_PT_SL2,LIBCS_PT_ALIB,LIBCS_PT_TTL,SES_PTH,SES_PTC,SPK_FT_LIB,SPK_FT_NLIB,SPK_PT_LIB,SPK_PT_NLIB,SPK_SCC,SPK_SPK,LPK_LFT2,LPK_LPT2,LPK_SCP,LPK_LPK,EHS_EH,EHS_LFT,EHS_LPT,EHS_EHS
2015,1,ICT폴리텍대학,전문대학,사립,경기,C그룹,0,1,0,0,0,1,1,0,0,0,0,0,0,0,0,0,0,0,1,0,0,302,2.5999999046325684,0,0,302,0.0,0,1,0,0.0
2015,2,가야대학교,대학,사립,경남,C그룹,2,0,1,0,3,0,3,0,2,0,2,0,1,0,1,46,7,2,0,1,0,2814,1.0,2,1,2814,1.100000023841858,46,2,1,15.300000190734863
2015,3,가천대학교,대학,사립,경기,A그룹,10,5,4,5,14,10,24,2,7,1,10,0,4,0,4,739,195,10,5,4,5,21018,0.8999999761581421,10,4,21018,0.699999988079071,739,15,9,30.799999237060547
2015,4,가톨릭관동대학교,대학,사립,강원,B그룹,4,3,0,4,4,7,11,0,4,0,4,0,0,0,0,502,49,4,3,0,4,9686,0.8999999761581421,4,0,9686,0.4000000059604645,502,7,4,45.59999847412109
2015,5,가톨릭꽃동네대학교,대학,사립,충북,C그룹,1,0,0,0,1,0,1,0,1,0,1,0,0,0,0,74,9,1,0,0,0,579,1.7000000476837158,1,0,579,1.7000000476837158,74,1,0,74.0
2015,6,가톨릭대학교,대학,사립,경기,A그룹,19,9,2,0,21,9,30,4,15,0,19,0,1,1,2,672,91,19,9,2,0,10899,2.5999999046325684,19,2,10899,1.899999976158142,672,28,2,22.399999618530277
2015,7,가톨릭상지대학교,전문대학,사립,경북,C그룹,1,0,1,1,2,1,3,0,1,0,1,0,1,0,1,289,28,1,0,1,1,2055,1.100000023841858,1,1,2055,1.0,289,1,2,96.3000030517578
2015,8,감리교신학대학교,대학,사립,서울,C그룹,3,0,0,0,3,0,3,3,0,0,3,0,0,0,0,117,3,3,0,0,0,1550,1.899999976158142,3,0,1550,1.899999976158142,117,3,0,39.0
2015,9,강남대학교,대학,사립,경기,B그룹,4,0,4,3,8,3,11,0,4,0,4,0,4,0,4,139,34,4,0,4,3,7719,1.100000023841858,4,4,7719,1.0,139,4,7,12.600000381469728
2015,10,강동대학교,전문대학,사립,충북,B그룹,1,0,0,1,1,1,2,0,1,0,1,0,0,0,0,7,2,1,0,0,1,4198,0.4000000059604645,1,0,4198,0.2000000029802322,7,1,1,3.5
2015,11,강릉영동대학교,전문대학,사립,강원,B그룹,0,1,1,0,1,1,2,0,0,0,0,0,0,1,1,24,1,0,1,1,0,3072,0.5,0,1,3072,0.3000000119209289,24,1,1,12.0
2015,12,강서대학교,대학,사립,서울,C그룹,2,0,0,0,2,0,2,0,2,0,2,0,0,0,0,27,7,2,0,0,0,1631,1.2000000476837158,2,0,1631,1.2000000476837158,27,2,0,13.5
2015,13,강원관광대학교,전문대학,사립,강원,C그룹,1,0,0,0,1,0,1,0,1,0,1,0,0,0,0,5,1,1,0,0,0,1367,0.699999988079071,1,0,1367,0.699999988079071,5,1,0,5.0
2015,14,강원대학교,대학,국립,강원,A그룹,25,4,1,5,26,9,35,14,10,1,25,0,1,0,1,1494,1455,25,4,1,5,24868,1.2999999523162842,25,1,24868,1.0,1494,29,6,42.70000076293945
2015,15,강원도립대학교,전문대학,공립,강원,C그룹,1,0,0,1,1,1,2,0,0,1,1,0,0,0,0,156,3,1,0,0,1,900,1.7000000476837158,1,0,900,1.100000023841858,156,1,1,78.0
2015,16,개신대학원대학교,대학원대학,사립,서울,-,1,0,0,0,1,0,1,0,0,1,1,0,0,0,0,5,1,1,0,0,0,108,9.300000190734863,1,0,108,9.300000190734863,5,1,0,5.0
2015,17,거제대학교,전문대학,사립,경남,C그룹,1,0,0,1,1,1,2,1,0,0,1,0,0,0,0,52,4,1,0,0,1,1684,0.8999999761581421,1,0,1684,0.6000000238418579,52,1,1,26.0
2015,18,건국대학교,대학,사립,서울,A그룹,10,7,18,0,28,7,35,5,5,0,10,0,18,0,18,1553,61,10,7,18,0,19999,1.5,10,18,19999,1.399999976158142,1553,17,18,44.400001525878906
2015,19,건국대학교(글로컬),대학,사립,충북,B그룹,4,2,7,4,11,6,17,2,2,0,4,0,7,0,7,518,116,4,2,7,4,8959,1.5,4,7,8959,1.2000000476837158,518,6,11,30.5
2015,20,건동대학교,대학,사립,경북,C그룹,0,0,0,0,0,0,0,0,0,0,0,0,0,0,0,0,0,0,0,0,0,0,0.0,0,0,0,0.0,0,0,0,0.0
2015,21,건신대학원대학교,대학원대학,사립,대전,-,0,0,0,1,0,1,1,0,0,0,0,0,0,0,0,4,1,0,0,0,1,148,3.400000095367432,0,0,148,0.0,4,0,1,4.0
2015,22,건양대학교,대학,사립,충남,B그룹,3,4,4,0,7,4,11,0,3,0,3,0,4,0,4,227,8,3,4,4,0,8799,1.100000023841858,3,4,8799,0.800000011920929,227,7,4,20.600000381469727
2015,23,경기과학기술대학교,전문대학,사립,경기,A그룹,2,1,1,0,3,1,4,0,2,0,2,0,1,0,1,35,5,2,1,1,0,4505,0.800000011920929,2,1,4505,0.699999988079071,35,3,1,8.800000190734863
2015,24,경기대학교,대학,사립,경기,A그룹,15,0,6,5,21,5,26,5,10,0,15,0,6,0,6,1158,111,15,0,6,5,16686,1.2999999523162842,15,6,16686,1.2999999523162842,1158,15,11,44.5
2015,25,경남대학교,대학,사립,경남,A그룹,7,1,0,14,7,15,22,2,5,0,7,0,0,0,0,404,60,7,1,0,14,14088,1.100000023841858,7,0,14088,0.5,404,8,14,18.399999618530277
2015,26,경남도립거창대학,전문대학,공립,경남,C그룹,1,0,0,1,1,1,2,0,1,0,1,0,0,0,0,35,1,1,0,0,1,955,1.600000023841858,1,0,955,1.0,35,1,1,17.5
2015,27,경남도립남해대학,전문대학,공립,경남,C그룹,1,0,0,1,1,1,2,0,1,0,1,0,0,0,0,35,1,1,0,0,1,846,1.7999999523162842,1,0,846,1.2000000476837158,35,1,1,17.5
2015,28,경남정보대학교,전문대학,사립,부산,A그룹,2,1,0,0,2,1,3,1,1,0,2,0,0,0,0,90,6,2,1,0,0,7058,0.4000000059604645,2,0,7058,0.3000000119209289,90,3,0,30.0
2015,29,경동대학교,대학,사립,강원,B그룹,3,2,0,0,3,2,5,0,2,1,3,0,0,0,0,0,0,3,2,0,0,5987,0.800000011920929,3,0,5987,0.5,0,5,0,0.0
2015,30,경민대학교,전문대학,사립,경기,B그룹,3,0,0,2,3,2,5,1,2,0,3,0,0,0,0,79,8,3,0,0,2,4723,0.800000011920929,3,0,4723,0.6000000238418579,79,3,2,15.800000190734863
2015,31,경복대학교,전문대학,사립,경기,A그룹,2,0,1,0,3,0,3,0,2,0,2,0,1,0,1,95,12,2,0,1,0,6452,0.4000000059604645,2,1,6452,0.5,95,2,1,31.700000762939453
2015,32,경북과학대학교,전문대학,사립,경북,C그룹,1,0,0,0,1,0,1,0,1,0,1,0,0,0,0,8,1,1,0,0,0,1851,0.5,1,0,1851,0.5,8,1,0,8.0
2015,33,경북대학교,대학,국립,대구,A그룹,44,7,10,1,54,8,62,15,25,4,44,1,8,1,10,4098,642,44,7,10,1,30890,1.899999976158142,44,10,30890,1.7000000476837158,4098,51,11,66.0999984741211
2015,34,경북보건대학교,전문대학,사립,경북,C그룹,1,0,0,0,1,0,1,0,1,0,1,0,0,0,0,36,1,1,0,0,0,1344,0.699999988079071,1,0,1344,0.699999988079071,36,1,0,36.0
2015,35,경북외국어대학교,대학,사립,대구,C그룹,0,0,0,0,0,0,0,0,0,0,0,0,0,0,0,0,0,0,0,0,0,0,0.0,0,0,0,0.0,0,0,0,0.0
2015,36,경북전문대학교,전문대학,사립,경북,B그룹,1,1,0,0,1,1,2,0,1,0,1,0,0,0,0,30,1,1,1,0,0,2700,0.699999988079071,1,0,2700,0.4000000059604645,30,2,0,15.0
2015,37,경상국립대학교,대학,국립,경남,A그룹,26,6,4,0,30,6,36,8,17,1,26,1,2,1,4,3001,521,26,6,4,0,23799,1.399999976158142,26,4,23799,1.2999999523162842,3001,32,4,83.4000015258789
2015,38,경성대학교,대학,사립,부산,A그룹,11,1,2,1,13,2,15,3,8,0,11,0,2,0,2,787,212,11,1,2,1,14008,1.0,11,2,14008,0.8999999761581421,787,12,3,52.5
2015,39,경안대학원대학교,대학원대학,사립,경북,-,0,0,0,0,0,0,0,0,0,0,0,0,0,0,0,0,0,0,0,0,0,76,0.0,0,0,76,0.0,0,0,0,0.0
2015,40,경운대학교,대학,사립,경북,C그룹,3,2,0,1,3,3,6,0,3,0,3,0,0,0,0,116,20,3,2,0,1,5211,1.0,3,0,5211,0.6000000238418579,116,5,1,19.299999237060547
2015,41,경인교육대학교,대학,국립,인천,C그룹,7,0,1,0,8,0,8,1,5,1,7,1,0,0,1,912,19,7,0,1,0,4274,1.7999999523162842,7,1,4274,1.899999976158142,912,7,1,114.0
2015,42,경인여자대학교,전문대학,사립,인천,B그룹,1,0,0,1,1,1,2,0,1,0,1,0,0,0,0,20,2,1,0,0,1,4950,0.3000000119209289,1,0,4950,0.2000000029802322,20,1,1,10.0
2015,43,경일대학교,대학,사립,경북,B그룹,5,0,3,0,8,0,8,0,5,0,5,0,3,0,3,107,64,5,0,3,0,7512,1.0,5,3,7512,1.100000023841858,107,5,3,13.399999618530272
2015,44,경찰대학,기타,기타,충남,-,4,3,0,0,4,3,7,2,2,0,4,0,0,0,0,950,14,4,3,0,0,0,0.0,4,0,0,0.0,950,7,0,135.6999969482422
2015,45,경희대학교,대학,사립,서울,A그룹,28,3,25,3,53,6,59,11,16,1,28,0,22,3,25,1267,295,28,3,25,3,32961,1.600000023841858,28,25,32961,1.600000023841858,1267,31,28,21.5
2015,46,계명대학교,대학,사립,대구,A그룹,21,3,0,14,21,17,38,8,11,2,21,0,0,0,0,1632,296,21,3,0,14,25445,1.2000000476837158,21,0,25445,0.800000011920929,1632,24,14,42.900001525878906
2015,47,계명문화대학교,전문대학,사립,대구,A그룹,2,0,1,1,3,1,4,0,0,2,2,0,1,0,1,164,37,2,0,1,1,5283,0.6000000238418579,2,1,5283,0.6000000238418579,164,2,2,41.0
2015,48,계약신학대학원대학교,대학원대학,사립,경기,-,1,0,0,0,1,0,1,0,1,0,1,0,0,0,0,0,0,1,0,0,0,51,19.600000381469727,1,0,51,19.600000381469727,0,1,0,0.0
2015,49,계원예술대학교,전문대학,사립,경기,B그룹,2,1,1,0,3,1,4,0,2,0,2,0,0,1,1,189,19,2,1,1,0,2889,1.2000000476837158,2,1,2889,1.0,189,3,1,47.29999923706055
2015,50,고려대학교,대학,사립,서울,A그룹,36,2,15,1,51,3,54,14,18,4,36,0,15,0,15,687,174,36,2,15,1,29511,1.7000000476837158,36,15,29511,1.7000000476837158,687,38,16,12.699999809265137
2015,51,고려대학교(세종),대학,사립,세종,B그룹,3,0,5,0,8,0,8,2,1,0,3,0,5,0,5,315,70,3,0,5,0,7982,0.8999999761581421,3,5,7982,1.0,315,3,5,39.400001525878906
2015,52,고려사이버대학교,대학,사립,서울,A그룹,0,0,0,0,0,0,0,0,0,0,0,0,0,0,0,0,0,0,0,0,0,10044,0.0,0,0,10044,0.0,0,0,0,0.0
2015,53,고신대학교,대학,사립,부산,C그룹,6,0,0,2,6,2,8,0,4,2,6,0,0,0,0,215,49,6,0,0,2,5249,1.2999999523162842,6,0,5249,1.100000023841858,215,6,2,26.899999618530277
2015,54,공군사관학교,기타,기타,충북,-,5,0,2,0,7,0,7,2,3,0,5,0,2,0,2,280,9,5,0,2,0,0,0.0,5,2,0,0.0,280,5,2,40.0
2015,55,공주교육대학교,대학,국립,충남,C그룹,5,1,0,0,5,1,6,1,2,2,5,0,0,0,0,498,77,5,1,0,0,2040,2.799999952316284,5,0,2040,2.5,498,6,0,83.0
2015,56,과학기술연합대학원대학교,대학원대학,국립,대전,-,0,1,0,0,0,1,1,0,0,0,0,0,0,0,0,49,8,0,1,0,0,1076,0.699999988079071,0,0,1076,0.0,49,1,0,49.0
2015,57,광신대학교,대학,사립,광주,C그룹,1,1,0,1,1,2,3,0,1,0,1,0,0,0,0,5,1,1,1,0,1,938,2.5,1,0,938,1.100000023841858,5,2,1,1.7000000476837158
2015,58,광양보건대학교,전문대학,사립,전남,C그룹,1,0,0,0,1,0,1,0,0,1,1,0,0,0,0,98,2,1,0,0,0,1984,0.5,1,0,1984,0.5,98,1,0,98.0
2015,59,광운대학교,대학,사립,서울,B그룹,5,1,8,0,13,1,14,1,4,0,5,0,8,0,8,120,29,5,1,8,0,10106,1.2000000476837158,5,8,10106,1.2999999523162842,120,6,8,8.600000381469727
2015,60,광주가톨릭대학교,대학,사립,전남,C그룹,2,0,0,0,2,0,2,0,2,0,2,0,0,0,0,42,2,2,0,0,0,118,16.899999618530273,2,0,118,16.899999618530273,42,2,0,21.0
2015,61,광주과학기술원,대학,국립,광주,C그룹,0,0,0,0,0,0,0,0,0,0,0,0,0,0,0,0,0,0,0,0,0,0,0.0,0,0,0,0.0,0,0,0,0.0
2015,62,광주교육대학교,대학,국립,광주,C그룹,3,1,0,0,3,1,4,0,3,0,3,0,0,0,0,368,7,3,1,0,0,2207,1.7000000476837158,3,0,2207,1.399999976158142,368,4,0,92.0
2015,63,광주대학교,대학,사립,광주,B그룹,2,1,0,12,2,13,15,1,1,0,2,0,0,0,0,39,18,2,1,0,12,7901,1.100000023841858,2,0,7901,0.3000000119209289,39,3,12,2.5999999046325684
2015,64,광주보건대학교,전문대학,사립,광주,B그룹,3,0,0,3,3,3,6,0,3,0,3,0,0,0,0,171,21,3,0,0,3,4123,1.100000023841858,3,0,4123,0.699999988079071,171,3,3,28.5
2015,65,광주여자대학교,대학,사립,광주,C그룹,1,1,0,6,1,7,8,0,1,0,1,0,0,0,0,121,15,1,1,0,6,4256,1.100000023841858,1,0,4256,0.2000000029802322,121,2,6,15.100000381469728
2015,66,구미대학교,전문대학,사립,경북,A그룹,1,0,1,1,2,1,3,1,0,0,1,0,1,0,1,7,2,1,0,1,1,5492,0.4000000059604645,1,1,5492,0.4000000059604645,7,1,2,2.299999952316284
2015,67,구세군사관대학원대학교,대학원대학,사립,경기,-,0,0,1,0,1,0,1,0,0,0,0,0,1,0,1,30,4,0,0,1,0,43,18.600000381469727,0,1,43,23.299999237060547,30,0,1,30.0
2015,68,국군간호사관학교,기타,기타,대전,-,1,0,1,0,2,0,2,0,1,0,1,1,0,0,1,245,8,1,0,1,0,0,0.0,1,1,0,0.0,245,1,1,122.5
2015,69,국립강릉원주대학교,대학,국립,강원,B그룹,15,1,2,1,17,2,19,3,11,1,15,0,0,2,2,1735,245,15,1,2,1,8869,2.0,15,2,8869,1.899999976158142,1735,16,3,91.3000030517578
2015,70,국립경국대학교,대학,국립,경북,B그룹,12,0,1,2,13,2,15,3,8,1,12,0,0,1,1,1524,143,12,0,1,2,8192,1.7000000476837158,12,1,8192,1.600000023841858,1524,12,3,101.5999984741211
2015,71,국립공주대학교,대학,국립,충남,A그룹,19,2,0,0,19,2,21,7,12,0,19,0,0,0,0,2224,242,19,2,0,0,17356,1.2000000476837158,19,0,17356,1.100000023841858,2224,21,0,105.9000015258789
2015,72,국립군산대학교,대학,국립,전북,B그룹,12,1,1,0,13,1,14,3,9,0,12,0,1,0,1,1581,218,12,1,1,0,9041,1.5,12,1,9041,1.399999976158142,1581,13,1,112.9000015258789
2015,73,국립금오공과대학교,대학,국립,경북,B그룹,6,0,1,1,7,1,8,3,3,0,6,0,1,0,1,418,28,6,0,1,1,7580,1.0,6,1,7580,0.8999999761581421,418,6,2,52.29999923706055
2015,74,국립목포대학교,대학,국립,전남,B그룹,9,4,0,0,9,4,13,5,4,0,9,0,0,0,0,1258,179,9,4,0,0,9027,1.399999976158142,9,0,9027,1.0,1258,13,0,96.8000030517578
2015,75,국립목포해양대학교,대학,국립,전남,C그룹,5,0,0,0,5,0,5,2,3,0,5,0,0,0,0,550,112,5,0,0,0,2714,1.7999999523162842,5,0,2714,1.7999999523162842,550,5,0,110.0
2015,76,국립부경대학교,대학,국립,부산,A그룹,19,0,1,0,20,0,20,5,13,1,19,0,1,0,1,1901,62,19,0,1,0,20223,1.0,19,1,20223,1.0,1901,19,1,95.0999984741211
2015,77,국립순천대학교,대학,국립,전남,B그룹,12,0,0,0,12,0,12,7,5,0,12,0,0,0,0,1175,31,12,0,0,0,8655,1.399999976158142,12,0,8655,1.399999976158142,1175,12,0,97.9000015258789
2015,78,국립암센터국제암대학원대학교,대학원대학,국립,경기,-,0,0,0,0,0,0,0,0,0,0,0,0,0,0,0,0,0,0,0,0,0,44,0.0,0,0,44,0.0,0,0,0,0.0
2015,79,국립창원대학교,대학,국립,경남,B그룹,13,1,0,0,13,1,14,1,11,1,13,0,0,0,0,775,21,13,1,0,0,10353,1.2999999523162842,13,0,10353,1.2999999523162842,775,14,0,55.400001525878906
2015,80,국립한국교통대학교,대학,국립,충북,B그룹,9,0,0,1,9,1,10,3,6,0,9,0,0,0,0,402,34,9,0,0,1,9884,1.0,9,0,9884,0.8999999761581421,402,9,1,40.20000076293945
2015,81,국립한국해양대학교,대학,국립,부산,B그룹,12,0,0,0,12,0,12,6,6,0,12,0,0,0,0,725,105,12,0,0,0,7870,1.5,12,0,7870,1.5,725,12,0,60.400001525878906
2015,82,국립한밭대학교,대학,국립,대전,B그룹,7,2,0,1,7,3,10,1,4,2,7,0,0,0,0,43,8,7,2,0,1,9037,1.0,7,0,9037,0.800000011920929,43,9,1,4.300000190734863
2015,83,국민대학교,대학,사립,서울,A그룹,11,0,11,15,22,15,37,5,5,1,11,0,11,0,11,559,126,11,0,11,15,18578,1.5,11,11,18578,1.2000000476837158,559,11,26,15.100000381469728
2015,84,국방대학교,기타,기타,충남,-,7,5,0,0,7,5,12,2,4,1,7,0,0,0,0,150,4,7,5,0,0,0,0.0,7,0,0,0.0,150,12,0,12.5
2015,85,국제뇌교육종합대학원대학교,대학원대학,사립,충남,-,1,0,0,0,1,0,1,0,1,0,1,0,0,0,0,5,0,1,0,0,0,233,4.300000190734863,1,0,233,4.300000190734863,5,1,0,5.0
2015,86,국제대학교,전문대학,사립,경기,B그룹,1,0,1,0,2,0,2,0,0,1,1,0,0,1,1,242,4,1,0,1,0,4458,0.4000000059604645,1,1,4458,0.4000000059604645,242,1,1,121.0
2015,87,국제문화대학원대학교,대학원대학,사립,충남,-,0,0,0,0,0,0,0,0,0,0,0,0,0,0,0,0,0,0,0,0,0,0,0.0,0,0,0,0.0,0,0,0,0.0
2015,88,국제법률경영대학원대학교,대학원대학,사립,경기,-,0,2,0,0,0,2,2,0,0,0,0,0,0,0,0,0,0,0,2,0,0,87,18.399999618530277,0,0,87,0.0,0,2,0,0.0
2015,89,국제사이버대학교,대학,사립,경기,C그룹,0,2,0,0,0,2,2,0,0,0,0,0,0,0,0,20,2,0,2,0,0,2384,0.699999988079071,0,0,2384,0.0,20,2,0,10.0
2015,90,국제언어대학원대학교,대학원대학,사립,서울,-,1,0,0,1,1,1,2,0,1,0,1,0,0,0,0,50,0,1,0,0,1,90,16.700000762939453,1,0,90,11.100000381469728,50,1,1,25.0
2015,91,국제예술대학교,기타,기타,서울,-,0,0,0,0,0,0,0,0,0,0,0,0,0,0,0,0,0,0,0,0,0,0,0.0,0,0,0,0.0,0,0,0,0.0
2015,92,군산간호대학교,전문대학,사립,전북,C그룹,1,0,0,1,1,1,2,0,1,0,1,0,0,0,0,0,0,1,0,0,1,1153,1.2999999523162842,1,0,1153,0.8999999761581421,0,1,1,0.0
2015,93,군장대학교,전문대학,사립,전북,C그룹,1,0,0,1,1,1,2,0,1,0,1,0,0,0,0,72,6,1,0,0,1,2122,0.699999988079071,1,0,2122,0.5,72,1,1,36.0
2015,94,극동대학교,대학,사립,충북,C그룹,0,3,1,1,1,4,5,0,0,0,0,0,1,0,1,51,6,0,3,1,1,4332,0.8999999761581421,0,1,4332,0.2000000029802322,51,3,2,10.199999809265137
2015,95,글로벌사이버대학교,대학,사립,충남,C그룹,0,2,0,0,0,2,2,0,0,0,0,0,0,0,0,0,0,0,2,0,0,2222,0.699999988079071,0,0,2222,0.0,0,2,0,0.0
2015,96,금강대학교,대학,사립,충남,C그룹,2,0,1,0,3,0,3,1,1,0,2,0,1,0,1,4,1,2,0,1,0,525,5.300000190734863,2,1,525,5.699999809265137,4,2,1,1.2999999523162842
2015,97,기독간호대학교,전문대학,사립,광주,C그룹,0,0,1,0,1,0,1,0,0,0,0,0,1,0,1,7,1,0,0,1,0,655,1.2000000476837158,0,1,655,1.5,7,0,1,7.0
2015,98,김천대학교,대학,사립,경북,C그룹,1,3,1,1,2,4,6,0,1,0,1,0,1,0,1,82,12,1,3,1,1,3801,1.2000000476837158,1,1,3801,0.5,82,4,2,13.699999809265137
2015,99,김포대학교,전문대학,사립,경기,C그룹,1,0,0,1,1,1,2,0,1,0,1,0,0,0,0,62,13,1,0,0,1,3371,0.4000000059604645,1,0,3371,0.3000000119209289,62,1,1,31.0
2015,100,김해대학교,전문대학,사립,경남,C그룹,1,1,0,0,1,1,2,0,1,0,1,0,0,0,0,51,1,1,1,0,0,1520,1.2000000476837158,1,0,1520,0.699999988079071,51,2,0,25.5
2015,101,나사렛대학교,대학,사립,충남,B그룹,3,0,4,0,7,0,7,0,3,0,3,0,4,0,4,234,13,3,0,4,0,6034,1.0,3,4,6034,1.2000000476837158,234,3,4,33.400001525878906
2015,102,나주대학교,전문대학,사립,전남,C그룹,0,0,1,0,1,0,1,0,0,0,0,0,1,0,1,0,0,0,0,1,0,2117,0.4000000059604645,0,1,2117,0.5,0,0,1,0.0
2015,103,남부대학교,대학,사립,광주,C그룹,2,2,0,0,2,2,4,0,2,0,2,0,0,0,0,103,6,2,2,0,0,3551,1.0,2,0,3551,0.6000000238418579,103,4,0,25.799999237060547
2015,104,남서울대학교,대학,사립,충남,B그룹,3,0,5,10,8,10,18,0,3,0,3,0,5,0,5,152,3,3,0,5,10,10532,1.100000023841858,3,5,10532,0.800000011920929,152,3,15,8.399999618530273
2015,105,농협대학교,전문대학,사립,경기,C그룹,1,1,0,0,1,1,2,0,0,1,1,0,0,0,0,0,0,1,1,0,0,490,3.700000047683716,1,0,490,2.0,0,2,0,0.0
2015,106,능인대학원대학교,대학원대학,사립,경기,-,0,0,0,0,0,0,0,0,0,0,0,0,0,0,0,0,0,0,0,0,0,0,0.0,0,0,0,0.0,0,0,0,0.0
2015,107,단국대학교,대학,사립,경기,A그룹,26,2,3,3,29,5,34,4,20,2,26,0,3,0,3,829,143,26,2,3,3,28405,1.100000023841858,26,3,28405,1.0,829,28,6,24.399999618530277
2015,108,대경대학교,전문대학,사립,경북,B그룹,1,0,0,0,1,0,1,0,1,0,1,0,0,0,0,200,1,1,0,0,0,4169,0.2000000029802322,1,0,4169,0.2000000029802322,200,1,0,200.0
2015,109,대구가톨릭대학교,대학,사립,경북,A그룹,12,0,12,0,24,0,24,0,11,1,12,0,12,0,12,527,172,12,0,12,0,15401,1.399999976158142,12,12,15401,1.600000023841858,527,12,12,22.0
2015,110,대구경북과학기술원,대학,국립,대구,C그룹,1,0,3,0,4,0,4,0,1,0,1,0,3,0,3,100,6,1,0,3,0,672,5.099999904632568,1,3,672,6.0,100,1,3,25.0
2015,111,대구공업대학교,전문대학,사립,대구,C그룹,1,0,0,4,1,4,5,0,0,1,1,0,0,0,0,15,7,1,0,0,4,2022,1.5,1,0,2022,0.5,15,1,4,3.0
2015,112,대구과학대학교,전문대학,사립,대구,A그룹,1,1,0,0,1,1,2,0,1,0,1,0,0,0,0,100,2,1,1,0,0,4528,0.4000000059604645,1,0,4528,0.2000000029802322,100,2,0,50.0
2015,113,대구교육대학교,대학,국립,대구,C그룹,5,1,0,0,5,1,6,0,5,0,5,0,0,0,0,586,119,5,1,0,0,2654,2.200000047683716,5,0,2654,1.899999976158142,586,6,0,97.6999969482422
2015,114,대구대학교,대학,사립,경북,A그룹,13,2,3,8,16,10,26,5,8,0,13,0,3,0,3,209,66,13,2,3,8,21554,1.0,13,3,21554,0.699999988079071,209,15,11,8.0
2015,115,대구미래대학교,전문대학,사립,경북,C그룹,0,0,0,1,0,1,1,0,0,0,0,0,0,0,0,0,0,0,0,0,1,1019,0.5,0,0,1019,0.0,0,0,1,0.0
2015,116,대구보건대학교,전문대학,사립,대구,A그룹,3,0,1,1,4,1,5,0,3,0,3,0,1,0,1,154,11,3,0,1,1,6893,0.6000000238418579,3,1,6893,0.6000000238418579,154,3,2,30.799999237060547
2015,117,대구사이버대학교,대학,사립,경북,C그룹,0,1,0,0,0,1,1,0,0,0,0,0,0,0,0,0,0,0,1,0,0,4222,0.2000000029802322,0,0,4222,0.0,0,1,0,0.0
2015,118,대구예술대학교,대학,사립,경북,C그룹,0,1,0,0,0,1,1,0,0,0,0,0,0,0,0,0,0,0,1,0,0,1476,0.5,0,0,1476,0.0,0,1,0,0.0
2015,119,대구외국어대학교,대학,사립,경북,C그룹,1,0,0,1,1,1,2,0,1,0,1,0,0,0,0,26,6,1,0,0,1,345,4.300000190734863,1,0,345,2.900000095367432,26,1,1,13.0
2015,120,대구한의대학교,대학,사립,경북,B그룹,4,2,5,0,9,2,11,0,4,0,4,0,5,0,5,328,28,4,2,5,0,7550,1.2999999523162842,4,5,7550,1.2000000476837158,328,6,5,29.799999237060547
2015,121,대덕대학교,전문대학,사립,대전,C그룹,0,0,2,2,2,2,4,0,0,0,0,0,2,0,2,90,14,0,0,2,2,4357,0.6000000238418579,0,2,4357,0.5,90,0,4,22.5
2015,122,대동대학교,전문대학,사립,부산,C그룹,1,0,0,1,1,1,2,0,1,0,1,0,0,0,0,59,8,1,0,0,1,1694,0.8999999761581421,1,0,1694,0.6000000238418579,59,1,1,29.5
2015,123,대림대학교,전문대학,사립,경기,A그룹,2,0,1,0,3,0,3,0,1,1,2,0,1,0,1,179,19,2,0,1,0,6685,0.4000000059604645,2,1,6685,0.4000000059604645,179,2,1,59.70000076293945
2015,124,대신대학교,대학,사립,경북,C그룹,2,0,0,1,2,1,3,0,1,1,2,0,0,0,0,39,7,2,0,0,1,504,5.0,2,0,504,4.0,39,2,1,13.0
2015,125,대원대학교,전문대학,사립,충북,C그룹,1,0,0,2,1,2,3,0,1,0,1,0,0,0,0,46,2,1,0,0,2,2807,0.699999988079071,1,0,2807,0.4000000059604645,46,1,2,15.300000190734863
2015,126,대전가톨릭대학교,대학,사립,세종,C그룹,2,2,0,0,2,2,4,0,2,0,2,0,0,0,0,162,4,2,2,0,0,122,29.5,2,0,122,16.399999618530273,162,4,0,40.5
2015,127,대전과학기술대학교,전문대학,사립,대전,B그룹,4,0,0,1,4,1,5,2,2,0,4,0,0,0,0,130,10,4,0,0,1,4707,1.0,4,0,4707,0.800000011920929,130,4,1,26.0
2015,128,대전대학교,대학,사립,대전,B그룹,9,0,5,0,14,0,14,0,9,0,9,0,5,0,5,274,71,9,0,5,0,10801,1.2000000476837158,9,5,10801,1.2999999523162842,274,9,5,19.600000381469727
2015,129,대전보건대학교,전문대학,사립,대전,A그룹,2,0,1,0,3,0,3,0,2,0,2,0,1,0,1,99,13,2,0,1,0,5929,0.5,2,1,5929,0.5,99,2,1,33.0
2015,130,대전신학대학교,대학,사립,대전,C그룹,1,0,0,0,1,0,1,0,1,0,1,0,0,0,0,23,1,1,0,0,0,296,3.400000095367432,1,0,296,3.400000095367432,23,1,0,23.0
2015,131,대진대학교,대학,사립,경기,B그룹,6,3,1,1,7,4,11,2,4,0,6,0,1,0,1,615,82,6,3,1,1,8458,1.100000023841858,6,1,8458,0.800000011920929,615,9,2,55.900001525878906
2015,132,대한신학대학원대학교,대학원대학,사립,경기,-,0,0,0,1,0,1,1,0,0,0,0,0,0,0,0,0,0,0,0,0,1,186,2.700000047683716,0,0,186,0.0,0,0,1,0.0
2015,133,덕성여자대학교,대학,사립,서울,B그룹,6,0,7,1,13,1,14,1,4,1,6,0,7,0,7,447,65,6,0,7,1,6524,1.899999976158142,6,7,6524,2.0,447,6,8,31.899999618530277
2015,134,동강대학교,전문대학,사립,광주,B그룹,1,2,0,0,1,2,3,0,1,0,1,0,0,0,0,63,5,1,2,0,0,3418,0.800000011920929,1,0,3418,0.3000000119209289,63,3,0,21.0
2015,135,동국대학교,대학,사립,서울,A그룹,12,0,8,1,20,1,21,5,7,0,12,0,8,0,8,362,23,12,0,8,1,17699,1.100000023841858,12,8,17699,1.100000023841858,362,12,9,17.200000762939453
2015,136,동국대학교 WISE캠퍼스,대학,사립,경북,B그룹,3,1,8,2,11,3,14,0,3,0,3,0,8,0,8,73,22,3,1,8,2,8977,1.2000000476837158,3,8,8977,1.2000000476837158,73,4,10,5.199999809265137
2015,137,동남보건대학교,전문대학,사립,경기,A그룹,3,1,0,1,3,2,5,2,1,0,3,0,0,0,0,99,12,3,1,0,1,4973,0.8999999761581421,3,0,4973,0.6000000238418579,99,4,1,19.799999237060547
2015,138,동덕여자대학교,대학,사립,서울,B그룹,9,0,9,0,18,0,18,3,6,0,9,0,9,0,9,471,218,9,0,9,0,8324,1.899999976158142,9,9,8324,2.200000047683716,471,9,9,26.200000762939453
2015,139,동명대학교,대학,사립,부산,B그룹,2,3,6,4,8,7,15,1,1,0,2,0,6,0,6,295,16,2,3,6,4,9374,1.2000000476837158,2,6,9374,0.8999999761581421,295,5,10,19.700000762939453
2015,140,동방문화대학원대학교,대학원대학,사립,서울,-,1,0,0,0,1,0,1,0,0,1,1,0,0,0,0,0,0,1,0,0,0,212,4.699999809265137,1,0,212,4.699999809265137,0,1,0,0.0
2015,141,동부산대학교,전문대학,사립,부산,C그룹,1,1,1,1,2,2,4,0,1,0,1,0,0,1,1,124,2,1,1,1,1,2635,1.2000000476837158,1,1,2635,0.800000011920929,124,2,2,31.0
2015,142,동서대학교,대학,사립,부산,B그룹,9,1,2,2,11,3,14,1,6,2,9,0,2,0,2,517,57,9,1,2,2,11659,1.100000023841858,9,2,11659,0.8999999761581421,517,10,4,36.900001525878906
2015,143,동서울대학교,전문대학,사립,경기,A그룹,2,1,1,0,3,1,4,0,2,0,2,0,0,1,1,36,1,2,1,1,0,6009,0.6000000238418579,2,1,6009,0.5,36,3,1,9.0
2015,144,동신대학교,대학,사립,전남,B그룹,1,1,2,8,3,9,12,1,0,0,1,0,2,0,2,187,11,1,1,2,8,7783,1.0,1,2,7783,0.4000000059604645,187,2,10,15.600000381469728
2015,145,동아대학교,대학,사립,부산,A그룹,23,1,8,1,31,2,33,11,11,1,23,0,8,0,8,852,213,23,1,8,1,22716,1.399999976158142,23,8,22716,1.399999976158142,852,24,9,25.799999237060547
2015,146,동아방송예술대학교,전문대학,사립,경기,B그룹,1,0,2,0,3,0,3,0,1,0,1,0,2,0,2,66,8,1,0,2,0,3107,0.800000011920929,1,2,3107,1.0,66,1,2,22.0
2015,147,동아보건대학교,전문대학,사립,전남,C그룹,1,1,1,0,2,1,3,0,1,0,1,0,1,0,1,4,2,1,1,1,0,2013,1.2999999523162842,1,1,2013,1.0,4,2,1,1.2999999523162842
2015,148,동양대학교,대학,사립,경북,C그룹,1,3,1,2,2,5,7,0,1,0,1,0,1,0,1,32,3,1,3,1,2,4748,1.100000023841858,1,1,4748,0.4000000059604645,32,4,3,4.599999904632568
2015,149,동양미래대학교,전문대학,사립,서울,A그룹,3,1,0,0,3,1,4,0,1,2,3,0,0,0,0,84,14,3,1,0,0,6348,0.6000000238418579,3,0,6348,0.5,84,4,0,21.0
2015,150,동우대학,전문대학,사립,강원,B그룹,0,0,0,0,0,0,0,0,0,0,0,0,0,0,0,0,0,0,0,0,0,0,0.0,0,0,0,0.0,0,0,0,0.0
2015,151,동원과학기술대학교,전문대학,사립,경남,B그룹,0,0,1,0,1,0,1,0,0,0,0,0,1,0,1,7,1,0,0,1,0,2158,0.4000000059604645,0,1,2158,0.5,7,0,1,7.0
2015,152,동원대학교,전문대학,사립,경기,B그룹,1,0,1,0,2,0,2,0,1,0,1,0,0,1,1,80,2,1,0,1,0,3838,0.5,1,1,3838,0.5,80,1,1,40.0
2015,153,동의과학대학교,전문대학,사립,부산,B그룹,3,0,0,0,3,0,3,1,2,0,3,0,0,0,0,90,78,3,0,0,0,5790,0.5,3,0,5790,0.5,90,3,0,30.0
2015,154,동의대학교,대학,사립,부산,A그룹,17,1,3,0,20,1,21,3,13,1,17,0,3,0,3,663,95,17,1,3,0,16781,1.2000000476837158,17,3,16781,1.2000000476837158,663,18,3,31.600000381469727
2015,155,두원공과대학교,전문대학,사립,경기,B그룹,1,0,1,0,2,0,2,0,1,0,1,0,1,0,1,11,1,1,0,1,0,6133,0.3000000119209289,1,1,6133,0.3000000119209289,11,1,1,5.5
2015,156,디지털서울문화예술대학교,대학,사립,서울,C그룹,0,0,0,0,0,0,0,0,0,0,0,0,0,0,0,0,0,0,0,0,0,3705,0.0,0,0,3705,0.0,0,0,0,0.0
2015,157,루터대학교,대학,사립,경기,C그룹,1,0,0,1,1,1,2,0,1,0,1,0,0,0,0,14,1,1,0,0,1,466,3.200000047683716,1,0,466,2.0999999046325684,14,1,1,7.0
2015,158,마산대학교,전문대학,사립,경남,A그룹,2,0,0,2,2,2,4,0,2,0,2,0,0,0,0,60,11,2,0,0,2,6170,0.5,2,0,6170,0.3000000119209289,60,2,2,15.0
2015,159,명신대학교,대학,사립,전남,C그룹,0,0,0,0,0,0,0,0,0,0,0,0,0,0,0,0,0,0,0,0,0,0,0.0,0,0,0,0.0,0,0,0,0.0
2015,160,명지대학교,대학,사립,서울,A그룹,14,1,3,2,17,3,20,5,6,3,14,0,3,0,3,425,47,14,1,3,2,16826,1.100000023841858,14,3,16826,1.0,425,15,5,21.299999237060547
2015,161,명지전문대학,전문대학,사립,서울,A그룹,1,1,1,0,2,1,3,0,1,0,1,0,1,0,1,188,6,1,1,1,0,7027,0.4000000059604645,1,1,7027,0.3000000119209289,188,2,1,62.70000076293945
2015,162,목원대학교,대학,사립,대전,B그룹,4,0,6,2,10,2,12,1,3,0,4,0,6,0,6,227,61,4,0,6,2,9575,1.0,4,6,9575,1.0,227,4,8,18.899999618530277
2015,163,목포가톨릭대학교,대학,사립,전남,C그룹,1,0,0,0,1,0,1,0,1,0,1,0,0,0,0,10,2,1,0,0,0,547,1.7999999523162842,1,0,547,1.7999999523162842,10,1,0,10.0
2015,164,목포과학대학교,전문대학,사립,전남,B그룹,1,1,0,0,1,1,2,1,0,0,1,0,0,0,0,65,1,1,1,0,0,2859,0.6000000238418579,1,0,2859,0.3000000119209289,65,2,0,32.5
2015,165,문경대학교,전문대학,사립,경북,C그룹,1,0,0,1,1,1,2,0,1,0,1,0,0,0,0,44,7,1,0,0,1,878,1.7000000476837158,1,0,878,1.100000023841858,44,1,1,22.0
2015,166,배재대학교,대학,사립,대전,B그룹,8,0,2,1,10,1,11,4,4,0,8,0,2,0,2,241,70,8,0,2,1,10260,1.0,8,2,10260,1.0,241,8,3,21.899999618530277
2015,167,배화여자대학교,전문대학,사립,서울,B그룹,3,0,0,0,3,0,3,0,3,0,3,0,0,0,0,37,3,3,0,0,0,3059,1.0,3,0,3059,1.0,37,3,0,12.300000190734863
2015,168,백석대학교,대학,사립,충남,A그룹,4,3,9,5,13,8,21,0,3,1,4,0,9,0,9,221,47,4,3,9,5,15310,1.100000023841858,4,9,15310,0.800000011920929,221,7,14,10.5
2015,169,백석문화대학교,전문대학,사립,충남,A그룹,4,0,1,0,5,0,5,1,2,1,4,0,1,0,1,72,17,4,0,1,0,6218,0.800000011920929,4,1,6218,0.800000011920929,72,4,1,14.399999618530272
2015,170,백석예술대학,전문대학,사립,서울,A그룹,0,0,0,0,0,0,0,0,0,0,0,0,0,0,0,0,0,0,0,0,0,0,0.0,0,0,0,0.0,0,0,0,0.0
2015,171,백제예술대학교,전문대학,사립,전북,C그룹,1,0,0,0,1,0,1,0,0,1,1,0,0,0,0,22,2,1,0,0,0,1842,0.5,1,0,1842,0.5,22,1,0,22.0
2015,172,베뢰아국제대학원대학교,대학원대학,사립,서울,-,2,0,0,0,2,0,2,0,1,1,2,0,0,0,0,0,0,2,0,0,0,88,22.700000762939453,2,0,88,22.700000762939453,0,2,0,0.0
2015,173,벽성대학,전문대학,사립,전북,C그룹,0,0,0,0,0,0,0,0,0,0,0,0,0,0,0,0,0,0,0,0,0,0,0.0,0,0,0,0.0,0,0,0,0.0
2015,174,부산가톨릭대학교,대학,사립,부산,C그룹,3,1,0,2,3,3,6,0,3,0,3,0,0,0,0,249,35,3,1,0,2,4272,1.100000023841858,3,0,4272,0.699999988079071,249,4,2,41.5
2015,175,부산경상대학교,전문대학,사립,부산,B그룹,1,0,0,2,1,2,3,0,0,1,1,0,0,0,0,15,5,1,0,0,2,3216,0.6000000238418579,1,0,3216,0.3000000119209289,15,1,2,5.0
2015,176,부산과학기술대학교,전문대학,사립,부산,B그룹,1,2,1,0,2,2,4,0,1,0,1,0,1,0,1,83,13,1,2,1,0,4506,0.800000011920929,1,1,4506,0.4000000059604645,83,3,1,20.799999237060547
2015,177,부산교육대학교,대학,국립,부산,C그룹,5,2,1,0,6,2,8,1,4,0,5,0,1,0,1,465,17,5,2,1,0,2592,2.900000095367432,5,1,2592,2.299999952316284,465,7,1,58.09999847412109
2015,178,부산대학교,대학,국립,부산,A그룹,45,0,3,3,48,3,51,17,28,0,45,0,3,0,3,4299,661,45,0,3,3,30456,1.600000023841858,45,3,30456,1.600000023841858,4299,45,6,84.30000305175781
2015,179,부산디지털대학교,대학,사립,부산,C그룹,0,1,0,0,0,1,1,0,0,0,0,0,0,0,0,0,0,0,1,0,0,2539,0.3000000119209289,0,0,2539,0.0,0,1,0,0.0
2015,180,부산보건대학교,전문대학,사립,부산,B그룹,1,0,1,1,2,1,3,1,0,0,1,0,1,0,1,131,23,1,0,1,1,3563,0.6000000238418579,1,1,3563,0.6000000238418579,131,1,2,43.70000076293945
2015,181,부산여자대학교,전문대학,사립,부산,C그룹,3,0,3,1,6,1,7,3,0,0,3,0,0,3,3,18,0,3,0,3,1,2948,2.0,3,3,2948,2.0,18,3,4,2.5999999046325684
2015,182,부산예술대학교,전문대학,사립,부산,C그룹,0,0,0,1,0,1,1,0,0,0,0,0,0,0,0,0,0,0,0,0,1,852,0.6000000238418579,0,0,852,0.0,0,0,1,0.0
2015,183,부산외국어대학교,대학,사립,부산,B그룹,6,0,4,1,10,1,11,0,6,0,6,0,4,0,4,235,76,6,0,4,1,9653,1.0,6,4,9653,1.0,235,6,5,21.399999618530277
2015,184,부산장신대학교,대학,사립,경남,C그룹,1,0,0,0,1,0,1,1,0,0,1,0,0,0,0,70,9,1,0,0,0,509,2.0,1,0,509,2.0,70,1,0,70.0
2015,185,부천대학교,전문대학,사립,경기,A그룹,1,0,0,2,1,2,3,0,1,0,1,0,0,0,0,99,2,1,0,0,2,7736,0.3000000119209289,1,0,7736,0.1000000014901161,99,1,2,33.0
2015,186,삼육대학교,대학,사립,서울,B그룹,3,6,0,2,3,8,11,2,1,0,3,0,0,0,0,163,23,3,6,0,2,6099,1.399999976158142,3,0,6099,0.5,163,9,2,14.800000190734863
2015,187,삼육보건대학교,전문대학,사립,서울,C그룹,1,0,1,1,2,1,3,0,1,0,1,0,1,0,1,36,10,1,0,1,1,1289,1.7999999523162842,1,1,1289,1.600000023841858,36,1,2,12.0
2015,188,상명대학교,대학,사립,서울,A그룹,9,4,6,10,15,14,29,5,4,0,9,0,6,0,6,805,68,9,4,6,10,14994,1.5,9,6,14994,1.0,805,13,16,27.799999237060547
2015,189,상지대학교,대학,사립,강원,B그룹,5,0,7,1,12,1,13,1,3,1,5,0,5,2,7,170,27,5,0,7,1,8239,1.2999999523162842,5,7,8239,1.5,170,5,8,13.100000381469728
2015,190,상지영서대학교,전문대학,사립,강원,B그룹,1,0,0,2,1,2,3,0,1,0,1,0,0,0,0,24,2,1,0,0,2,3002,0.699999988079071,1,0,3002,0.3000000119209289,24,1,2,8.0
2015,191,서강대학교,대학,사립,서울,A그룹,19,1,5,5,24,6,30,14,5,0,19,0,5,0,5,1101,246,19,1,5,5,11414,2.299999952316284,19,5,11414,2.0999999046325684,1101,20,10,36.70000076293945
2015,192,서경대학교,대학,사립,서울,B그룹,2,5,2,4,4,9,13,0,2,0,2,0,2,0,2,106,17,2,5,2,4,7202,1.2999999523162842,2,2,7202,0.6000000238418579,106,7,6,8.199999809265137
2015,193,서남대학교,대학,사립,전북,C그룹,0,1,0,0,0,1,1,0,0,0,0,0,0,0,0,0,0,0,1,0,0,1767,0.5,0,0,1767,0.0,0,1,0,0.0
2015,194,서라벌대학교,전문대학,사립,경북,C그룹,1,0,0,0,1,0,1,0,1,0,1,0,0,0,0,32,1,1,0,0,0,984,1.0,1,0,984,1.0,32,1,0,32.0
2015,195,서영대학교,전문대학,사립,광주,A그룹,0,2,0,0,0,2,2,0,0,0,0,0,0,0,0,14,1,0,2,0,0,5053,0.3000000119209289,0,0,5053,0.0,14,2,0,7.0
2015,196,서울과학기술대학교,대학,국립,서울,A그룹,8,5,0,0,8,5,13,0,6,2,8,0,0,0,0,1067,222,8,5,0,0,12471,1.0,8,0,12471,0.6000000238418579,1067,13,0,82.0999984741211
2015,197,서울과학종합대학원대학교,대학원대학,사립,서울,-,0,1,0,0,0,1,1,0,0,0,0,0,0,0,0,0,0,0,1,0,0,341,2.299999952316284,0,0,341,0.0,0,1,0,0.0
2015,198,서울교육대학교,대학,국립,서울,C그룹,6,0,0,0,6,0,6,2,4,0,6,0,0,0,0,559,15,6,0,0,0,2980,2.0,6,0,2980,2.0,559,6,0,93.1999969482422
2015,199,서울기독대학교,대학,사립,서울,C그룹,1,0,0,1,1,1,2,1,0,0,1,0,0,0,0,4,1,1,0,0,1,881,1.7000000476837158,1,0,881,1.100000023841858,4,1,1,2.0
2015,200,서울대학교,대학,국립,서울,A그룹,84,4,7,0,91,4,95,29,44,11,84,0,7,0,7,5074,273,84,4,7,0,28490,3.299999952316284,84,7,28490,3.200000047683716,5074,88,7,53.400001525878906
2015,201,서울디지털대학교,대학,사립,서울,A그룹,0,0,0,1,0,1,1,0,0,0,0,0,0,0,0,0,0,0,0,0,1,10475,0.0,0,0,10475,0.0,0,0,1,0.0
2015,202,서울미디어대학원대학교,대학원대학,사립,서울,-,0,1,0,0,0,1,1,0,0,0,0,0,0,0,0,0,0,0,1,0,0,88,9.100000381469728,0,0,88,0.0,0,1,0,0.0
2015,203,서울벤처대학원대학교,대학원대학,사립,서울,-,0,0,0,0,0,0,0,0,0,0,0,0,0,0,0,0,0,0,0,0,0,243,0.0,0,0,243,0.0,0,0,0,0.0
2015,204,서울불교대학원대학교,대학원대학,사립,서울,-,0,1,0,0,0,1,1,0,0,0,0,0,0,0,0,0,0,0,1,0,0,164,4.900000095367432,0,0,164,0.0,0,1,0,0.0
2015,205,서울사이버대학교,대학,사립,서울,A그룹,0,0,0,1,0,1,1,0,0,0,0,0,0,0,0,0,0,0,0,0,1,11380,0.0,0,0,11380,0.0,0,0,1,0.0
2015,206,서울사회복지대학원대학교,대학원대학,사립,서울,-,0,0,0,2,0,2,2,0,0,0,0,0,0,0,0,4,1,0,0,0,2,83,12.0,0,0,83,0.0,4,0,2,2.0
2015,207,서울상담심리대학원대학교,대학원대학,사립,서울,-,1,0,0,0,1,0,1,1,0,0,1,0,0,0,0,24,13,1,0,0,0,109,9.199999809265137,1,0,109,9.199999809265137,24,1,0,24.0
2015,208,서울성경신학대학원대학교,대학원대학,사립,서울,-,1,0,0,0,1,0,1,0,1,0,1,0,0,0,0,50,6,1,0,0,0,64,15.600000381469728,1,0,64,15.600000381469728,50,1,0,50.0
2015,209,서울시립대학교,대학,공립,서울,A그룹,22,1,5,3,27,4,31,4,15,3,22,0,3,2,5,1826,262,22,1,5,3,12195,2.299999952316284,22,5,12195,2.200000047683716,1826,23,8,58.900001525878906
2015,210,서울신학대학교,대학,사립,경기,C그룹,2,2,0,2,2,4,6,1,1,0,2,0,0,0,0,251,42,2,2,0,2,3230,1.399999976158142,2,0,3230,0.6000000238418579,251,4,2,41.79999923706055
2015,211,서울여자간호대학교,전문대학,사립,서울,C그룹,1,0,0,0,1,0,1,0,1,0,1,0,0,0,0,50,2,1,0,0,0,976,1.0,1,0,976,1.0,50,1,0,50.0
2015,212,서울여자대학교,대학,사립,서울,B그룹,5,1,9,1,14,2,16,3,2,0,5,0,9,0,9,491,62,5,1,9,1,8236,1.600000023841858,5,9,8236,1.7000000476837158,491,6,10,30.700000762939453
2015,213,서울예술대학교,전문대학,사립,경기,B그룹,1,1,1,0,2,1,3,1,0,0,1,0,1,0,1,79,12,1,1,1,0,3063,0.800000011920929,1,1,3063,0.699999988079071,79,2,1,26.299999237060547
2015,214,서울외국어대학원대학교,대학원대학,사립,서울,-,0,0,0,0,0,0,0,0,0,0,0,0,0,0,0,0,0,0,0,0,0,147,0.0,0,0,147,0.0,0,0,0,0.0
2015,215,서울장신대학교,대학,사립,경기,C그룹,1,1,1,0,2,1,3,0,1,0,1,0,0,1,1,29,2,1,1,1,0,874,3.0,1,1,874,2.299999952316284,29,2,1,9.699999809265137
2015,216,서울한영대학교,대학,사립,서울,C그룹,2,1,0,1,2,2,4,0,2,0,2,0,0,0,0,99,3,2,1,0,1,1101,3.0,2,0,1101,1.7999999523162842,99,3,1,24.799999237060547
2015,217,서원대학교,대학,사립,충북,B그룹,4,2,2,3,6,5,11,2,2,0,4,0,2,0,2,268,41,4,2,2,3,7474,1.2000000476837158,4,2,7474,0.800000011920929,268,6,5,24.399999618530277
2015,218,서일대학교,전문대학,사립,서울,A그룹,3,0,0,0,3,0,3,0,2,1,3,0,0,0,0,156,12,3,0,0,0,6422,0.5,3,0,6422,0.5,156,3,0,52.0
2015,219,서정대학교,전문대학,사립,경기,A그룹,0,0,2,1,2,1,3,0,0,0,0,0,1,1,2,40,1,0,0,2,1,4809,0.4000000059604645,0,2,4809,0.4000000059604645,40,0,3,13.300000190734863
2015,220,서해대학,전문대학,사립,전북,C그룹,1,0,0,0,1,0,1,0,1,0,1,0,0,0,0,38,2,1,0,0,0,1428,0.699999988079071,1,0,1428,0.699999988079071,38,1,0,38.0
2015,221,선교청대학교,대학,사립,충남,C그룹,0,0,0,0,0,0,0,0,0,0,0,0,0,0,0,0,0,0,0,0,0,0,0.0,0,0,0,0.0,0,0,0,0.0
2015,222,선린대학교,전문대학,사립,경북,C그룹,2,0,1,0,3,0,3,0,1,1,2,0,0,1,1,15,1,2,0,1,0,2757,1.0,2,1,2757,1.100000023841858,15,2,1,5.0
2015,223,선문대학교,대학,사립,충남,B그룹,3,1,2,7,5,8,13,0,3,0,3,0,2,0,2,918,224,3,1,2,7,10574,0.800000011920929,3,2,10574,0.5,918,4,9,70.5999984741211
2015,224,선학유피대학원대학교,대학원대학,사립,경기,-,1,0,0,1,1,1,2,0,1,0,1,0,0,0,0,25,3,1,0,0,1,70,21.399999618530277,1,0,70,14.300000190734863,25,1,1,12.5
2015,225,성결대학교,대학,사립,경기,B그룹,4,0,1,3,5,3,8,1,3,0,4,0,1,0,1,78,4,4,0,1,3,6307,1.0,4,1,6307,0.800000011920929,78,4,4,9.800000190734863
2015,226,성공회대학교,대학,사립,서울,C그룹,5,0,0,0,5,0,5,1,4,0,5,0,0,0,0,212,42,5,0,0,0,2656,1.899999976158142,5,0,2656,1.899999976158142,212,5,0,42.400001525878906
2015,227,성균관대학교,대학,사립,서울,A그룹,22,3,29,6,51,9,60,9,11,2,22,0,13,16,29,1573,140,22,3,29,6,27034,1.899999976158142,22,29,27034,1.899999976158142,1573,25,35,26.200000762939453
2015,228,성산효대학원대학교,대학원대학,사립,인천,-,1,0,0,0,1,0,1,0,1,0,1,0,0,0,0,0,0,1,0,0,0,237,4.199999809265137,1,0,237,4.199999809265137,0,1,0,0.0
2015,229,성서침례대학원대학교,대학원대학,사립,경기,-,0,1,0,0,0,1,1,0,0,0,0,0,0,0,0,0,0,0,1,0,0,50,16.0,0,0,50,0.0,0,1,0,0.0
2015,230,성신여자대학교,대학,사립,서울,A그룹,6,1,6,8,12,9,21,1,5,0,6,0,6,0,6,475,44,6,1,6,8,10846,1.399999976158142,6,6,10846,1.100000023841858,475,7,14,22.600000381469727
2015,231,성운대학교,전문대학,사립,경북,C그룹,1,0,0,0,1,0,1,0,1,0,1,0,0,0,0,0,0,1,0,0,0,1356,0.699999988079071,1,0,1356,0.699999988079071,0,1,0,0.0
2015,232,성화대학,전문대학,사립,전남,B그룹,0,0,0,0,0,0,0,0,0,0,0,0,0,0,0,0,0,0,0,0,0,0,0.0,0,0,0,0.0,0,0,0,0.0
2015,233,세경대학교,전문대학,사립,강원,C그룹,1,0,0,0,1,0,1,0,1,0,1,0,0,0,0,10,1,1,0,0,0,983,1.0,1,0,983,1.0,10,1,0,10.0
2015,234,세계사이버대학,기타,기타,경기,-,0,1,0,0,0,1,1,0,0,0,0,0,0,0,0,0,0,0,1,0,0,0,0.0,0,0,0,0.0,0,1,0,0.0
2015,235,세명대학교,대학,사립,충북,B그룹,3,2,1,5,4,7,11,1,2,0,3,0,1,0,1,312,37,3,2,1,5,8740,0.8999999761581421,3,1,8740,0.5,312,5,6,28.399999618530277
2015,236,세종대학교,대학,사립,서울,A그룹,8,0,0,3,8,3,11,2,6,0,8,0,0,0,0,81,22,8,0,0,3,13713,0.699999988079071,8,0,13713,0.6000000238418579,81,8,3,7.400000095367432
2015,237,세한대학교,대학,사립,충남,C그룹,2,0,1,1,3,1,4,1,1,0,2,0,1,0,1,96,18,2,0,1,1,4377,0.800000011920929,2,1,4377,0.699999988079071,96,2,2,24.0
2015,238,송곡대학교,전문대학,사립,강원,C그룹,1,0,0,0,1,0,1,0,0,1,1,0,0,0,0,0,0,1,0,0,0,820,1.2000000476837158,1,0,820,1.2000000476837158,0,1,0,0.0
2015,239,송원대학교,대학,사립,광주,C그룹,2,1,0,0,2,1,3,0,2,0,2,0,0,0,0,129,29,2,1,0,0,2369,1.2000000476837158,2,0,2369,0.800000011920929,129,3,0,43.0
2015,240,송호대학교,전문대학,사립,강원,C그룹,1,0,0,0,1,0,1,0,0,1,1,0,0,0,0,15,1,1,0,0,0,1034,1.0,1,0,1034,1.0,15,1,0,15.0
2015,241,수도국제대학원대학교,대학원대학,사립,서울,-,1,1,0,0,1,1,2,0,1,0,1,0,0,0,0,0,0,1,1,0,0,307,5.900000095367432,1,0,307,3.299999952316284,0,2,0,0.0
2015,242,수성대학교,전문대학,사립,대구,B그룹,1,0,1,0,2,0,2,0,1,0,1,0,1,0,1,42,3,1,0,1,0,3756,0.5,1,1,3756,0.5,42,1,1,21.0
2015,243,수원가톨릭대학교,대학,사립,경기,C그룹,3,0,0,0,3,0,3,1,2,0,3,0,0,0,0,15,3,3,0,0,0,204,14.699999809265137,3,0,204,14.699999809265137,15,3,0,5.0
2015,244,수원과학대학교,전문대학,사립,경기,B그룹,1,1,1,0,2,1,3,0,1,0,1,0,1,0,1,54,2,1,1,1,0,6390,0.4000000059604645,1,1,6390,0.3000000119209289,54,2,1,18.0
2015,245,수원대학교,대학,사립,경기,B그룹,5,1,7,9,12,10,22,3,0,2,5,0,7,0,7,522,123,5,1,7,9,11573,1.399999976158142,5,7,11573,1.0,522,6,16,23.700000762939453
2015,246,수원여자대학교,전문대학,사립,경기,B그룹,2,0,1,0,3,0,3,1,1,0,2,0,1,0,1,86,3,2,0,1,0,4563,0.6000000238418579,2,1,4563,0.699999988079071,86,2,1,28.700000762939453
2015,247,숙명여자대학교,대학,사립,서울,A그룹,13,2,3,2,16,4,20,5,5,3,13,0,3,0,3,1031,244,13,2,3,2,13020,1.399999976158142,13,3,13020,1.2000000476837158,1031,15,5,51.59999847412109
2015,248,순복음대학원대학교,대학원대학,사립,서울,-,0,0,0,2,0,2,2,0,0,0,0,0,0,0,0,0,0,0,0,0,2,153,6.5,0,0,153,0.0,0,0,2,0.0
2015,249,순복음총회신학교,대학,사립,충북,C그룹,0,1,0,0,0,1,1,0,0,0,0,0,0,0,0,0,0,0,1,0,0,300,2.700000047683716,0,0,300,0.0,0,1,0,0.0
2015,250,순천제일대학교,전문대학,사립,전남,B그룹,2,0,0,0,2,0,2,0,2,0,2,0,0,0,0,100,2,2,0,0,0,2545,0.800000011920929,2,0,2545,0.800000011920929,100,2,0,50.0
2015,251,순천향대학교,대학,사립,충남,A그룹,5,2,3,1,8,3,11,2,3,0,5,0,3,0,3,286,45,5,2,3,1,12123,0.800000011920929,5,3,12123,0.699999988079071,286,7,4,26.0
2015,252,숭실대학교,대학,사립,서울,A그룹,11,0,2,0,13,0,13,3,8,0,11,0,1,1,2,892,459,11,0,2,0,15546,0.800000011920929,11,2,15546,0.800000011920929,892,11,2,68.5999984741211
2015,253,숭실사이버대학교,대학,사립,서울,B그룹,0,0,0,0,0,0,0,0,0,0,0,0,0,0,0,0,0,0,0,0,0,4709,0.0,0,0,4709,0.0,0,0,0,0.0
2015,254,숭의여자대학교,전문대학,사립,서울,B그룹,1,0,2,1,3,1,4,0,1,0,1,0,0,2,2,123,22,1,0,2,1,3616,0.8999999761581421,1,2,3616,0.800000011920929,123,1,3,30.799999237060547
2015,255,신경주대학교,대학,사립,경북,C그룹,3,0,3,1,6,1,7,0,1,2,3,0,3,0,3,55,2,3,0,3,1,2694,2.200000047683716,3,3,2694,2.200000047683716,55,3,4,7.900000095367432
2015,256,신구대학교,전문대학,사립,경기,A그룹,2,0,0,0,2,0,2,0,1,1,2,0,0,0,0,90,4,2,0,0,0,6839,0.3000000119209289,2,0,6839,0.3000000119209289,90,2,0,45.0
2015,257,신라대학교,대학,사립,부산,B그룹,12,0,4,0,16,0,16,5,7,0,12,0,3,1,4,691,126,12,0,4,0,11035,1.399999976158142,12,4,11035,1.399999976158142,691,12,4,43.20000076293945
2015,258,신성대학교,전문대학,사립,충남,B그룹,2,1,0,1,2,2,4,0,2,0,2,0,0,0,0,55,8,2,1,0,1,4140,0.800000011920929,2,0,4140,0.5,55,3,1,13.800000190734863
2015,259,신안산대학교,전문대학,사립,경기,B그룹,1,0,1,0,2,0,2,0,0,1,1,0,1,0,1,10,1,1,0,1,0,4449,0.4000000059604645,1,1,4449,0.4000000059604645,10,1,1,5.0
2015,260,신한대학교,대학,사립,경기,B그룹,3,2,0,1,3,3,6,2,1,0,3,0,0,0,0,379,61,3,2,0,1,5826,0.8999999761581421,3,0,5826,0.5,379,5,1,63.20000076293945
2015,261,신흥대학교,전문대학,사립,경기,A그룹,0,0,0,0,0,0,0,0,0,0,0,0,0,0,0,0,0,0,0,0,0,0,0.0,0,0,0,0.0,0,0,0,0.0
2015,262,실천신학대학원대학교,대학원대학,사립,경기,-,1,0,0,0,1,0,1,1,0,0,1,0,0,0,0,0,0,1,0,0,0,82,12.199999809265137,1,0,82,12.199999809265137,0,1,0,0.0
2015,263,아신대학교,대학,사립,경기,C그룹,1,1,0,0,1,1,2,0,1,0,1,0,0,0,0,72,5,1,1,0,0,1478,1.2000000476837158,1,0,1478,0.699999988079071,72,2,0,36.0
2015,264,아주대학교,대학,사립,경기,A그룹,10,3,9,2,19,5,24,3,7,0,10,0,8,1,9,1135,243,10,3,9,2,14313,1.399999976158142,10,9,14313,1.2999999523162842,1135,13,11,47.29999923706055
2015,265,아주자동차대학교,전문대학,사립,충남,C그룹,1,0,1,0,2,0,2,0,1,0,1,0,0,1,1,21,1,1,0,1,0,981,1.7999999523162842,1,1,981,2.0,21,1,1,10.5
2015,266,안동과학대학교,전문대학,사립,경북,B그룹,1,1,1,0,2,1,3,0,1,0,1,0,1,0,1,105,19,1,1,1,0,2859,0.8999999761581421,1,1,2859,0.699999988079071,105,2,1,35.0
2015,267,안산대학교,전문대학,사립,경기,A그룹,3,1,0,1,3,2,5,0,3,0,3,0,0,0,0,121,6,3,1,0,1,4631,0.8999999761581421,3,0,4631,0.6000000238418579,121,4,1,24.200000762939453
2015,268,안양대학교,대학,사립,경기,B그룹,3,0,0,0,3,0,3,2,1,0,3,0,0,0,0,131,45,3,0,0,0,5918,0.5,3,0,5918,0.5,131,3,0,43.70000076293945
2015,269,에스라성경대학원대학교,대학원대학,사립,경기,-,0,1,0,0,0,1,1,0,0,0,0,0,0,0,0,0,0,0,1,0,0,76,10.5,0,0,76,0.0,0,1,0,0.0
2015,270,여주대학교,전문대학,사립,경기,B그룹,2,0,0,0,2,0,2,0,2,0,2,0,0,0,0,10,2,2,0,0,0,5797,0.3000000119209289,2,0,5797,0.3000000119209289,10,2,0,5.0
2015,271,연성대학교,전문대학,사립,경기,A그룹,1,0,1,2,2,2,4,0,0,1,1,0,1,0,1,0,0,1,0,1,2,6047,0.5,1,1,6047,0.3000000119209289,0,1,3,0.0
2015,272,연세대학교,대학,사립,서울,A그룹,40,4,30,31,70,35,105,12,28,0,40,0,24,6,30,1483,311,40,4,30,31,31191,2.700000047683716,40,30,31191,2.200000047683716,1483,44,61,14.100000381469728
2015,273,연세대학교(미래),대학,사립,강원,B그룹,4,4,6,8,10,12,22,0,4,0,4,0,6,0,6,249,11,4,4,6,8,8201,2.0,4,6,8201,1.2000000476837158,249,8,14,11.300000190734863
2015,274,연암공과대학교,전문대학,사립,경남,C그룹,0,0,1,0,1,0,1,0,0,0,0,0,1,0,1,5,1,0,0,1,0,1400,0.6000000238418579,0,1,1400,0.699999988079071,5,0,1,5.0
2015,275,연암대학교,전문대학,사립,충남,C그룹,1,0,0,0,1,0,1,0,0,1,1,0,0,0,0,25,1,1,0,0,0,1135,0.8999999761581421,1,0,1135,0.8999999761581421,25,1,0,25.0
2015,276,영남대학교,대학,사립,경북,A그룹,27,1,3,7,30,8,38,10,16,1,27,0,2,1,3,1761,219,27,1,3,7,25902,1.2999999523162842,27,3,25902,1.2000000476837158,1761,28,10,46.29999923706055
2015,277,영남사이버대학교,대학,사립,경북,C그룹,0,0,0,0,0,0,0,0,0,0,0,0,0,0,0,0,0,0,0,0,0,0,0.0,0,0,0,0.0,0,0,0,0.0
2015,278,영남신학대학교,대학,사립,경북,C그룹,2,0,0,0,2,0,2,0,2,0,2,0,0,0,0,6,1,2,0,0,0,735,2.700000047683716,2,0,735,2.700000047683716,6,2,0,3.0
2015,279,영남외국어대학,전문대학,사립,경북,C그룹,0,0,0,1,0,1,1,0,0,0,0,0,0,0,0,0,0,0,0,0,1,873,0.6000000238418579,0,0,873,0.0,0,0,1,0.0
2015,280,영남이공대학교,전문대학,사립,대구,A그룹,0,1,4,0,4,1,5,0,0,0,0,0,4,0,4,6,2,0,1,4,0,6138,0.699999988079071,0,4,6138,0.699999988079071,6,1,4,1.2000000476837158
2015,281,영산대학교,대학,사립,경남,B그룹,8,0,2,0,10,0,10,1,7,0,8,0,2,0,2,121,11,8,0,2,0,7617,1.2999999523162842,8,2,7617,1.2999999523162842,121,8,2,12.100000381469728
2015,282,영산선학대학교,대학,사립,전남,C그룹,1,0,0,0,1,0,1,0,1,0,1,0,0,0,0,35,0,1,0,0,0,42,23.799999237060547,1,0,42,23.799999237060547,35,1,0,35.0
2015,283,영진전문대학교,전문대학,사립,대구,A그룹,6,1,0,2,6,3,9,1,2,3,6,0,0,0,0,275,39,6,1,0,2,8084,1.0,6,0,8084,0.699999988079071,275,7,2,30.600000381469727
2015,284,예명대학원대학교,대학원대학,사립,서울,-,0,1,0,0,0,1,1,0,0,0,0,0,0,0,0,0,0,0,1,0,0,60,13.300000190734863,0,0,60,0.0,0,1,0,0.0
2015,285,예수대학교,대학,사립,전북,C그룹,1,0,0,1,1,1,2,0,1,0,1,0,0,0,0,58,4,1,0,0,1,583,2.5999999046325684,1,0,583,1.7000000476837158,58,1,1,29.0
2015,286,예원예술대학교,대학,사립,전북,C그룹,1,1,0,0,1,1,2,0,1,0,1,0,0,0,0,0,0,1,1,0,0,1146,1.600000023841858,1,0,1146,0.8999999761581421,0,2,0,0.0
2015,287,오산대학교,전문대학,사립,경기,A그룹,2,0,0,2,2,2,4,1,0,1,2,0,0,0,0,99,4,2,0,0,2,4850,0.6000000238418579,2,0,4850,0.4000000059604645,99,2,2,24.799999237060547
2015,288,온석대학원대학교,대학원대학,사립,경기,-,1,0,0,0,1,0,1,0,1,0,1,0,0,0,0,120,1,1,0,0,0,308,3.200000047683716,1,0,308,3.200000047683716,120,1,0,120.0
2015,289,용인대학교,대학,사립,경기,B그룹,6,1,1,2,7,3,10,2,4,0,6,0,1,0,1,154,24,6,1,1,2,7125,1.2000000476837158,6,1,7125,1.0,154,7,3,15.399999618530272
2015,290,용인예술과학대학교,전문대학,사립,경기,B그룹,0,1,1,0,1,1,2,0,0,0,0,0,1,0,1,113,3,0,1,1,0,4185,0.4000000059604645,0,1,4185,0.2000000029802322,113,1,1,56.5
2015,291,우석대학교,대학,사립,전북,B그룹,7,1,0,2,7,3,10,1,6,0,7,0,0,0,0,374,96,7,1,0,2,8653,1.0,7,0,8653,0.800000011920929,374,8,2,37.400001525878906
2015,292,우송공업대학,전문대학,사립,대전,B그룹,0,0,0,0,0,0,0,0,0,0,0,0,0,0,0,0,0,0,0,0,0,0,0.0,0,0,0,0.0,0,0,0,0.0
2015,293,우송대학교,대학,사립,대전,A그룹,0,1,4,4,4,5,9,0,0,0,0,0,4,0,4,442,8,0,1,4,4,9953,0.6000000238418579,0,4,9953,0.4000000059604645,442,1,8,49.09999847412109
2015,294,우송정보대학,전문대학,사립,대전,B그룹,0,1,2,1,2,2,4,0,0,0,0,0,2,0,2,293,5,0,1,2,1,4866,0.6000000238418579,0,2,4866,0.4000000059604645,293,1,3,73.30000305175781
2015,295,울산과학기술원,대학,국립,울산,C그룹,5,0,5,4,10,4,14,2,3,0,5,0,5,0,5,725,22,5,0,5,4,4123,2.700000047683716,5,5,4123,2.400000095367432,725,5,9,51.79999923706055
2015,296,울산과학대학교,전문대학,사립,울산,A그룹,4,0,0,2,4,2,6,1,2,1,4,0,0,0,0,216,24,4,0,0,2,4910,1.0,4,0,4910,0.800000011920929,216,4,2,36.0
2015,297,울산대학교,대학,사립,울산,A그룹,19,0,5,2,24,2,26,2,17,0,19,0,5,0,5,1659,347,19,0,5,2,14994,1.600000023841858,19,5,14994,1.600000023841858,1659,19,7,63.79999923706055
2015,298,웅지세무대학교,전문대학,사립,경기,C그룹,1,1,0,1,1,2,3,0,1,0,1,0,0,0,0,0,0,1,1,0,1,1829,1.2999999523162842,1,0,1829,0.5,0,2,1,0.0
2015,299,원광대학교,대학,사립,전북,A그룹,14,2,1,13,15,15,30,6,8,0,14,0,1,0,1,627,151,14,2,1,13,17966,1.2999999523162842,14,1,17966,0.800000011920929,627,16,14,20.899999618530277
2015,300,원광보건대학교,전문대학,사립,전북,B그룹,0,1,2,1,2,2,4,0,0,0,0,1,1,0,2,106,7,0,1,2,1,4669,0.6000000238418579,0,2,4669,0.4000000059604645,106,1,3,26.5
2015,301,원불교대학원대학교,대학원대학,사립,전북,-,0,0,0,1,0,1,1,0,0,0,0,0,0,0,0,8,8,0,0,0,1,48,10.399999618530272,0,0,48,0.0,8,0,1,8.0
2015,302,웨스트민스터신학대학원대학교,대학원대학,사립,경기,-,0,0,0,5,0,5,5,0,0,0,0,0,0,0,0,0,0,0,0,0,5,301,8.300000190734863,0,0,301,0.0,0,0,5,0.0
2015,303,위덕대학교,대학,사립,경북,C그룹,3,2,1,1,4,3,7,0,1,2,3,0,1,0,1,73,4,3,2,1,1,3504,1.7000000476837158,3,1,3504,1.100000023841858,73,5,2,10.399999618530272
2015,304,유원대학교,대학,사립,충북,C그룹,2,2,0,1,2,3,5,1,1,0,2,0,0,0,0,82,7,2,2,0,1,3888,1.100000023841858,2,0,3888,0.5,82,4,1,16.399999618530273
2015,305,유한대학교,전문대학,사립,경기,A그룹,2,1,0,0,2,1,3,0,2,0,2,0,0,0,0,131,5,2,1,0,0,4897,0.6000000238418579,2,0,4897,0.4000000059604645,131,3,0,43.70000076293945
2015,306,육군사관학교,기타,기타,서울,-,9,1,0,0,9,1,10,6,3,0,9,0,0,0,0,80,1,9,1,0,0,0,0.0,9,0,0,0.0,80,10,0,8.0
2015,307,을지대학교,대학,사립,대전,B그룹,1,1,4,3,5,4,9,0,1,0,1,0,4,0,4,20,6,1,1,4,3,5564,1.2000000476837158,1,4,5564,0.8999999761581421,20,2,7,2.200000047683716
2015,308,이화여자대학교,대학,사립,서울,A그룹,27,2,35,4,62,6,68,13,13,1,27,0,10,25,35,1818,262,27,2,35,4,21194,2.799999952316284,27,35,21194,2.900000095367432,1818,29,39,26.700000762939453
2015,309,인덕대학교,전문대학,사립,서울,A그룹,2,1,0,0,2,1,3,0,1,1,2,0,0,0,0,31,3,2,1,0,0,6419,0.4000000059604645,2,0,6419,0.3000000119209289,31,3,0,10.300000190734863
2015,310,인제대학교,대학,사립,경남,B그룹,7,5,3,1,10,6,16,2,5,0,7,0,3,0,3,161,39,7,5,3,1,11701,1.2000000476837158,7,3,11701,0.8999999761581421,161,12,4,10.100000381469728
2015,311,인제대학원대학교,대학원대학,사립,서울,-,0,1,0,0,0,1,1,0,0,0,0,0,0,0,0,0,0,0,1,0,0,58,13.800000190734863,0,0,58,0.0,0,1,0,0.0
2015,312,인천가톨릭대학교,대학,사립,인천,C그룹,3,0,0,0,3,0,3,0,3,0,3,0,0,0,0,159,5,3,0,0,0,835,3.5999999046325684,3,0,835,3.5999999046325684,159,3,0,53.0
2015,313,인천대학교,대학,국립,인천,A그룹,10,2,0,0,10,2,12,3,2,5,10,0,0,0,0,975,134,10,2,0,0,14238,0.800000011920929,10,0,14238,0.699999988079071,975,12,0,81.30000305175781
2015,314,인천전문대학,전문대학,공립,인천,A그룹,0,0,0,0,0,0,0,0,0,0,0,0,0,0,0,0,0,0,0,0,0,0,0.0,0,0,0,0.0,0,0,0,0.0
2015,315,인하공업전문대학,전문대학,사립,인천,A그룹,1,1,1,0,2,1,3,0,1,0,1,0,1,0,1,0,0,1,1,1,0,6843,0.4000000059604645,1,1,6843,0.3000000119209289,0,2,1,0.0
2015,316,인하대학교,대학,사립,인천,A그룹,17,2,13,2,30,4,34,8,9,0,17,0,13,0,13,821,239,17,2,13,2,21353,1.399999976158142,17,13,21353,1.399999976158142,821,19,15,24.100000381469727
2015,317,장로회신학대학교,대학,사립,서울,C그룹,4,1,3,1,7,2,9,1,2,1,4,0,2,1,3,110,19,4,1,3,1,2230,3.5,4,3,2230,3.0999999046325684,110,5,4,12.199999809265137
2015,318,장안대학교,전문대학,사립,경기,B그룹,2,0,1,1,3,1,4,0,1,1,2,0,0,1,1,60,5,2,0,1,1,6259,0.5,2,1,6259,0.5,60,2,2,15.0
2015,319,재능대학교,전문대학,사립,인천,B그룹,1,0,0,0,1,0,1,0,0,1,1,0,0,0,0,27,5,1,0,0,0,3651,0.3000000119209289,1,0,3651,0.3000000119209289,27,1,0,27.0
2015,320,전남과학대학교,전문대학,사립,전남,B그룹,2,0,0,0,2,0,2,1,1,0,2,0,0,0,0,67,4,2,0,0,0,3876,0.5,2,0,3876,0.5,67,2,0,33.5
2015,321,전남대학교,대학,국립,광주,A그룹,37,5,2,0,39,5,44,6,31,0,37,0,2,0,2,3256,658,37,5,2,0,25913,1.600000023841858,37,2,25913,1.5,3256,42,2,74.0
2015,322,전남도립대학교,전문대학,공립,전남,C그룹,1,2,0,0,1,2,3,1,0,0,1,0,0,0,0,258,43,1,2,0,0,1463,1.7999999523162842,1,0,1463,0.699999988079071,258,3,0,86.0
2015,323,전북과학대학교,전문대학,사립,전북,C그룹,1,0,0,0,1,0,1,1,0,0,1,0,0,0,0,12,1,1,0,0,0,1630,0.6000000238418579,1,0,1630,0.6000000238418579,12,1,0,12.0
2015,324,전북대학교,대학,국립,전북,A그룹,31,5,4,0,35,5,40,11,17,3,31,0,4,0,4,3418,425,31,5,4,0,23841,1.600000023841858,31,4,23841,1.5,3418,36,4,85.5
2015,325,전주교육대학교,대학,국립,전북,C그룹,3,2,0,0,3,2,5,2,1,0,3,0,0,0,0,437,13,3,2,0,0,1500,3.0999999046325684,3,0,1500,2.0,437,5,0,87.4000015258789
2015,326,전주기전대학,전문대학,사립,전북,C그룹,1,0,0,0,1,0,1,0,1,0,1,0,0,0,0,0,0,1,0,0,0,1869,0.5,1,0,1869,0.5,0,1,0,0.0
2015,327,전주대학교,대학,사립,전북,A그룹,6,0,10,3,16,3,19,3,3,0,6,0,10,0,10,1242,82,6,0,10,3,12575,1.2000000476837158,6,10,12575,1.2999999523162842,1242,6,13,65.4000015258789
2015,328,전주비전대학교,전문대학,사립,전북,B그룹,1,0,1,0,2,0,2,0,1,0,1,0,1,0,1,29,3,1,0,1,0,3443,0.5,1,1,3443,0.6000000238418579,29,1,1,14.5
2015,329,제네바신학대학원대학교,대학원대학,사립,경기,-,0,0,0,0,0,0,0,0,0,0,0,0,0,0,0,0,0,0,0,0,0,0,0.0,0,0,0,0.0,0,0,0,0.0
2015,330,제주관광대학교,전문대학,사립,제주,C그룹,1,0,0,1,1,1,2,0,1,0,1,0,0,0,0,20,1,1,0,0,1,2306,0.699999988079071,1,0,2306,0.4000000059604645,20,1,1,10.0
2015,331,제주국제대학교,대학,사립,제주,C그룹,1,1,0,0,1,1,2,0,0,1,1,0,0,0,0,0,0,1,1,0,0,1379,1.2999999523162842,1,0,1379,0.699999988079071,0,2,0,0.0
2015,332,제주대학교,대학,국립,제주,A그룹,18,4,1,1,19,5,24,6,7,5,18,0,0,1,1,2531,309,18,4,1,1,12487,1.7999999523162842,18,1,12487,1.5,2531,22,2,105.5
2015,333,제주한라대학교,전문대학,사립,제주,A그룹,1,1,0,0,1,1,2,0,1,0,1,0,0,0,0,33,6,1,1,0,0,5270,0.3000000119209289,1,0,5270,0.2000000029802322,33,2,0,16.5
2015,334,조선간호대학교,전문대학,사립,광주,C그룹,1,0,0,0,1,0,1,0,1,0,1,0,0,0,0,7,1,1,0,0,0,835,1.2000000476837158,1,0,835,1.2000000476837158,7,1,0,7.0
2015,335,조선대학교,대학,사립,광주,A그룹,18,3,2,0,20,3,23,4,14,0,18,0,2,0,2,889,112,18,3,2,0,22697,1.0,18,2,22697,0.8999999761581421,889,21,2,38.70000076293945
2015,336,조선이공대학교,전문대학,사립,광주,B그룹,1,0,1,0,2,0,2,0,1,0,1,0,1,0,1,41,5,1,0,1,0,3611,0.5,1,1,3611,0.6000000238418579,41,1,1,20.5
2015,337,주안대학원대학교,대학원대학,사립,인천,-,0,0,0,1,0,1,1,0,0,0,0,0,0,0,0,0,0,0,0,0,1,30,16.700000762939453,0,0,30,0.0,0,0,1,0.0
2015,338,중부대학교,대학,사립,충남,B그룹,3,3,5,2,8,5,13,0,3,0,3,0,5,0,5,227,73,3,3,5,2,9877,1.100000023841858,3,5,9877,0.800000011920929,227,6,7,17.5
2015,339,중앙대학교,대학,사립,서울,A그룹,19,5,10,1,29,6,35,7,12,0,19,1,9,0,10,1117,236,19,5,10,1,29150,1.100000023841858,19,10,29150,1.0,1117,24,11,31.899999618530277
2015,340,중앙승가대학교,대학,사립,경기,C그룹,1,0,1,1,2,1,3,0,0,1,1,0,1,0,1,24,2,1,0,1,1,291,7.900000095367432,1,1,291,6.900000095367432,24,1,2,8.0
2015,341,중원대학교,대학,사립,충북,C그룹,1,1,0,0,1,1,2,0,1,0,1,0,0,0,0,34,3,1,1,0,0,3578,0.5,1,0,3578,0.3000000119209289,34,2,0,17.0
2015,342,진주교육대학교,대학,국립,경남,C그룹,2,0,0,1,2,1,3,0,0,2,2,0,0,0,0,0,0,2,0,0,1,1790,1.399999976158142,2,0,1790,1.100000023841858,0,2,1,0.0
2015,343,진주보건대학교,전문대학,사립,경남,B그룹,2,0,1,1,3,1,4,2,0,0,2,0,1,0,1,86,5,2,0,1,1,2846,1.2000000476837158,2,1,2846,1.100000023841858,86,2,2,21.5
2015,344,차의과학대학교,대학,사립,경기,C그룹,2,0,2,0,4,0,4,0,2,0,2,0,2,0,2,59,5,2,0,2,0,2431,1.5,2,2,2431,1.600000023841858,59,2,2,14.800000190734863
2015,345,창신대학교,대학,사립,경남,C그룹,1,1,1,0,2,1,3,1,0,0,1,0,1,0,1,72,5,1,1,1,0,1340,1.899999976158142,1,1,1340,1.5,72,2,1,24.0
2015,346,창원문성대학교,전문대학,사립,경남,C그룹,0,1,0,0,0,1,1,0,0,0,0,0,0,0,0,28,2,0,1,0,0,4007,0.2000000029802322,0,0,4007,0.0,28,1,0,28.0
2015,347,청강문화산업대학교,전문대학,사립,경기,B그룹,2,0,1,0,3,0,3,0,1,1,2,0,1,0,1,42,2,2,0,1,0,3699,0.800000011920929,2,1,3699,0.800000011920929,42,2,1,14.0
2015,348,청암대학교,전문대학,사립,전남,B그룹,1,1,0,0,1,1,2,0,1,0,1,0,0,0,0,41,3,1,1,0,0,2964,0.6000000238418579,1,0,2964,0.3000000119209289,41,2,0,20.5
2015,349,청운대학교,대학,사립,충남,B그룹,4,1,4,2,8,3,11,0,4,0,4,0,3,1,4,121,32,4,1,4,2,6803,1.2999999523162842,4,4,6803,1.2000000476837158,121,5,6,11.0
2015,350,청주교육대학교,대학,국립,충북,C그룹,4,1,0,0,4,1,5,0,4,0,4,0,0,0,0,583,12,4,1,0,0,1693,2.799999952316284,4,0,1693,2.400000095367432,583,5,0,116.5999984741211
2015,351,청주대학교,대학,사립,충북,A그룹,10,0,7,1,17,1,18,2,7,1,10,0,7,0,7,247,59,10,0,7,1,12805,1.2999999523162842,10,7,12805,1.2999999523162842,247,10,8,13.699999809265137
2015,352,초당대학교,대학,사립,전남,C그룹,2,1,0,2,2,3,5,1,1,0,2,0,0,0,0,125,7,2,1,0,2,3637,1.0,2,0,3637,0.5,125,3,2,25.0
2015,353,총신대학교,대학,사립,서울,C그룹,3,4,0,1,3,5,8,2,1,0,3,0,0,0,0,240,79,3,4,0,1,3978,1.7000000476837158,3,0,3978,0.800000011920929,240,7,1,30.0
2015,354,추계예술대학교,대학,사립,서울,C그룹,3,1,0,0,3,1,4,0,3,0,3,0,0,0,0,190,16,3,1,0,0,1377,2.799999952316284,3,0,1377,2.200000047683716,190,4,0,47.5
2015,355,춘천교육대학교,대학,국립,강원,C그룹,3,0,0,1,3,1,4,0,2,1,3,0,0,0,0,166,9,3,0,0,1,1899,1.7999999523162842,3,0,1899,1.600000023841858,166,3,1,41.5
2015,356,춘해보건대학교,전문대학,사립,울산,B그룹,1,1,0,0,1,1,2,0,1,0,1,0,0,0,0,67,8,1,1,0,0,2655,0.699999988079071,1,0,2655,0.4000000059604645,67,2,0,33.5
2015,357,충남대학교,대학,국립,대전,A그룹,30,1,1,4,31,5,36,16,14,0,30,0,1,0,1,5193,626,30,1,1,4,24263,1.399999976158142,30,1,24263,1.2999999523162842,5193,31,5,144.3000030517578
2015,358,충남도립대학교,전문대학,공립,충남,C그룹,2,1,0,0,2,1,3,1,0,1,2,0,0,0,0,140,3,2,1,0,0,1121,2.5,2,0,1121,1.7999999523162842,140,3,0,46.70000076293945
2015,359,충북대학교,대학,국립,충북,A그룹,22,5,0,2,22,7,29,3,16,3,22,0,0,0,0,2718,429,22,5,0,2,18552,1.5,22,0,18552,1.2000000476837158,2718,27,2,93.6999969482422
2015,360,충북도립대학교,전문대학,공립,충북,C그룹,1,0,0,0,1,0,1,0,1,0,1,0,0,0,0,120,3,1,0,0,0,1028,1.0,1,0,1028,1.0,120,1,0,120.0
2015,361,충북보건과학대학교,전문대학,사립,충북,B그룹,2,0,0,0,2,0,2,1,1,0,2,0,0,0,0,13,3,2,0,0,0,2898,0.699999988079071,2,0,2898,0.699999988079071,13,2,0,6.5
2015,362,충청대학교,전문대학,사립,충북,B그룹,3,0,0,0,3,0,3,0,3,0,3,0,0,0,0,114,13,3,0,0,0,4965,0.6000000238418579,3,0,4965,0.6000000238418579,114,3,0,38.0
2015,363,치유상담대학원대학교,대학원대학,사립,서울,-,1,0,0,1,1,1,2,1,0,0,1,0,0,0,0,20,1,1,0,0,1,145,10.300000190734863,1,0,145,6.900000095367432,20,1,1,10.0
2015,364,칼빈대학교,대학,사립,경기,C그룹,2,1,0,0,2,1,3,1,1,0,2,0,0,0,0,142,9,2,1,0,0,639,4.400000095367432,2,0,639,3.0999999046325684,142,3,0,47.29999923706055
2015,365,탐라대학교,대학,사립,제주,C그룹,0,0,0,0,0,0,0,0,0,0,0,0,0,0,0,0,0,0,0,0,0,0,0.0,0,0,0,0.0,0,0,0,0.0
2015,366,평택대학교,대학,사립,경기,C그룹,5,0,0,3,5,3,8,1,4,0,5,0,0,0,0,300,168,5,0,0,3,4733,1.399999976158142,5,0,4733,1.100000023841858,300,5,3,37.5
2015,367,포항공과대학교,대학,사립,경북,C그룹,6,1,1,2,7,3,10,0,3,3,6,0,1,0,1,1039,76,6,1,1,2,3151,2.700000047683716,6,1,3151,2.200000047683716,1039,7,3,103.9000015258789
2015,368,포항대학교,전문대학,사립,경북,C그룹,0,0,1,0,1,0,1,0,0,0,0,0,1,0,1,43,1,0,0,1,0,2382,0.3000000119209289,0,1,2382,0.4000000059604645,43,0,1,43.0
2015,369,한경국립대학교,대학,국립,경기,B그룹,7,0,1,0,8,0,8,1,6,0,7,0,1,0,1,522,69,7,0,1,0,7042,1.100000023841858,7,1,7042,1.100000023841858,522,7,1,65.30000305175781
2015,370,한국개발연구원국제정책대학원대학교,대학원대학,사립,세종,-,1,0,3,1,4,1,5,0,1,0,1,0,3,0,3,48,3,1,0,3,1,678,5.800000190734863,1,3,678,5.900000095367432,48,1,4,9.600000381469728
2015,371,한국골프과학기술대학교,전문대학,사립,강원,C그룹,1,1,0,0,1,1,2,0,1,0,1,0,0,0,0,4,0,1,1,0,0,407,4.400000095367432,1,0,407,2.5,4,2,0,2.0
2015,372,한국공학대학교,대학,사립,경기,B그룹,2,0,0,3,2,3,5,0,2,0,2,0,0,0,0,41,2,2,0,0,3,7894,0.4000000059604645,2,0,7894,0.3000000119209289,41,2,3,8.199999809265137
2015,373,한국과학기술원,대학,국립,대전,A그룹,16,2,5,11,21,13,34,8,8,0,16,0,4,1,5,1317,153,16,2,5,11,10616,2.5999999046325684,16,5,10616,2.0,1317,18,16,38.70000076293945
2015,374,한국관광대학교,전문대학,사립,경기,C그룹,1,2,0,0,1,2,3,0,1,0,1,0,0,0,0,40,5,1,2,0,0,2134,1.2000000476837158,1,0,2134,0.5,40,3,0,13.300000190734863
2015,375,한국교원대학교,대학,국립,충북,B그룹,11,1,0,1,11,2,13,4,7,0,11,0,0,0,0,1338,168,11,1,0,1,5630,2.200000047683716,11,0,5630,2.0,1338,12,1,102.9000015258789
2015,376,한국국제대학교,대학,사립,경남,C그룹,2,3,0,0,2,3,5,0,2,0,2,0,0,0,0,215,9,2,3,0,0,3839,1.100000023841858,2,0,3839,0.5,215,5,0,43.0
2015,377,한국기술교육대학교,대학,사립,충남,C그룹,3,2,2,0,5,2,7,0,3,0,3,0,2,0,2,724,20,3,2,2,0,5050,1.2000000476837158,3,2,5050,1.0,724,5,2,103.4000015258789
2015,378,한국농수산대학교,전문대학,국립,전북,C그룹,1,0,2,0,3,0,3,0,1,0,1,0,2,0,2,0,0,1,0,2,0,1183,2.200000047683716,1,2,1183,2.5,0,1,2,0.0
2015,379,한국방송통신대학교,대학,국립,서울,A그룹,29,31,0,2,29,33,62,8,21,0,29,0,0,0,0,2487,355,29,31,0,2,136642,0.4000000059604645,29,0,136642,0.2000000029802322,2487,60,2,40.09999847412109
2015,380,한국복지사이버대학교,전문대학,사립,경북,B그룹,0,0,0,0,0,0,0,0,0,0,0,0,0,0,0,0,0,0,0,0,0,0,0.0,0,0,0,0.0,0,0,0,0.0
2015,381,한국상담대학원대학교,대학원대학,사립,서울,-,1,0,0,0,1,0,1,0,1,0,1,0,0,0,0,0,0,1,0,0,0,177,5.599999904632568,1,0,177,5.599999904632568,0,1,0,0.0
2015,382,한국성서대학교,대학,사립,서울,C그룹,2,0,0,1,2,1,3,1,1,0,2,0,0,0,0,104,12,2,0,0,1,1307,1.899999976158142,2,0,1307,1.5,104,2,1,34.70000076293945
2015,383,한국승강기대학교,전문대학,사립,경남,C그룹,1,0,0,1,1,1,2,0,1,0,1,0,0,0,0,44,7,1,0,0,1,518,2.900000095367432,1,0,518,1.899999976158142,44,1,1,22.0
2015,384,한국에너지공과대학교,대학,국립,전남,C그룹,0,0,0,0,0,0,0,0,0,0,0,0,0,0,0,0,0,0,0,0,0,0,0.0,0,0,0,0.0,0,0,0,0.0
2015,385,한국열린사이버대학교,대학,사립,서울,B그룹,0,2,0,0,0,2,2,0,0,0,0,0,0,0,0,0,0,0,2,0,0,2820,0.6000000238418579,0,0,2820,0.0,0,2,0,0.0
2015,386,한국영상대학교,전문대학,사립,세종,B그룹,2,0,0,2,2,2,4,0,2,0,2,0,0,0,0,11,2,2,0,0,2,3458,0.8999999761581421,2,0,3458,0.6000000238418579,11,2,2,2.799999952316284
2015,387,한국예술종합학교,대학,국립,서울,C그룹,8,0,7,1,15,1,16,0,7,1,8,0,7,0,7,631,47,8,0,7,1,2652,5.300000190734863,8,7,2652,5.699999809265137,631,8,8,39.400001525878906
2015,388,한국외국어대학교,대학,사립,서울,A그룹,26,0,0,2,26,2,28,3,18,5,26,0,0,0,0,750,87,26,0,0,2,19092,1.399999976158142,26,0,19092,1.399999976158142,750,26,2,26.799999237060547
2015,389,한국전력국제원자력대학원대학교,대학원대학,사립,울산,-,1,0,0,0,1,0,1,0,1,0,1,0,0,0,0,0,0,1,0,0,0,106,9.399999618530272,1,0,106,9.399999618530272,0,1,0,0.0
2015,390,한국전통문화대학교,대학,국립,충남,C그룹,3,0,4,0,7,0,7,1,2,0,3,0,4,0,4,212,10,3,0,4,0,673,9.199999809265137,3,4,673,10.399999618530272,212,3,4,30.299999237060547
2015,391,한국정보통신대학교,대학,사립,대전,C그룹,0,0,0,0,0,0,0,0,0,0,0,0,0,0,0,0,0,0,0,0,0,0,0.0,0,0,0,0.0,0,0,0,0.0
2015,392,한국철도대학,전문대학,국립,경기,C그룹,0,0,0,0,0,0,0,0,0,0,0,0,0,0,0,0,0,0,0,0,0,0,0.0,0,0,0,0.0,0,0,0,0.0
2015,393,한국체육대학교,대학,국립,서울,C그룹,4,0,0,0,4,0,4,2,2,0,4,0,0,0,0,400,60,4,0,0,0,3057,1.2999999523162842,4,0,3057,1.2999999523162842,400,4,0,100.0
2015,394,한국침례신학대학교,대학,사립,대전,C그룹,2,2,0,6,2,8,10,0,2,0,2,0,0,0,0,134,50,2,2,0,6,2417,2.700000047683716,2,0,2417,0.800000011920929,134,4,6,13.399999618530272
2015,395,한국폴리텍Ⅰ대학서울강서캠퍼스,전문대학,사립,서울,C그룹,0,0,0,0,0,0,0,0,0,0,0,0,0,0,0,0,0,0,0,0,0,662,0.0,0,0,662,0.0,0,0,0,0.0
2015,396,한국폴리텍Ⅰ대학서울정수캠퍼스,전문대학,사립,서울,C그룹,0,1,0,0,0,1,1,0,0,0,0,0,0,0,0,0,0,0,1,0,0,1516,0.5,0,0,1516,0.0,0,1,0,0.0
2015,397,한국폴리텍Ⅰ대학성남캠퍼스,전문대학,사립,경기,C그룹,0,0,0,0,0,0,0,0,0,0,0,0,0,0,0,6,1,0,0,0,0,1053,0.0,0,0,1053,0.0,6,0,0,0.0
2015,398,한국폴리텍Ⅰ대학제주캠퍼스,전문대학,사립,제주,C그룹,0,0,0,0,0,0,0,0,0,0,0,0,0,0,0,0,0,0,0,0,0,0,0.0,0,0,0,0.0,0,0,0,0.0
2015,399,한국폴리텍Ⅱ대학남인천캠퍼스,전문대학,사립,인천,C그룹,0,0,0,0,0,0,0,0,0,0,0,0,0,0,0,0,0,0,0,0,0,0,0.0,0,0,0,0.0,0,0,0,0.0
2015,400,한국폴리텍Ⅱ대학인천캠퍼스,전문대학,사립,인천,C그룹,0,0,0,2,0,2,2,0,0,0,0,0,0,0,0,7,1,0,0,0,2,2328,0.4000000059604645,0,0,2328,0.0,7,0,2,3.5
2015,401,한국폴리텍Ⅱ대학화성캠퍼스,전문대학,사립,경기,C그룹,0,0,0,0,0,0,0,0,0,0,0,0,0,0,0,0,0,0,0,0,0,0,0.0,0,0,0,0.0,0,0,0,0.0
2015,402,한국폴리텍Ⅲ대학강릉캠퍼스,전문대학,사립,강원,C그룹,0,1,0,1,0,2,2,0,0,0,0,0,0,0,0,6,1,0,1,0,1,72,18.100000381469727,0,0,72,0.0,6,1,1,3.0
2015,403,한국폴리텍Ⅲ대학원주캠퍼스,전문대학,사립,강원,C그룹,0,0,0,0,0,0,0,0,0,0,0,0,0,0,0,0,0,0,0,0,0,0,0.0,0,0,0,0.0,0,0,0,0.0
2015,404,한국폴리텍Ⅲ대학춘천캠퍼스,전문대학,사립,강원,C그룹,0,0,0,0,0,0,0,0,0,0,0,0,0,0,0,0,0,0,0,0,0,404,0.0,0,0,404,0.0,0,0,0,0.0
2015,405,한국폴리텍Ⅳ대학대전캠퍼스,전문대학,사립,대전,C그룹,0,0,0,0,0,0,0,0,0,0,0,0,0,0,0,0,0,0,0,0,0,0,0.0,0,0,0,0.0,0,0,0,0.0
2015,406,한국폴리텍Ⅳ대학아산캠퍼스,전문대학,사립,충남,C그룹,0,0,0,2,0,2,2,0,0,0,0,0,0,0,0,0,0,0,0,0,2,554,1.7999999523162842,0,0,554,0.0,0,0,2,0.0
2015,407,한국폴리텍Ⅳ대학청주캠퍼스,전문대학,사립,충북,C그룹,0,1,0,0,0,1,1,0,0,0,0,0,0,0,0,0,0,0,1,0,0,766,1.0,0,0,766,0.0,0,1,0,0.0
2015,408,한국폴리텍Ⅳ대학충남캠퍼스,전문대학,사립,충남,C그룹,0,0,0,0,0,0,0,0,0,0,0,0,0,0,0,0,0,0,0,0,0,265,0.0,0,0,265,0.0,0,0,0,0.0
2015,409,한국폴리텍Ⅴ대학광주캠퍼스,전문대학,사립,광주,C그룹,0,0,0,0,0,0,0,0,0,0,0,0,0,0,0,0,0,0,0,0,0,871,0.0,0,0,871,0.0,0,0,0,0.0
2015,410,한국폴리텍Ⅴ대학순천캠퍼스,전문대학,사립,전남,C그룹,0,0,0,0,0,0,0,0,0,0,0,0,0,0,0,0,0,0,0,0,0,0,0.0,0,0,0,0.0,0,0,0,0.0
2015,411,한국폴리텍Ⅴ대학익산캠퍼스,전문대학,사립,전북,C그룹,0,0,0,0,0,0,0,0,0,0,0,0,0,0,0,0,0,0,0,0,0,57,0.0,0,0,57,0.0,0,0,0,0.0
2015,412,한국폴리텍Ⅴ대학전남캠퍼스,전문대학,사립,전남,C그룹,0,0,0,0,0,0,0,0,0,0,0,0,0,0,0,6,1,0,0,0,0,283,0.0,0,0,283,0.0,6,0,0,0.0
2015,413,한국폴리텍Ⅴ대학전북캠퍼스,전문대학,사립,전북,C그룹,0,0,0,1,0,1,1,0,0,0,0,0,0,0,0,0,0,0,0,0,1,597,0.800000011920929,0,0,597,0.0,0,0,1,0.0
2015,414,한국폴리텍Ⅵ대학구미캠퍼스,전문대학,사립,경북,C그룹,1,0,0,0,1,0,1,0,0,1,1,0,0,0,0,14,1,1,0,0,0,606,1.7000000476837158,1,0,606,1.7000000476837158,14,1,0,14.0
2015,415,한국폴리텍Ⅵ대학대구캠퍼스,전문대학,사립,대구,C그룹,0,0,0,0,0,0,0,0,0,0,0,0,0,0,0,6,1,0,0,0,0,1096,0.0,0,0,1096,0.0,6,0,0,0.0
2015,416,한국폴리텍Ⅵ대학영남융합기술캠퍼스,전문대학,사립,대구,C그룹,0,1,0,0,0,1,1,0,0,0,0,0,0,0,0,0,0,0,1,0,0,408,2.0,0,0,408,0.0,0,1,0,0.0
2015,417,한국폴리텍Ⅵ대학영주캠퍼스,전문대학,사립,경북,C그룹,0,1,0,0,0,1,1,0,0,0,0,0,0,0,0,0,0,0,1,0,0,49,16.299999237060547,0,0,49,0.0,0,1,0,0.0
2015,418,한국폴리텍Ⅶ대학동부산캠퍼스,전문대학,사립,부산,C그룹,0,0,0,0,0,0,0,0,0,0,0,0,0,0,0,0,0,0,0,0,0,0,0.0,0,0,0,0.0,0,0,0,0.0
2015,419,한국폴리텍Ⅶ대학부산캠퍼스,전문대학,사립,부산,C그룹,0,0,0,1,0,1,1,0,0,0,0,0,0,0,0,0,0,0,0,0,1,1022,0.5,0,0,1022,0.0,0,0,1,0.0
2015,420,한국폴리텍Ⅶ대학울산캠퍼스,전문대학,사립,울산,C그룹,0,1,0,0,0,1,1,0,0,0,0,0,0,0,0,0,0,0,1,0,0,907,0.8999999761581421,0,0,907,0.0,0,1,0,0.0
2015,421,한국폴리텍Ⅶ대학진주캠퍼스,전문대학,사립,경남,C그룹,0,0,0,0,0,0,0,0,0,0,0,0,0,0,0,0,0,0,0,0,0,0,0.0,0,0,0,0.0,0,0,0,0.0
2015,422,한국폴리텍Ⅶ대학창원캠퍼스,전문대학,사립,경남,C그룹,0,0,0,0,0,0,0,0,0,0,0,0,0,0,0,0,0,0,0,0,0,1541,0.0,0,0,1541,0.0,0,0,0,0.0
2015,423,한국폴리텍특성화 로봇캠퍼스,전문대학,사립,경북,C그룹,0,0,0,0,0,0,0,0,0,0,0,0,0,0,0,0,0,0,0,0,0,0,0.0,0,0,0,0.0,0,0,0,0.0
2015,424,한국폴리텍특성화 바이오캠퍼스,전문대학,사립,충남,C그룹,0,0,0,0,0,0,0,0,0,0,0,0,0,0,0,0,0,0,0,0,0,386,0.0,0,0,386,0.0,0,0,0,0.0
2015,425,한국폴리텍특성화 반도체융합캠퍼스,전문대학,사립,경기,C그룹,0,1,0,4,0,5,5,0,0,0,0,0,0,0,0,6,1,0,1,0,4,647,4.300000190734863,0,0,647,0.0,6,1,4,1.2000000476837158
2015,426,한국폴리텍특성화 항공캠퍼스,전문대학,사립,경남,C그룹,0,0,0,0,0,0,0,0,0,0,0,0,0,0,0,0,0,0,0,0,0,506,0.0,0,0,506,0.0,0,0,0,0.0
2015,427,한국학대학원,대학원대학,국립,경기,-,0,0,0,0,0,0,0,0,0,0,0,0,0,0,0,0,0,0,0,0,0,0,0.0,0,0,0,0.0,0,0,0,0.0
2015,428,한국항공대학교,대학,사립,경기,C그룹,4,2,0,0,4,2,6,1,3,0,4,0,0,0,0,23,9,4,2,0,0,4729,1.2000000476837158,4,0,4729,0.800000011920929,23,6,0,3.799999952316284
2015,429,한남대학교,대학,사립,대전,A그룹,10,2,5,2,15,4,19,6,4,0,10,0,5,0,5,549,104,10,2,5,2,13857,1.2000000476837158,10,5,13857,1.100000023841858,549,12,7,28.899999618530277
2015,430,한동대학교,대학,사립,경북,C그룹,5,1,0,0,5,1,6,0,4,1,5,0,0,0,0,161,27,5,1,0,0,4447,1.2999999523162842,5,0,4447,1.100000023841858,161,6,0,26.799999237060547
2015,431,한라대학교,대학,사립,강원,C그룹,1,3,0,2,1,5,6,1,0,0,1,0,0,0,0,91,22,1,3,0,2,4181,1.100000023841858,1,0,4181,0.2000000029802322,91,4,2,15.199999809265137
2015,432,한려대학교,대학,사립,전남,C그룹,1,0,0,0,1,0,1,0,1,0,1,0,0,0,0,0,0,1,0,0,0,729,1.399999976158142,1,0,729,1.399999976158142,0,1,0,0.0
2015,433,한림국제대학원대학교,대학원대학,사립,서울,-,0,0,1,0,1,0,1,0,0,0,0,0,1,0,1,0,0,0,0,1,0,218,3.700000047683716,0,1,218,4.599999904632568,0,0,1,0.0
2015,434,한림대학교,대학,사립,강원,B그룹,9,2,0,4,9,6,15,2,5,2,9,0,0,0,0,267,88,9,2,0,4,9480,1.2999999523162842,9,0,9480,0.8999999761581421,267,11,4,17.799999237060547
2015,435,한림성심대학교,전문대학,사립,강원,B그룹,2,1,0,0,2,1,3,0,2,0,2,0,0,0,0,69,10,2,1,0,0,3339,0.800000011920929,2,0,3339,0.6000000238418579,69,3,0,23.0
2015,436,한민학교,대학,사립,충남,C그룹,0,0,0,0,0,0,0,0,0,0,0,0,0,0,0,0,0,0,0,0,0,0,0.0,0,0,0,0.0,0,0,0,0.0
2015,437,한반도국제대학원대학교,대학원대학,사립,서울,-,0,1,0,0,0,1,1,0,0,0,0,0,0,0,0,0,0,0,1,0,0,64,12.5,0,0,64,0.0,0,1,0,0.0
2015,438,한북대학교,대학,사립,경기,C그룹,0,0,0,0,0,0,0,0,0,0,0,0,0,0,0,0,0,0,0,0,0,0,0.0,0,0,0,0.0,0,0,0,0.0
2015,439,한서대학교,대학,사립,충남,B그룹,3,1,1,7,4,8,12,0,2,1,3,1,0,0,1,127,36,3,1,1,7,8011,1.0,3,1,8011,0.5,127,4,8,10.600000381469728
2015,440,한성대학교,대학,사립,서울,B그룹,7,0,8,1,15,1,16,1,6,0,7,0,8,0,8,339,34,7,0,8,1,7837,1.7999999523162842,7,8,7837,1.899999976158142,339,7,9,21.200000762939453
2015,441,한세대학교,대학,사립,경기,C그룹,1,2,0,3,1,5,6,0,0,1,1,0,0,0,0,716,12,1,2,0,3,3640,1.100000023841858,1,0,3640,0.3000000119209289,716,3,3,119.3000030517578
2015,442,한신대학교,대학,사립,경기,B그룹,1,3,3,0,4,3,7,0,1,0,1,0,3,0,3,189,41,1,3,3,0,5934,1.0,1,3,5934,0.699999988079071,189,4,3,27.0
2015,443,한양대학교,대학,사립,서울,A그룹,26,0,3,2,29,2,31,12,12,2,26,0,2,1,3,1003,275,26,0,3,2,22325,1.2999999523162842,26,3,22325,1.2999999523162842,1003,26,5,32.400001525878906
2015,444,한양대학교(ERICA),대학,사립,경기,A그룹,12,0,3,0,15,0,15,4,8,0,12,0,3,0,3,806,33,12,0,3,0,10570,1.399999976158142,12,3,10570,1.399999976158142,806,12,3,53.70000076293945
2015,445,한양여자대학교,전문대학,사립,서울,A그룹,2,0,4,0,6,0,6,0,1,1,2,0,3,1,4,240,23,2,0,4,0,6789,0.800000011920929,2,4,6789,0.8999999761581421,240,2,4,40.0
2015,446,한영대학교,전문대학,사립,전남,C그룹,0,0,0,1,0,1,1,0,0,0,0,0,0,0,0,8,2,0,0,0,1,1355,0.4000000059604645,0,0,1355,0.0,8,0,1,8.0
2015,447,한일장신대학교,대학,사립,전북,C그룹,2,1,0,0,2,1,3,1,1,0,2,0,0,0,0,50,5,2,1,0,0,1219,2.299999952316284,2,0,1219,1.600000023841858,50,3,0,16.700000762939453
2015,448,한중대학교,대학,사립,강원,C그룹,1,0,0,0,1,0,1,0,1,0,1,0,0,0,0,0,0,1,0,0,0,1415,0.699999988079071,1,0,1415,0.699999988079071,0,1,0,0.0
2015,449,합동신학대학원대학교,대학원대학,사립,경기,-,3,0,0,0,3,0,3,0,2,1,3,0,0,0,0,81,9,3,0,0,0,326,9.199999809265137,3,0,326,9.199999809265137,81,3,0,27.0
2015,450,해군사관학교,기타,기타,경남,-,6,0,0,0,6,0,6,1,5,0,6,0,0,0,0,28,1,6,0,0,0,0,0.0,6,0,0,0.0,28,6,0,4.699999809265137
2015,451,협성대학교,대학,사립,경기,C그룹,3,1,0,1,3,2,5,1,1,1,3,0,0,0,0,94,29,3,1,0,1,5104,0.800000011920929,3,0,5104,0.6000000238418579,94,4,1,18.799999237060547
2015,452,혜전대학교,전문대학,사립,충남,B그룹,1,1,0,2,1,3,4,1,0,0,1,0,0,0,0,87,2,1,1,0,2,3235,0.8999999761581421,1,0,3235,0.3000000119209289,87,2,2,21.799999237060547
2015,453,호남대학교,대학,사립,광주,B그룹,2,4,1,4,3,8,11,0,2,0,2,1,0,0,1,270,50,2,4,1,4,8349,1.0,2,1,8349,0.4000000059604645,270,6,5,24.5
2015,454,호남신학대학교,대학,사립,광주,C그룹,1,1,0,0,1,1,2,0,1,0,1,0,0,0,0,42,3,1,1,0,0,1008,1.7999999523162842,1,0,1008,1.0,42,2,0,21.0
2015,455,호산대학교,전문대학,사립,경북,C그룹,1,0,0,1,1,1,2,0,1,0,1,0,0,0,0,42,1,1,0,0,1,2201,0.699999988079071,1,0,2201,0.5,42,1,1,21.0
2015,456,호서대학교,대학,사립,충남,A그룹,4,2,12,6,16,8,24,1,3,0,4,0,12,0,12,496,116,4,2,12,6,14244,1.2999999523162842,4,12,14244,1.100000023841858,496,6,18,20.700000762939453
2015,457,호원대학교,대학,사립,전북,B그룹,3,1,1,3,4,4,8,0,3,0,3,0,1,0,1,104,13,3,1,1,3,5855,1.0,3,1,5855,0.699999988079071,104,4,4,13.0
2015,458,홍익대학교,대학,사립,서울,A그룹,18,3,8,6,26,9,35,3,12,3,18,0,8,0,8,850,322,18,3,8,6,22119,1.2999999523162842,18,8,22119,1.2000000476837158,850,21,14,24.299999237060547
2015,459,화성의과학대학교,대학,사립,경기,C그룹,0,1,0,0,0,1,1,0,0,0,0,0,0,0,0,0,0,0,1,0,0,905,0.8999999761581421,0,0,905,0.0,0,1,0,0.0
2015,460,화신사이버대학교,대학,사립,부산,C그룹,0,0,0,0,0,0,0,0,0,0,0,0,0,0,0,0,0,0,0,0,0,1121,0.0,0,0,1121,0.0,0,0,0,0.0
2015,461,횃불트리니티신학대학원대학교,대학원대학,사립,서울,-,2,0,0,0,2,0,2,0,2,0,2,0,0,0,0,93,4,2,0,0,0,435,4.599999904632568,2,0,435,4.599999904632568,93,2,0,46.5
