YR,ID,SNM,STYP,FND,RGN,USC,BR_TCNT_KB,BR_TCNT_OB,BR_TCNT_SUM,BR_BCNT_KB,BR_BCNT_OB,BR_BCNT_SUM,ER_EJN_PKG,ER_WDB_PKG,ER_EB_TCNT,ER_ELV_PKG,ER_TTL_PKG,ER_TTL_TCNT,SRL_KR,SRL_OT,SRL_TTL,AHC_ABI_BUY,AHC_ABI_DON,AHC_ABI_TTL,AHC_ATI,AHC_ARM,BPS_BO,BPS_SCP,BPS_BPS,GRR_AHBC,GRR_BO,GRR_GRR
2020,1,ICT폴리텍대학,전문대학,사립,경기,C그룹,6606,241,6847,9129,246,9375,0,0,0,0,0,0,0,0,0,168,0,168,167,0,9375,321,29.200000762939453,168,9375,1.7999999523162842
2020,2,가야대학교,대학,사립,경남,C그룹,115540,41708,157248,177108,43841,220949,6,5,50139,1,12,50139,1530,55,1585,5579,7658,13237,11872,0,220949,2549,86.69999694824219,13237,220949,6.400000095367432
2020,3,가천대학교,대학,사립,경기,A그룹,374397,143863,518260,925732,187408,1113140,29,29,25903,2,60,25903,4,0,4,34685,3384,38069,22612,0,1113140,20801,53.5,38069,1113140,3.5
2020,4,가톨릭관동대학교,대학,사립,강원,B그룹,233717,170506,404223,530964,224755,755719,9,19,100055,5,33,100055,281,2,283,13983,5230,19213,12397,0,755719,8474,89.19999694824219,19213,755719,2.5999999046325684
2020,5,가톨릭꽃동네대학교,대학,사립,충북,C그룹,37996,11536,49532,52752,11990,64742,0,13,14614,1,14,14614,52,1,53,777,82,859,667,0,64742,510,126.9000015258789,859,64742,1.2999999523162842
2020,6,가톨릭대학교,대학,사립,경기,A그룹,429066,261933,690999,761221,402871,1164092,82,55,84866,5,142,84866,2156,431,2587,17397,3821,21218,14076,9060,1164092,10503,110.8000030517578,21218,1164092,1.899999976158142
2020,7,가톨릭상지대학교,전문대학,사립,경북,C그룹,65643,2941,68584,108038,4112,112150,7,5,9730,4,16,9730,146,0,146,2217,258,2475,2091,0,112150,1885,59.5,2475,112150,2.299999952316284
2020,8,감리교신학대학교,대학,사립,서울,C그룹,60530,110829,171359,95518,127768,223286,5,7,67801,4,16,67801,64,22,86,3530,214,3744,3542,1830,223286,1544,144.60000610351562,3744,223286,1.7000000476837158
2020,9,강남대학교,대학,사립,경기,B그룹,273980,95633,369613,404720,140267,544987,7,10,36577,1,18,36577,111,64,175,7911,16195,24106,20343,0,544987,7152,76.19999694824219,24106,544987,4.599999904632568
2020,10,강동대학교,전문대학,사립,충북,B그룹,69712,38717,108429,104716,38802,143518,0,4,59737,0,4,59737,30,0,30,3917,0,3917,3769,0,143518,3763,38.09999847412109,3917,143518,2.799999952316284
2020,11,강릉영동대학교,전문대학,사립,강원,B그룹,52632,14122,66754,80814,14946,95760,1,1,22344,0,2,22344,145,0,145,3577,0,3577,2275,0,95760,2795,34.29999923706055,3577,95760,3.900000095367432
2020,12,강서대학교,대학,사립,서울,C그룹,68734,20421,89155,90021,22547,112568,6,12,19294,2,20,19294,125,30,155,2389,1012,3401,3092,5,112568,1520,74.0999984741211,3401,112568,3.0999999046325684
2020,13,강원관광대학교,전문대학,사립,강원,C그룹,38419,235,38654,48161,272,48433,1,0,2003,0,1,2003,55,0,55,1156,953,2109,2028,0,48433,1187,40.79999923706055,2109,48433,4.599999904632568
2020,14,강원대학교,대학,국립,강원,A그룹,815481,195586,1011067,1292056,322726,1614782,24,33,26960,0,57,26960,559,180,739,24721,8688,33409,24331,27,1614782,22414,72.0,33409,1614782,2.0999999046325684
2020,15,강원도립대학교,전문대학,공립,강원,C그룹,46807,1992,48799,58530,2226,60756,0,0,5992,1,1,5992,61,0,61,2097,778,2875,2678,409,60756,619,98.1999969482422,2875,60756,5.0
2020,16,개신대학원대학교,대학원대학,사립,서울,-,17259,1059,18318,23351,1645,24996,0,0,82,0,0,82,49,3,52,301,62,363,338,0,24996,157,159.1999969482422,363,24996,1.5
2020,17,거제대학교,전문대학,사립,경남,C그룹,53073,1696,54769,69472,1805,71277,2,4,7082,0,6,7082,121,0,121,1651,1749,3400,3368,0,71277,1199,59.400001525878906,3400,71277,5.0
2020,18,건국대학교,대학,사립,서울,A그룹,529779,180547,710326,1093392,255748,1349140,28,29,9301,1,58,9301,643,194,837,24496,3619,28115,15134,3,1349140,20277,66.5,28115,1349140,2.0999999046325684
2020,19,건국대학교(글로컬),대학,사립,충북,B그룹,271560,113202,384762,552507,151339,703846,7,18,107452,2,27,107452,214,19,233,11447,1383,12830,7026,39834,703846,7667,91.8000030517578,12830,703846,1.899999976158142
2020,20,건동대학교,대학,사립,경북,C그룹,0,0,0,0,0,0,0,0,0,0,0,0,0,0,0,0,0,0,0,0,0,0,0.0,0,0,0.0
2020,21,건신대학원대학교,대학원대학,사립,대전,-,11680,3347,15027,16808,4869,21677,2,0,0,0,2,0,6,3,9,194,0,194,201,0,21677,165,131.39999389648438,194,21677,0.8999999761581421
2020,22,건양대학교,대학,사립,충남,B그룹,200609,43049,243658,328211,136462,464673,15,13,20535,0,28,20535,0,0,0,13154,1127,14281,8973,0,464673,7914,58.70000076293945,14281,464673,3.200000047683716
2020,23,경기과학기술대학교,전문대학,사립,경기,A그룹,70555,48712,119267,100614,48933,149547,6,5,57560,0,11,57560,96,0,96,4434,11968,16402,6890,0,149547,4269,35.0,16402,149547,12.300000190734863
2020,24,경기대학교,대학,사립,경기,A그룹,617446,87434,704880,1135568,170422,1305990,24,19,45008,5,48,45008,641,6,647,11520,4940,16460,13431,0,1305990,16083,81.19999694824219,16460,1305990,1.2999999523162842
2020,25,경남대학교,대학,사립,경남,A그룹,506007,173497,679504,792427,201758,994185,17,18,108694,0,35,108694,341,115,456,22647,2022,24669,20897,1,994185,12609,78.80000305175781,24669,994185,2.5
2020,26,경남도립거창대학,전문대학,공립,경남,C그룹,29710,853,30563,43822,910,44732,1,0,2822,0,1,2822,18,0,18,1001,0,1001,911,0,44732,898,49.79999923706055,1001,44732,2.299999952316284
2020,27,경남도립남해대학,전문대학,공립,경남,C그룹,35884,653,36537,40247,694,40941,0,0,108,0,0,108,40,0,40,956,0,956,745,391,40941,794,51.59999847412109,956,40941,2.400000095367432
2020,28,경남정보대학교,전문대학,사립,부산,A그룹,126191,6207,132398,221025,7366,228391,0,4,14546,0,4,14546,128,0,128,7387,1523,8910,5607,0,228391,7036,32.5,8910,228391,4.099999904632568
2020,29,경동대학교,대학,사립,강원,B그룹,135652,17752,153404,296221,27327,323548,7,7,42690,2,16,42690,240,0,240,50034,0,50034,11439,0,323548,7794,41.5,50034,323548,18.299999237060547
2020,30,경민대학교,전문대학,사립,경기,B그룹,92474,6837,99311,151713,8847,160560,5,5,10788,2,12,10788,53,15,68,5173,1510,6683,4674,4804,160560,4336,37.0,6683,160560,4.300000190734863
2020,31,경복대학교,전문대학,사립,경기,A그룹,84159,19131,103290,109390,19466,128856,0,3,33885,0,3,33885,231,0,231,18340,1628,19968,15900,0,128856,6565,19.600000381469727,19968,128856,18.299999237060547
2020,32,경북과학대학교,전문대학,사립,경북,C그룹,55808,11967,67775,77284,13744,91028,1,0,3925,0,1,3925,68,0,68,164,545,709,644,0,91028,1425,63.900001525878906,709,91028,0.800000011920929
2020,33,경북대학교,대학,국립,대구,A그룹,846409,627357,1473766,2239709,1122898,3362607,33,54,356820,2,89,356820,1200,530,1730,52940,6924,59864,34905,127222,3362607,28251,119.0,59864,3362607,1.7999999523162842
2020,34,경북보건대학교,전문대학,사립,경북,C그룹,37507,1287,38794,44428,1529,45957,2,1,8997,0,3,8997,25,2,27,1986,53,2039,1748,0,45957,1298,35.400001525878906,2039,45957,4.599999904632568
2020,35,경북외국어대학교,대학,사립,대구,C그룹,0,0,0,0,0,0,0,0,0,0,0,0,0,0,0,0,0,0,0,0,0,0,0.0,0,0,0.0
2020,36,경북전문대학교,전문대학,사립,경북,B그룹,89928,10099,100027,117884,12567,130451,1,1,7975,0,2,7975,130,2,132,3296,346,3642,3508,0,130451,2852,45.70000076293945,3642,130451,2.900000095367432
2020,37,경상국립대학교,대학,국립,경남,A그룹,594907,283452,878359,1274950,460207,1735157,32,34,46885,5,71,46885,940,302,1242,30962,21039,52001,40931,69220,1735157,21750,79.80000305175781,52001,1735157,3.0999999046325684
2020,38,경성대학교,대학,사립,부산,A그룹,437562,166448,604010,798691,219267,1017958,14,24,63038,3,41,63038,529,35,564,19220,4559,23779,15889,28,1017958,12883,79.0,23779,1017958,2.400000095367432
2020,39,경안대학원대학교,대학원대학,사립,경북,-,7501,0,7501,8341,0,8341,0,0,0,0,0,0,2,0,2,16,99,115,107,0,8341,60,139.0,115,8341,1.399999976158142
2020,40,경운대학교,대학,사립,경북,C그룹,189673,26873,216546,385550,34903,420453,2,12,65942,1,15,65942,267,42,309,4709,2479,7188,3093,3,420453,4608,91.1999969482422,7188,420453,1.7000000476837158
2020,41,경인교육대학교,대학,국립,인천,C그룹,203066,29326,232392,571156,37210,608366,12,8,32858,1,21,32858,181,15,196,16802,2510,19312,8377,8930,608366,4008,151.8000030517578,19312,608366,3.299999952316284
2020,42,경인여자대학교,전문대학,사립,인천,B그룹,105244,32060,137304,209507,32385,241892,4,6,48786,0,10,48786,35,13,48,6079,404,6483,4504,0,241892,4646,52.09999847412109,6483,241892,2.799999952316284
2020,43,경일대학교,대학,사립,경북,B그룹,181329,125726,307055,385233,149338,534571,8,8,88586,5,21,88586,366,8,374,10375,914,11289,5771,0,534571,7015,76.19999694824219,11289,534571,2.200000047683716
2020,44,경찰대학,기타,기타,충남,-,147790,48820,196610,150823,49360,200183,0,9,2457,0,9,2457,143,55,198,5559,634,6193,6193,0,200183,0,0.0,6193,200183,3.200000047683716
2020,45,경희대학교,대학,사립,서울,A그룹,938492,400956,1339448,1966969,616474,2583443,58,40,281367,5,103,281367,284,118,402,26002,5453,31455,28583,12088,2583443,34016,75.9000015258789,31455,2583443,1.2000000476837158
2020,46,계명대학교,대학,사립,대구,A그룹,589526,373494,963020,1649250,466270,2115520,38,60,300645,4,102,300645,1724,399,2123,55705,11136,66841,55385,9492,2115520,23391,90.4000015258789,66841,2115520,3.299999952316284
2020,47,계명문화대학교,전문대학,사립,대구,A그룹,158757,8498,167255,235357,12584,247941,6,7,16667,3,16,16667,69,0,69,4878,279,5157,5007,0,247941,5255,47.20000076293945,5157,247941,2.0999999046325684
2020,48,계약신학대학원대학교,대학원대학,사립,경기,-,15271,4247,19518,20235,4387,24622,0,0,691,0,0,691,7,0,7,287,176,463,348,0,24622,31,794.2999877929688,463,24622,1.899999976158142
2020,49,계원예술대학교,전문대학,사립,경기,B그룹,78289,36375,114664,88515,37195,125710,2,5,7166,3,10,7166,17,42,59,1526,132,1658,1654,0,125710,2892,43.5,1658,125710,1.2999999523162842
2020,50,고려대학교,대학,사립,서울,A그룹,641611,979267,1620878,1505896,1543050,3048946,122,108,664507,4,234,664507,970,1234,2204,50920,12959,63879,53086,203,3048946,29757,102.5,63879,3048946,2.0999999046325684
2020,51,고려대학교(세종),대학,사립,세종,B그룹,281900,67197,349097,452902,102084,554986,6,9,11513,2,17,11513,115,17,132,4147,2901,7048,6284,6947,554986,7135,77.80000305175781,7048,554986,1.2999999523162842
2020,52,고려사이버대학교,대학,사립,서울,A그룹,4863,38358,43221,11780,38358,50138,0,1,43221,0,1,43221,0,0,0,624,0,624,368,0,50138,9045,5.5,624,50138,1.2999999523162842
2020,53,고신대학교,대학,사립,부산,C그룹,218514,137427,355941,291667,167434,459101,10,8,10122,0,18,10122,482,96,578,5546,1730,7276,7092,1781,459101,4802,95.5999984741211,7276,459101,1.600000023841858
2020,54,공군사관학교,기타,기타,충북,-,200274,38189,238463,200274,38189,238463,4,2,3769,0,6,3769,173,13,186,4737,1628,6365,6365,83,238463,0,0.0,6365,238463,2.700000047683716
2020,55,공주교육대학교,대학,국립,충남,C그룹,122460,6389,128849,303293,21328,324621,8,9,9531,0,17,9531,142,0,142,6032,0,6032,2934,0,324621,1957,165.89999389648438,6032,324621,1.899999976158142
2020,56,과학기술연합대학원대학교,대학원대학,국립,대전,-,7077,29269,36346,14754,74344,89098,2,8,440801,0,10,440801,0,0,0,7520,0,7520,7447,0,89098,1308,68.0999984741211,7520,89098,9.199999809265137
2020,57,광신대학교,대학,사립,광주,C그룹,57632,58591,116223,87620,65544,153164,3,5,13312,0,8,13312,158,17,175,2113,4076,6189,5589,310,153164,972,157.60000610351562,6189,153164,4.199999809265137
2020,58,광양보건대학교,전문대학,사립,전남,C그룹,23363,476,23839,39827,542,40369,0,2,451,1,3,451,55,0,55,0,0,0,0,0,40369,996,40.5,0,40369,0.0
2020,59,광운대학교,대학,사립,서울,B그룹,312884,79789,392673,614660,131656,746316,14,18,29084,1,33,29084,175,24,199,16404,3417,19821,12424,93,746316,9561,78.0999984741211,19821,746316,2.700000047683716
2020,60,광주가톨릭대학교,대학,사립,전남,C그룹,90007,58606,148613,130971,73308,204279,5,6,42376,5,16,42376,46,67,113,998,599,1597,1466,0,204279,107,1909.0999755859373,1597,204279,0.800000011920929
2020,61,광주과학기술원,대학,국립,광주,C그룹,65503,166665,232168,83372,182464,265836,22,11,138587,2,35,138587,0,0,0,4824,979,5803,4104,550,265836,2052,129.5,5803,265836,2.200000047683716
2020,62,광주교육대학교,대학,국립,광주,C그룹,182500,29524,212024,275464,35641,311105,0,4,13191,0,4,13191,76,10,86,4518,2626,7144,4746,0,311105,1921,161.89999389648438,7144,311105,2.400000095367432
2020,63,광주대학교,대학,사립,광주,B그룹,277259,58651,335910,492343,96902,589245,7,9,41906,5,21,41906,328,53,381,20768,9205,29973,19604,0,589245,7301,80.69999694824219,29973,589245,5.400000095367432
2020,64,광주보건대학교,전문대학,사립,광주,B그룹,105163,5706,110869,198517,10597,209114,2,2,9356,3,7,9356,66,18,84,2372,546,2918,1442,0,209114,3778,55.400001525878906,2918,209114,1.399999976158142
2020,65,광주여자대학교,대학,사립,광주,C그룹,181306,34091,215397,276310,42260,318570,9,8,83271,0,17,83271,60,0,60,9684,1999,11683,8801,0,318570,3845,82.9000015258789,11683,318570,3.799999952316284
2020,66,구미대학교,전문대학,사립,경북,A그룹,45782,472,46254,192828,2750,195578,1,1,1125,0,2,1125,110,0,110,5459,444,5903,1126,0,195578,5255,37.20000076293945,5903,195578,3.0999999046325684
2020,67,구세군사관대학원대학교,대학원대학,사립,경기,-,23988,1988,25976,23988,1988,25976,1,0,0,0,1,0,59,5,64,327,121,448,316,0,25976,37,702.0999755859375,448,25976,1.7999999523162842
2020,68,국군간호사관학교,기타,기타,대전,-,60156,3141,63297,66409,3418,69827,4,5,5205,0,9,5205,122,6,128,3365,706,4071,1769,0,69827,0,0.0,4071,69827,6.199999809265137
2020,69,국립강릉원주대학교,대학,국립,강원,B그룹,328257,84833,413090,698324,176587,874911,15,16,42420,2,33,42420,709,14,723,8104,3083,11187,11091,0,874911,8473,103.3000030517578,11187,874911,1.2999999523162842
2020,70,국립경국대학교,대학,국립,경북,B그룹,356523,78310,434833,750877,119533,870410,10,10,32839,3,23,32839,130,7,137,18623,4410,23033,8487,1436,870410,7331,118.6999969482422,23033,870410,2.700000047683716
2020,71,국립공주대학교,대학,국립,충남,A그룹,497306,106438,603744,1159286,173755,1333041,20,22,78763,1,43,78763,422,77,499,24474,5664,30138,15790,0,1333041,15712,84.80000305175781,30138,1333041,2.299999952316284
2020,72,국립군산대학교,대학,국립,전북,B그룹,278298,47900,326198,603030,95497,698527,13,11,25412,5,29,25412,325,63,388,10395,3274,13669,10746,0,698527,8001,87.30000305175781,13669,698527,2.0
2020,73,국립금오공과대학교,대학,국립,경북,B그룹,196674,47001,243675,427728,73632,501360,20,18,202863,5,43,202863,156,49,205,16761,3168,19929,13032,0,501360,6318,79.4000015258789,19929,501360,4.099999904632568
2020,74,국립목포대학교,대학,국립,전남,B그룹,258003,88531,346534,515552,133190,648742,12,19,17881,1,32,17881,419,16,435,10365,5477,15842,10104,0,648742,8132,79.80000305175781,15842,648742,2.5
2020,75,국립목포해양대학교,대학,국립,전남,C그룹,105472,15165,120637,215484,20364,235848,3,5,22186,0,8,22186,121,0,121,3392,1146,4538,2241,0,235848,2689,87.69999694824219,4538,235848,2.0
2020,76,국립부경대학교,대학,국립,부산,A그룹,358341,149930,508271,1058473,238162,1296635,23,29,275169,4,56,275169,480,132,612,14078,18191,32269,18599,0,1296635,18562,69.9000015258789,32269,1296635,2.5999999046325684
2020,77,국립순천대학교,대학,국립,전남,B그룹,392474,102875,495349,719174,152046,871220,18,25,59485,8,51,59485,293,105,398,18209,7109,25318,20225,0,871220,7778,112.0,25318,871220,3.0
2020,78,국립암센터국제암대학원대학교,대학원대학,국립,경기,-,802,718,1520,806,718,1524,0,0,250,0,0,250,0,0,0,0,0,0,0,0,1524,60,25.399999618530277,0,1524,0.0
2020,79,국립창원대학교,대학,국립,경남,B그룹,287352,122882,410234,528560,177918,706478,19,20,53358,2,41,53358,567,136,703,18064,2689,20753,19440,0,706478,9260,76.30000305175781,20753,706478,3.0
2020,80,국립한국교통대학교,대학,국립,충북,B그룹,271242,69922,341164,612714,94391,707105,10,18,56686,0,28,56686,78,22,100,24412,2917,27329,15046,0,707105,8813,80.19999694824219,27329,707105,4.0
2020,81,국립한국해양대학교,대학,국립,부산,B그룹,193521,96187,289708,417628,153860,571488,13,15,17180,1,29,17180,215,40,255,5000,9583,14583,7929,0,571488,7386,77.4000015258789,14583,571488,2.5999999046325684
2020,82,국립한밭대학교,대학,국립,대전,B그룹,241387,75413,316800,524438,97243,621681,13,18,24665,2,33,24665,288,50,338,14739,6184,20923,13718,0,621681,9285,67.0,20923,621681,3.5
2020,83,국민대학교,대학,사립,서울,A그룹,441293,221502,662795,1126759,306100,1432859,24,36,106998,7,67,106998,917,188,1105,22109,4969,27078,19561,161,1432859,18582,77.0999984741211,27078,1432859,1.899999976158142
2020,84,국방대학교,기타,기타,충남,-,177905,72134,250039,293510,88362,381872,0,28,917,0,28,917,184,80,264,7989,4280,12269,8938,0,381872,0,0.0,12269,381872,3.299999952316284
2020,85,국제뇌교육종합대학원대학교,대학원대학,사립,충남,-,5312,164,5476,5369,164,5533,2,0,0,0,2,0,4,0,4,74,32,106,100,9775,5533,268,20.600000381469727,106,5533,2.0
2020,86,국제대학교,전문대학,사립,경기,B그룹,48833,22552,71385,105943,22580,128523,7,5,44213,0,12,44213,75,0,75,4610,779,5389,3704,0,128523,3889,33.0,5389,128523,4.400000095367432
2020,87,국제문화대학원대학교,대학원대학,사립,충남,-,0,0,0,0,0,0,0,0,0,0,0,0,0,0,0,0,0,0,0,0,0,0,0.0,0,0,0.0
2020,88,국제법률경영대학원대학교,대학원대학,사립,경기,-,1289,2708,3997,2148,4565,6713,0,0,0,0,0,0,0,0,0,0,0,0,0,0,6713,124,54.09999847412109,0,6713,0.0
2020,89,국제사이버대학교,대학,사립,경기,C그룹,1200,0,1200,9798,0,9798,0,0,1200,0,0,1200,0,0,0,408,0,408,341,0,9798,3046,3.200000047683716,408,9798,4.300000190734863
2020,90,국제언어대학원대학교,대학원대학,사립,서울,-,2911,12323,15234,3828,13432,17260,0,0,130,0,0,130,0,2,2,157,3,160,22,0,17260,55,313.79998779296875,160,17260,0.8999999761581421
2020,91,국제예술대학교,기타,기타,서울,-,1041,26,1067,1052,26,1078,0,0,0,0,0,0,0,0,0,11,0,11,11,0,1078,0,0.0,11,1078,1.0
2020,92,군산간호대학교,전문대학,사립,전북,C그룹,23672,3703,27375,33525,4825,38350,1,5,6910,0,6,6910,25,0,25,1201,340,1541,1113,386,38350,1134,33.79999923706055,1541,38350,4.199999809265137
2020,93,군장대학교,전문대학,사립,전북,C그룹,55938,247,56185,88805,325,89130,5,5,15533,12,22,15533,13,0,13,3122,91,3213,3197,0,89130,1951,45.70000076293945,3213,89130,3.700000047683716
2020,94,극동대학교,대학,사립,충북,C그룹,167221,38113,205334,269083,44778,313861,3,7,111607,3,13,111607,115,0,115,8907,219,9126,8921,0,313861,3770,83.30000305175781,9126,313861,3.0
2020,95,글로벌사이버대학교,대학,사립,충남,C그룹,895,0,895,1855,0,1855,0,1,895,0,1,895,0,0,0,134,0,134,109,0,1855,2325,0.800000011920929,134,1855,7.800000190734863
2020,96,금강대학교,대학,사립,충남,C그룹,65034,14804,79838,102680,24822,127502,0,3,0,0,3,0,79,12,91,992,1229,2221,1558,0,127502,407,313.29998779296875,2221,127502,1.7999999523162842
2020,97,기독간호대학교,전문대학,사립,광주,C그룹,20869,4264,25133,29893,5419,35312,3,1,380,0,4,380,55,0,55,813,98,911,737,0,35312,619,57.0,911,35312,2.5999999046325684
2020,98,김천대학교,대학,사립,경북,C그룹,110115,144248,254363,157512,145274,302786,6,10,179210,0,16,179210,111,0,111,10015,190,10205,8765,4,302786,3348,90.4000015258789,10205,302786,3.5
2020,99,김포대학교,전문대학,사립,경기,C그룹,70508,4966,75474,115563,5804,121367,1,8,8811,2,11,8811,89,7,96,3696,2166,5862,4875,0,121367,3580,33.900001525878906,5862,121367,5.099999904632568
2020,100,김해대학교,전문대학,사립,경남,C그룹,27470,326,27796,36030,331,36361,1,1,831,0,2,831,9,0,9,643,10104,10747,5692,0,36361,1434,25.399999618530277,10747,36361,42.0
2020,101,나사렛대학교,대학,사립,충남,B그룹,188720,109425,298145,277832,116050,393882,8,10,121389,2,20,121389,138,3,141,11645,1466,13111,11296,0,393882,5446,72.30000305175781,13111,393882,3.400000095367432
2020,102,나주대학교,전문대학,사립,전남,C그룹,23661,224,23885,28328,333,28661,0,0,2239,1,1,2239,108,1,109,667,299,966,966,0,28661,2002,14.300000190734863,966,28661,3.5
2020,103,남부대학교,대학,사립,광주,C그룹,87588,8977,96565,98874,9144,108018,5,4,14371,2,11,14371,114,7,121,7375,3768,11143,8187,0,108018,3421,31.600000381469727,11143,108018,11.5
2020,104,남서울대학교,대학,사립,충남,B그룹,310661,122400,433061,629934,239189,869123,7,12,136866,0,19,136866,661,30,691,17800,562,18362,13164,0,869123,10224,85.0,18362,869123,2.200000047683716
2020,105,농협대학교,전문대학,사립,경기,C그룹,33715,4493,38208,40068,4884,44952,2,0,1180,0,2,1180,30,0,30,1121,44,1165,958,1210,44952,406,110.6999969482422,1165,44952,2.700000047683716
2020,106,능인대학원대학교,대학원대학,사립,경기,-,3768,53,3821,4948,55,5003,0,1,0,0,1,0,21,0,21,97,277,374,292,0,5003,72,69.5,374,5003,8.100000381469727
2020,107,단국대학교,대학,사립,경기,A그룹,958503,291398,1249901,1513972,477813,1991785,19,21,34281,4,44,34281,1065,142,1207,39016,8758,47774,38878,47033,1991785,26997,73.80000305175781,47774,1991785,2.5
2020,108,대경대학교,전문대학,사립,경북,B그룹,51013,4433,55446,143952,4831,148783,0,3,24909,2,5,24909,65,1,66,4913,913,5826,2492,0,148783,4275,34.79999923706055,5826,148783,4.099999904632568
2020,109,대구가톨릭대학교,대학,사립,경북,A그룹,525605,261500,787105,1021785,365241,1387026,33,28,54174,0,61,54174,600,68,668,25941,5666,31607,22728,5038,1387026,13891,99.9000015258789,31607,1387026,2.299999952316284
2020,110,대구경북과학기술원,대학,국립,대구,C그룹,56131,90491,146622,62677,92198,154875,38,37,248437,0,75,248437,5,1,6,13358,30,13388,13234,0,154875,1463,105.9000015258789,13388,154875,9.5
2020,111,대구공업대학교,전문대학,사립,대구,C그룹,67064,2243,69307,104790,3299,108089,3,4,17271,2,9,17271,67,0,67,3188,381,3569,3522,3221,108089,1672,64.5999984741211,3569,108089,3.400000095367432
2020,112,대구과학대학교,전문대학,사립,대구,A그룹,80765,3118,83883,150430,3775,154205,2,3,11925,3,8,11925,23,0,23,5118,345,5463,4580,0,154205,4100,37.59999847412109,5463,154205,3.700000047683716
2020,113,대구교육대학교,대학,국립,대구,C그룹,144399,12803,157202,302131,23209,325340,6,7,12379,0,13,12379,508,58,566,5910,314,6224,3847,0,325340,2451,132.6999969482422,6224,325340,2.0
2020,114,대구대학교,대학,사립,경북,A그룹,540068,228185,768253,1161496,421136,1582632,10,17,31147,2,29,31147,779,12,791,31253,3400,34653,27135,34750,1582632,18566,85.19999694824219,34653,1582632,2.200000047683716
2020,115,대구미래대학교,전문대학,사립,경북,C그룹,0,0,0,0,0,0,0,0,0,0,0,0,0,0,0,0,0,0,0,0,0,0,0.0,0,0,0.0
2020,116,대구보건대학교,전문대학,사립,대구,A그룹,92945,17560,110505,218783,21194,239977,2,5,22816,0,7,22816,110,14,124,7684,34,7718,4830,0,239977,7004,34.29999923706055,7718,239977,3.299999952316284
2020,117,대구사이버대학교,대학,사립,경북,C그룹,16380,0,16380,17090,0,17090,6,0,16380,0,6,16380,0,0,0,423,0,423,445,0,17090,4016,4.300000190734863,423,17090,2.5
2020,118,대구예술대학교,대학,사립,경북,C그룹,48953,1155,50108,118174,1931,120105,0,0,14012,0,0,14012,89,4,93,3968,442,4410,1983,0,120105,1102,109.0,4410,120105,3.799999952316284
2020,119,대구외국어대학교,대학,사립,경북,C그룹,0,0,0,0,0,0,0,0,0,0,0,0,0,0,0,0,0,0,0,0,0,0,0.0,0,0,0.0
2020,120,대구한의대학교,대학,사립,경북,B그룹,266809,93500,360309,496434,136865,633299,11,13,44797,1,25,44797,324,28,352,14064,3997,18061,13820,9,633299,6721,94.1999969482422,18061,633299,2.900000095367432
2020,121,대덕대학교,전문대학,사립,대전,C그룹,75344,686,76030,183268,913,184181,2,5,45209,2,9,45209,85,1,86,7555,10025,17580,4662,1749,184181,4193,43.900001525878906,17580,184181,10.600000381469728
2020,122,대동대학교,전문대학,사립,부산,C그룹,49198,1083,50281,54051,1155,55206,5,5,10953,0,10,10953,71,3,74,754,80,834,778,0,55206,1490,37.09999847412109,834,55206,1.5
2020,123,대림대학교,전문대학,사립,경기,A그룹,101399,48030,149429,148699,49343,198042,3,1,54583,2,6,54583,129,0,129,7271,831,8102,4550,0,198042,6894,28.700000762939453,8102,198042,4.300000190734863
2020,124,대신대학교,대학,사립,경북,C그룹,79883,10859,90742,101064,11523,112587,2,3,7950,0,5,7950,114,4,118,892,1355,2247,2018,0,112587,622,181.0,2247,112587,2.0
2020,125,대원대학교,전문대학,사립,충북,C그룹,56594,3596,60190,86101,4096,90197,2,0,11674,2,4,11674,137,0,137,3486,661,4147,3282,0,90197,2482,36.29999923706055,4147,90197,4.800000190734863
2020,126,대전가톨릭대학교,대학,사립,세종,C그룹,91633,36271,127904,107804,38023,145827,0,4,2547,0,4,2547,138,72,210,958,2516,3474,2844,862,145827,91,1602.5,3474,145827,2.400000095367432
2020,127,대전과학기술대학교,전문대학,사립,대전,B그룹,80084,99358,179442,179785,170210,349995,4,5,9165,3,12,9165,162,8,170,4856,695,5551,2820,0,349995,4509,77.5999984741211,5551,349995,1.600000023841858
2020,128,대전대학교,대학,사립,대전,B그룹,408872,118974,527846,621414,164301,785715,11,16,85646,10,37,85646,322,9,331,26391,3404,29795,28213,0,785715,9880,79.5,29795,785715,3.900000095367432
2020,129,대전보건대학교,전문대학,사립,대전,A그룹,99923,30320,130243,204667,33250,237917,3,17,49789,1,21,49789,81,0,81,6710,49689,56399,28322,0,237917,5730,41.5,56399,237917,31.100000381469727
2020,130,대전신학대학교,대학,사립,대전,C그룹,40738,9283,50021,66082,11672,77754,0,1,4338,0,1,4338,182,0,182,268,101,369,295,0,77754,200,388.7999877929688,369,77754,0.5
2020,131,대진대학교,대학,사립,경기,B그룹,275350,93521,368871,547770,145092,692862,14,20,37471,7,41,37471,243,6,249,15971,3039,19010,11203,0,692862,7901,87.69999694824219,19010,692862,2.799999952316284
2020,132,대한신학대학원대학교,대학원대학,사립,경기,-,7405,1931,9336,13130,2700,15830,0,0,0,0,0,0,0,0,0,0,0,0,0,0,15830,290,54.59999847412109,0,15830,0.0
2020,133,덕성여자대학교,대학,사립,서울,B그룹,389025,74729,463754,638537,128163,766700,18,19,19339,6,43,19339,534,64,598,12068,2952,15020,12091,0,766700,5928,129.3000030517578,15020,766700,2.0
2020,134,동강대학교,전문대학,사립,광주,B그룹,111260,8632,119892,158255,10079,168334,1,0,17671,1,2,17671,66,0,66,4094,307,4401,4005,3025,168334,3217,52.29999923706055,4401,168334,2.700000047683716
2020,135,동국대학교,대학,사립,서울,A그룹,809997,334398,1144395,1196813,408866,1605679,30,36,229745,0,66,229745,762,390,1152,163506,11119,174625,173227,0,1605679,17498,91.8000030517578,174625,1605679,12.199999809265137
2020,136,동국대학교 WISE캠퍼스,대학,사립,경북,B그룹,422918,90569,513487,666492,134091,800583,13,17,15966,2,32,15966,1143,86,1229,9484,2912,12396,11427,7806,800583,8417,95.0999984741211,12396,800583,1.600000023841858
2020,137,동남보건대학교,전문대학,사립,경기,A그룹,79683,6785,86468,143152,7867,151019,0,4,20471,1,5,20471,32,0,32,4726,633,5359,3949,0,151019,4677,32.29999923706055,5359,151019,3.700000047683716
2020,138,동덕여자대학교,대학,사립,서울,B그룹,170202,36606,206808,413200,116354,529554,13,21,63512,2,36,63512,379,122,501,15079,1685,16764,12661,15225,529554,7139,74.19999694824219,16764,529554,3.299999952316284
2020,139,동명대학교,대학,사립,부산,B그룹,369093,46003,415096,488609,52186,540795,6,9,33334,0,15,33334,41,9,50,21518,2695,24213,21340,0,540795,8200,66.0,24213,540795,4.699999809265137
2020,140,동방문화대학원대학교,대학원대학,사립,서울,-,19977,3974,23951,21695,4099,25794,7,5,5782,0,12,5782,12,0,12,432,860,1292,939,94,25794,309,83.5,1292,25794,5.300000190734863
2020,141,동부산대학교,전문대학,사립,부산,C그룹,113946,9360,123306,135094,9916,145010,0,0,4340,0,0,4340,56,0,56,0,0,0,0,0,145010,1335,108.5999984741211,0,145010,0.0
2020,142,동서대학교,대학,사립,부산,B그룹,318466,112015,430481,638594,139789,778383,9,15,129306,1,25,129306,299,67,366,24545,3033,27578,27012,0,778383,10780,72.19999694824219,27578,778383,3.700000047683716
2020,143,동서울대학교,전문대학,사립,경기,A그룹,101086,9313,110399,217632,10648,228280,2,1,15349,3,6,15349,86,0,86,5833,533,6366,3565,1293,228280,5953,38.29999923706055,6366,228280,2.900000095367432
2020,144,동신대학교,대학,사립,전남,B그룹,466725,125058,591783,583526,140879,724405,8,16,36086,5,29,36086,278,29,307,14326,1793,16119,14884,0,724405,7008,103.4000015258789,16119,724405,2.299999952316284
2020,145,동아대학교,대학,사립,부산,A그룹,575125,254298,829423,1032501,364808,1397309,33,23,47796,0,56,47796,355,131,486,17787,17896,35683,24169,0,1397309,20460,68.30000305175781,35683,1397309,2.5999999046325684
2020,146,동아방송예술대학교,전문대학,사립,경기,B그룹,62945,16293,79238,89207,16574,105781,3,9,24380,0,12,24380,67,0,67,6403,677,7080,4753,0,105781,3072,34.400001525878906,7080,105781,7.199999809265137
2020,147,동아보건대학교,전문대학,사립,전남,C그룹,46753,0,46753,60151,0,60151,0,2,7542,0,2,7542,46,0,46,1228,2398,3626,2478,322,60151,1736,34.599998474121094,3626,60151,6.400000095367432
2020,148,동양대학교,대학,사립,경북,C그룹,149916,62258,212174,274733,78455,353188,8,5,35812,4,17,35812,59,0,59,9765,857,10622,8355,2,353188,4453,79.30000305175781,10622,353188,3.0999999046325684
2020,149,동양미래대학교,전문대학,사립,서울,A그룹,163474,18925,182399,251140,24729,275869,5,4,23651,2,11,23651,217,22,239,7663,0,7663,4880,14060,275869,5830,47.29999923706055,7663,275869,2.900000095367432
2020,150,동우대학,전문대학,사립,강원,B그룹,0,0,0,0,0,0,0,0,0,0,0,0,0,0,0,0,0,0,0,0,0,0,0.0,0,0,0.0
2020,151,동원과학기술대학교,전문대학,사립,경남,B그룹,49715,1887,51602,78015,2174,80189,1,0,0,0,1,0,68,1,69,1042,0,1042,811,0,80189,2291,35.0,1042,80189,1.2999999523162842
2020,152,동원대학교,전문대학,사립,경기,B그룹,88208,2092,90300,129594,3353,132947,0,1,17440,0,1,17440,53,0,53,4585,18,4603,3391,0,132947,3663,36.29999923706055,4603,132947,3.5999999046325684
2020,153,동의과학대학교,전문대학,사립,부산,B그룹,93452,5693,99145,161498,7227,168725,4,4,13636,1,9,13636,110,15,125,5232,127,5359,3733,0,168725,5748,29.399999618530277,5359,168725,3.299999952316284
2020,154,동의대학교,대학,사립,부산,A그룹,443870,159154,603024,938287,282249,1220536,12,18,47670,5,35,47670,411,23,434,26291,1308,27599,21078,0,1220536,16122,75.69999694824219,27599,1220536,2.299999952316284
2020,155,두원공과대학교,전문대학,사립,경기,B그룹,64106,9194,73300,126273,10608,136881,2,2,3335,0,4,3335,136,0,136,4972,1,4973,2111,0,136881,5058,27.100000381469727,4973,136881,3.799999952316284
2020,156,디지털서울문화예술대학교,대학,사립,서울,C그룹,2627,0,2627,10135,0,10135,0,1,2627,0,1,2627,0,0,0,104,0,104,75,0,10135,3675,2.799999952316284,104,10135,1.0
2020,157,루터대학교,대학,사립,경기,C그룹,21724,7786,29510,28589,9837,38426,2,9,2360,0,11,2360,55,49,104,276,0,276,232,0,38426,397,96.8000030517578,276,38426,0.699999988079071
2020,158,마산대학교,전문대학,사립,경남,A그룹,70848,1312,72160,189031,1503,190534,5,5,37970,0,10,37970,127,0,127,9442,0,9442,5387,0,190534,5595,34.099998474121094,9442,190534,5.199999809265137
2020,159,명신대학교,대학,사립,전남,C그룹,0,0,0,0,0,0,0,0,0,0,0,0,0,0,0,0,0,0,0,0,0,0,0.0,0,0,0.0
2020,160,명지대학교,대학,사립,서울,A그룹,637914,279765,917679,1198424,359359,1557783,29,18,439109,12,59,439109,1175,78,1253,84522,3537,88059,41651,0,1557783,16070,96.9000015258789,88059,1557783,6.0
2020,161,명지전문대학,전문대학,사립,서울,A그룹,121198,12384,133582,230170,14778,244948,1,3,11185,2,6,11185,57,6,63,9020,266,9286,8133,0,244948,7056,34.70000076293945,9286,244948,3.900000095367432
2020,162,목원대학교,대학,사립,대전,B그룹,241258,165834,407092,456710,219043,675753,11,21,128941,8,40,128941,336,31,367,19445,1731,21176,13325,23,675753,8429,80.19999694824219,21176,675753,3.200000047683716
2020,163,목포가톨릭대학교,대학,사립,전남,C그룹,35528,3451,38979,45584,3527,49111,6,6,9727,0,12,9727,10,1,11,1394,37,1431,1314,0,49111,500,98.1999969482422,1431,49111,3.0
2020,164,목포과학대학교,전문대학,사립,전남,B그룹,61133,4472,65605,67959,5718,73677,3,0,5908,0,3,5908,12,0,12,938,0,938,870,0,73677,2287,32.20000076293945,938,73677,1.2999999523162842
2020,165,문경대학교,전문대학,사립,경북,C그룹,32276,187,32463,41420,210,41630,0,1,2459,1,2,2459,70,0,70,743,0,743,662,0,41630,876,47.5,743,41630,1.7999999523162842
2020,166,배재대학교,대학,사립,대전,B그룹,216811,214489,431300,482440,267116,749556,8,10,168101,4,22,168101,228,25,253,21971,2836,24807,14176,62,749556,9075,82.5999984741211,24807,749556,3.400000095367432
2020,167,배화여자대학교,전문대학,사립,서울,B그룹,73426,5721,79147,147278,7311,154589,2,0,4421,2,4,4421,57,13,70,3146,524,3670,2218,2382,154589,2863,54.0,3670,154589,2.400000095367432
2020,168,백석대학교,대학,사립,충남,A그룹,418635,364663,783298,777473,407930,1185403,11,8,452567,4,23,452567,222,48,270,38619,1998,40617,39844,0,1185403,14140,83.80000305175781,40617,1185403,3.5
2020,169,백석문화대학교,전문대학,사립,충남,A그룹,90686,15241,105927,173869,20597,194466,0,3,14676,6,9,14676,18,0,18,3808,283,4091,911,0,194466,5679,34.20000076293945,4091,194466,2.0999999046325684
2020,170,백석예술대학,전문대학,사립,서울,A그룹,0,0,0,0,0,0,0,0,0,0,0,0,0,0,0,0,0,0,0,0,0,0,0.0,0,0,0.0
2020,171,백제예술대학교,전문대학,사립,전북,C그룹,32045,1298,33343,44031,2241,46272,0,0,1578,0,0,1578,18,0,18,535,0,535,535,0,46272,1264,36.59999847412109,535,46272,1.2000000476837158
2020,172,베뢰아국제대학원대학교,대학원대학,사립,서울,-,18032,180,18212,37639,213,37852,0,0,0,0,0,0,18,14,32,392,5,397,217,0,37852,52,727.9000244140625,397,37852,1.100000023841858
2020,173,벽성대학,전문대학,사립,전북,C그룹,0,0,0,0,0,0,0,0,0,0,0,0,0,0,0,0,0,0,0,0,0,0,0.0,0,0,0.0
2020,174,부산가톨릭대학교,대학,사립,부산,C그룹,187548,107025,294573,275611,116646,392257,9,13,84088,1,23,84088,437,18,455,4126,3656,7782,6456,0,392257,4092,95.9000015258789,7782,392257,2.0
2020,175,부산경상대학교,전문대학,사립,부산,B그룹,86615,2937,89552,125400,3075,128475,0,0,7833,1,1,7833,178,0,178,3265,324,3589,2319,0,128475,2818,45.59999847412109,3589,128475,2.900000095367432
2020,176,부산과학기술대학교,전문대학,사립,부산,B그룹,106109,4004,110113,155368,4399,159767,1,2,14556,0,3,14556,120,0,120,5290,0,5290,1328,0,159767,4173,38.29999923706055,5290,159767,3.400000095367432
2020,177,부산교육대학교,대학,국립,부산,C그룹,165816,14521,180337,306553,17831,324384,9,8,22901,1,18,22901,227,20,247,4281,1726,6007,2894,0,324384,2424,133.8000030517578,6007,324384,1.899999976158142
2020,178,부산대학교,대학,국립,부산,A그룹,751773,399191,1150964,1701929,838055,2539984,45,49,581752,5,99,581752,975,1061,2036,57102,16520,73622,39866,0,2539984,27830,91.3000030517578,73622,2539984,3.0
2020,179,부산디지털대학교,대학,사립,부산,C그룹,2926,0,2926,2926,0,2926,1,0,977,0,1,977,0,0,0,331,0,331,235,0,2926,2420,1.2000000476837158,331,2926,12.800000190734863
2020,180,부산보건대학교,전문대학,사립,부산,B그룹,77690,13073,90763,100911,17420,118331,5,6,32943,0,11,32943,120,0,120,2828,864,3692,3334,0,118331,3194,37.0,3692,118331,3.200000047683716
2020,181,부산여자대학교,전문대학,사립,부산,C그룹,114316,25813,140129,132972,30592,163564,5,4,691,0,9,691,110,8,118,3178,301,3479,3077,0,163564,2820,58.0,3479,163564,2.200000047683716
2020,182,부산예술대학교,전문대학,사립,부산,C그룹,9558,0,9558,13633,0,13633,0,0,0,0,0,0,0,0,0,415,183,598,500,0,13633,761,17.899999618530273,598,13633,4.599999904632568
2020,183,부산외국어대학교,대학,사립,부산,B그룹,288368,202212,490580,534957,291022,825979,11,15,61006,5,31,61006,364,44,408,18871,3178,22049,18669,0,825979,8722,94.6999969482422,22049,825979,2.700000047683716
2020,184,부산장신대학교,대학,사립,경남,C그룹,40156,5174,45330,60907,6604,67511,3,5,4746,0,8,4746,56,0,56,996,126,1122,896,290,67511,412,163.89999389648438,1122,67511,1.7000000476837158
2020,185,부천대학교,전문대학,사립,경기,A그룹,172395,20736,193131,274096,25270,299366,5,9,40110,1,15,40110,142,16,158,10466,799,11265,9058,0,299366,7710,38.79999923706055,11265,299366,3.900000095367432
2020,186,삼육대학교,대학,사립,서울,B그룹,218570,100463,319033,346762,132202,478964,4,14,47148,4,22,47148,61,41,102,11173,20159,31332,28232,14,478964,5890,81.30000305175781,31332,478964,7.0
2020,187,삼육보건대학교,전문대학,사립,서울,C그룹,46803,1824,48627,60029,2694,62723,1,2,4430,0,3,4430,156,2,158,2450,165,2615,2495,0,62723,1371,45.70000076293945,2615,62723,4.400000095367432
2020,188,상명대학교,대학,사립,서울,A그룹,482138,177625,659763,915332,259938,1175270,17,29,176438,6,52,176438,286,97,383,31074,3486,34560,21378,77865,1175270,13947,84.30000305175781,34560,1175270,3.0
2020,189,상지대학교,대학,사립,강원,B그룹,301337,24919,326256,661791,47028,708819,10,9,17378,6,25,17378,436,1,437,113447,995,114442,71383,0,708819,6784,104.5,114442,708819,19.299999237060547
2020,190,상지영서대학교,전문대학,사립,강원,B그룹,0,0,0,0,0,0,0,0,0,0,0,0,0,0,0,0,0,0,0,0,0,0,0.0,0,0,0.0
2020,191,서강대학교,대학,사립,서울,A그룹,398370,455528,853898,685429,579777,1265206,40,48,61997,7,95,61997,230,176,406,29835,2383,32218,29716,43169,1265206,11194,113.0,32218,1265206,2.5999999046325684
2020,192,서경대학교,대학,사립,서울,B그룹,293640,48045,341685,530379,68857,599236,7,6,32127,3,16,32127,406,79,485,25453,1047,26500,23699,0,599236,6892,86.9000015258789,26500,599236,4.599999904632568
2020,193,서남대학교,대학,사립,전북,C그룹,0,0,0,0,0,0,0,0,0,0,0,0,0,0,0,0,0,0,0,0,0,0,0.0,0,0,0.0
2020,194,서라벌대학교,전문대학,사립,경북,C그룹,30764,4148,34912,107470,16526,123996,1,2,2785,0,3,2785,73,0,73,1096,0,1096,705,0,123996,680,182.3000030517578,1096,123996,0.8999999761581421
2020,195,서영대학교,전문대학,사립,광주,A그룹,82637,3222,85859,101797,3555,105352,1,6,24604,1,8,24604,169,0,169,3606,80,3686,3640,0,105352,5122,20.600000381469727,3686,105352,3.5999999046325684
2020,196,서울과학기술대학교,대학,국립,서울,A그룹,254073,118255,372328,617928,142172,760100,25,25,20212,4,54,20212,396,21,417,22437,940,23377,12813,0,760100,12209,62.29999923706055,23377,760100,3.200000047683716
2020,197,서울과학종합대학원대학교,대학원대학,사립,서울,-,1672,244,1916,2553,323,2876,7,6,4746,0,13,4746,4,0,4,0,31,31,3,0,2876,522,5.5,31,2876,1.100000023841858
2020,198,서울교육대학교,대학,국립,서울,C그룹,157860,25866,183726,287973,36367,324340,15,10,49464,0,25,49464,173,25,198,5212,1587,6799,4955,0,324340,2912,111.4000015258789,6799,324340,2.0999999046325684
2020,199,서울기독대학교,대학,사립,서울,C그룹,31499,12803,44302,40865,15230,56095,3,7,4549,1,11,4549,70,4,74,858,151,1009,874,0,56095,731,76.69999694824219,1009,56095,1.7999999523162842
2020,200,서울대학교,대학,국립,서울,A그룹,731687,1642659,2374346,2135088,2977928,5113016,91,118,690013,0,209,690013,1417,1970,3387,22255,15249,37504,34996,473,5113016,27784,184.0,37504,5113016,0.699999988079071
2020,201,서울디지털대학교,대학,사립,서울,A그룹,13765,202,13967,37165,1008,38173,1,0,12878,0,1,12878,0,0,0,1148,1040,2188,1138,0,38173,10199,3.700000047683716,2188,38173,6.099999904632568
2020,202,서울미디어대학원대학교,대학원대학,사립,서울,-,3758,1207,4965,4185,1369,5554,0,1,0,0,1,0,10,0,10,130,226,356,356,0,5554,111,50.0,356,5554,6.800000190734863
2020,203,서울벤처대학원대학교,대학원대학,사립,서울,-,880,390,1270,2191,1146,3337,0,0,0,0,0,0,0,0,0,0,0,0,0,0,3337,266,12.5,0,3337,0.0
2020,204,서울불교대학원대학교,대학원대학,사립,서울,-,7819,2414,10233,7788,2414,10202,0,2,0,0,2,0,2,1,3,228,885,1113,1059,64,10202,179,57.0,1113,10202,12.199999809265137
2020,205,서울사이버대학교,대학,사립,서울,A그룹,2036,10325,12361,7933,50975,58908,0,3,53011,0,3,53011,0,0,0,0,0,0,0,0,58908,10710,5.5,0,58908,0.0
2020,206,서울사회복지대학원대학교,대학원대학,사립,서울,-,5460,0,5460,5708,0,5708,0,0,0,0,0,0,1,0,1,24,253,277,276,1,5708,168,34.0,277,5708,5.099999904632568
2020,207,서울상담심리대학원대학교,대학원대학,사립,서울,-,6801,419,7220,8010,431,8441,3,1,0,0,4,0,27,0,27,461,16,477,391,0,8441,124,68.0999984741211,477,8441,6.0
2020,208,서울성경신학대학원대학교,대학원대학,사립,서울,-,15064,1417,16481,19536,2144,21680,1,4,5538,0,5,5538,51,4,55,779,32,811,358,259,21680,98,221.1999969482422,811,21680,3.900000095367432
2020,209,서울시립대학교,대학,공립,서울,A그룹,428839,164176,593015,817552,280500,1098052,28,58,300566,4,90,300566,520,193,713,24564,2534,27098,19879,0,1098052,11764,93.3000030517578,27098,1098052,2.5
2020,210,서울신학대학교,대학,사립,경기,C그룹,116303,115021,231324,217355,134782,352137,3,7,54420,2,12,54420,75,13,88,1586,597,2183,1871,0,352137,3118,112.9000015258789,2183,352137,0.6000000238418579
2020,211,서울여자간호대학교,전문대학,사립,서울,C그룹,25432,1427,26859,35376,1774,37150,7,7,7328,0,14,7328,38,3,41,1734,319,2053,1775,0,37150,939,39.59999847412109,2053,37150,5.800000190734863
2020,212,서울여자대학교,대학,사립,서울,B그룹,401402,148868,550270,570932,178793,749725,18,16,69792,4,38,69792,149,68,217,16727,900,17627,14731,26739,749725,7368,101.8000030517578,17627,749725,2.400000095367432
2020,213,서울예술대학교,전문대학,사립,경기,B그룹,74393,10488,84881,94058,11368,105426,5,6,67415,5,16,67415,74,34,108,4635,196,4831,4104,0,105426,3129,33.70000076293945,4831,105426,4.800000190734863
2020,214,서울외국어대학원대학교,대학원대학,사립,서울,-,1883,660,2543,2680,708,3388,0,0,0,0,0,0,0,0,0,0,0,0,0,0,3388,159,21.299999237060547,0,3388,0.0
2020,215,서울장신대학교,대학,사립,경기,C그룹,64901,7511,72412,85482,39951,125433,5,8,40313,1,14,40313,124,2,126,15762,269,16031,16045,132,125433,839,149.5,16031,125433,14.699999809265137
2020,216,서울한영대학교,대학,사립,서울,C그룹,50920,33468,84388,82703,48823,131526,0,10,7373,0,10,7373,200,11,211,1875,1427,3302,2536,2,131526,895,147.0,3302,131526,2.5999999046325684
2020,217,서원대학교,대학,사립,충북,B그룹,316574,61476,378050,599623,115988,715611,8,12,42470,0,20,42470,551,20,571,16588,2124,18712,16447,3662,715611,6989,102.4000015258789,18712,715611,2.700000047683716
2020,218,서일대학교,전문대학,사립,서울,A그룹,107938,15443,123381,169231,16672,185903,5,6,16395,4,15,16395,101,14,115,6130,67,6197,5495,0,185903,6005,31.0,6197,185903,3.400000095367432
2020,219,서정대학교,전문대학,사립,경기,A그룹,46331,15535,61866,69886,18671,88557,0,1,44618,1,2,44618,46,0,46,5666,0,5666,5156,0,88557,4908,18.0,5666,88557,6.800000190734863
2020,220,서해대학,전문대학,사립,전북,C그룹,44737,1035,45772,57985,1349,59334,0,0,1270,0,0,1270,0,0,0,0,0,0,0,0,59334,527,112.5999984741211,0,59334,0.0
2020,221,선교청대학교,대학,사립,충남,C그룹,0,0,0,0,0,0,0,0,0,0,0,0,0,0,0,0,0,0,0,0,0,0,0.0,0,0,0.0
2020,222,선린대학교,전문대학,사립,경북,C그룹,51023,2561,53584,80270,3289,83559,2,1,13317,0,3,13317,65,1,66,2760,20,2780,2377,0,83559,2400,34.79999923706055,2780,83559,3.400000095367432
2020,223,선문대학교,대학,사립,충남,B그룹,322146,113242,435388,568832,143727,712559,14,17,40015,5,36,40015,295,52,347,20472,4588,25060,14295,0,712559,9584,74.30000305175781,25060,712559,3.5999999046325684
2020,224,선학유피대학원대학교,대학원대학,사립,경기,-,25677,8526,34203,37018,8526,45544,0,0,0,0,0,0,0,0,0,371,512,883,552,202,45544,52,875.7999877929688,883,45544,2.0
2020,225,성결대학교,대학,사립,경기,B그룹,243401,129266,372667,425308,147925,573233,5,12,83883,5,22,83883,109,67,176,59639,345,59984,59028,0,573233,5835,98.1999969482422,59984,573233,11.699999809265137
2020,226,성공회대학교,대학,사립,서울,C그룹,127285,82827,210112,162515,102742,265257,11,13,69830,4,28,69830,75,28,103,3434,799,4233,3788,2454,265257,2430,109.1999969482422,4233,265257,1.600000023841858
2020,227,성균관대학교,대학,사립,서울,A그룹,705115,457185,1162300,1304273,796356,2100629,42,56,541987,6,104,541987,366,303,669,35248,5974,41222,23875,122,2100629,27097,77.5,41222,2100629,2.0
2020,228,성산효대학원대학교,대학원대학,사립,인천,-,21609,5493,27102,21966,5493,27459,1,0,0,0,1,0,18,1,19,287,113,400,391,0,27459,248,110.6999969482422,400,27459,1.5
2020,229,성서침례대학원대학교,대학원대학,사립,경기,-,16797,6121,22918,16820,6121,22941,0,0,0,0,0,0,55,14,69,163,83,246,243,506,22941,42,546.2000122070312,246,22941,1.100000023841858
2020,230,성신여자대학교,대학,사립,서울,A그룹,377484,205013,582497,721983,250107,972090,16,22,84191,7,45,84191,180,104,284,42972,2053,45025,41213,16458,972090,9735,99.9000015258789,45025,972090,4.900000095367432
2020,231,성운대학교,전문대학,사립,경북,C그룹,24887,5467,30354,44193,5467,49660,0,0,9834,0,0,9834,34,0,34,2394,2000,4394,2704,0,49660,1640,30.299999237060547,4394,49660,9.699999809265137
2020,232,성화대학,전문대학,사립,전남,B그룹,0,0,0,0,0,0,0,0,0,0,0,0,0,0,0,0,0,0,0,0,0,0,0.0,0,0,0.0
2020,233,세경대학교,전문대학,사립,강원,C그룹,43906,1469,45375,45578,1469,47047,0,2,8059,0,2,8059,73,0,73,1501,202,1703,1703,0,47047,1047,44.900001525878906,1703,47047,3.799999952316284
2020,234,세계사이버대학,기타,기타,경기,-,0,0,0,0,0,0,0,0,0,0,0,0,0,0,0,0,0,0,0,0,0,0,0.0,0,0,0.0
2020,235,세명대학교,대학,사립,충북,B그룹,274377,69923,344300,557628,114598,672226,5,13,33952,10,28,33952,133,23,156,15747,201,15948,13179,0,672226,7803,86.0999984741211,15948,672226,2.400000095367432
2020,236,세종대학교,대학,사립,서울,A그룹,371985,197486,569471,649345,306278,955623,27,25,44233,7,59,44233,177,80,257,6545,1829,8374,7054,0,955623,14208,67.30000305175781,8374,955623,0.8999999761581421
2020,237,세한대학교,대학,사립,충남,C그룹,163841,53668,217509,258629,74902,333531,3,7,41418,3,13,41418,82,3,85,13689,506,14195,10176,0,333531,4114,81.0999984741211,14195,333531,4.400000095367432
2020,238,송곡대학교,전문대학,사립,강원,C그룹,13780,43,13823,15905,97,16002,9,0,6053,0,9,6053,13,0,13,307,1586,1893,1687,0,16002,659,24.299999237060547,1893,16002,13.399999618530272
2020,239,송원대학교,대학,사립,광주,C그룹,112967,19212,132179,252238,26774,279012,9,9,32361,4,22,32361,90,0,90,6788,2732,9520,8731,0,279012,2869,97.3000030517578,9520,279012,3.5
2020,240,송호대학교,전문대학,사립,강원,C그룹,27924,1581,29505,42487,2236,44723,0,2,2641,0,2,2641,41,0,41,597,202,799,727,0,44723,973,46.0,799,44723,1.7999999523162842
2020,241,수도국제대학원대학교,대학원대학,사립,서울,-,14230,2492,16722,20760,4050,24810,0,0,0,0,0,0,28,0,28,34,313,347,258,14,24810,357,69.5,347,24810,1.399999976158142
2020,242,수성대학교,전문대학,사립,대구,B그룹,71112,2679,73791,120323,3601,123924,4,2,14703,4,10,14703,55,0,55,5340,117,5457,3865,0,123924,3506,35.29999923706055,5457,123924,4.599999904632568
2020,243,수원가톨릭대학교,대학,사립,경기,C그룹,61381,25004,86385,98127,38736,136863,4,3,6295,0,7,6295,156,109,265,2061,676,2737,1261,0,136863,179,764.5999755859375,2737,136863,2.0
2020,244,수원과학대학교,전문대학,사립,경기,B그룹,119474,7772,127246,217400,9970,227370,0,3,25922,2,5,25922,127,2,129,7243,12,7255,5737,0,227370,6256,36.29999923706055,7255,227370,3.299999952316284
2020,245,수원대학교,대학,사립,경기,B그룹,306315,148960,455275,664780,274012,938792,10,10,75330,4,24,75330,244,6,250,4598,9774,14372,12702,0,938792,10270,91.4000015258789,14372,938792,1.600000023841858
2020,246,수원여자대학교,전문대학,사립,경기,B그룹,72298,5407,77705,179757,10907,190664,1,3,6346,1,5,6346,80,0,80,5460,22,5482,2906,0,190664,4262,44.70000076293945,5482,190664,3.0
2020,247,숙명여자대학교,대학,사립,서울,A그룹,397595,188639,586234,943439,314318,1257757,32,36,108571,2,70,108571,426,124,550,20561,3174,23735,14900,540,1257757,12342,101.9000015258789,23735,1257757,1.899999976158142
2020,248,순복음대학원대학교,대학원대학,사립,서울,-,17145,243,17388,28861,304,29165,0,0,0,0,0,0,30,0,30,0,23,23,20,0,29165,104,280.3999938964844,23,29165,0.1000000014901161
2020,249,순복음총회신학교,대학,사립,충북,C그룹,13580,0,13580,25001,0,25001,0,0,0,0,0,0,0,0,0,0,0,0,0,0,25001,210,119.0999984741211,0,25001,0.0
2020,250,순천제일대학교,전문대학,사립,전남,B그룹,68213,858,69071,109607,1223,110830,2,1,3815,0,3,3815,25,0,25,2388,0,2388,2317,0,110830,2694,41.09999847412109,2388,110830,2.200000047683716
2020,251,순천향대학교,대학,사립,충남,A그룹,341900,224381,566281,574587,253403,827990,32,24,164321,4,60,164321,160,10,170,22964,458,23422,19753,15903,827990,11725,70.5999984741211,23422,827990,2.900000095367432
2020,252,숭실대학교,대학,사립,서울,A그룹,413398,220184,633582,709425,252760,962185,33,38,325007,6,77,325007,215,138,353,26838,2974,29812,21949,0,962185,16211,59.400001525878906,29812,962185,3.200000047683716
2020,253,숭실사이버대학교,대학,사립,서울,B그룹,2203,0,2203,9519,0,9519,3,5,6949,0,8,6949,0,0,0,0,0,0,0,0,9519,5935,1.600000023841858,0,9519,0.0
2020,254,숭의여자대학교,전문대학,사립,서울,B그룹,114943,19211,134154,166093,20974,187067,6,0,14185,2,8,14185,45,10,55,2556,246,2802,2127,0,187067,3362,55.59999847412109,2802,187067,1.5
2020,255,신경주대학교,대학,사립,경북,C그룹,214772,34818,249590,352299,58275,410574,6,6,28286,0,12,28286,190,0,190,2744,1354,4098,3884,0,410574,1207,340.20001220703125,4098,410574,1.0
2020,256,신구대학교,전문대학,사립,경기,A그룹,118107,8417,126524,177889,9530,187419,2,1,16889,4,7,16889,68,14,82,7197,857,8054,7496,0,187419,6607,28.399999618530277,8054,187419,4.5
2020,257,신라대학교,대학,사립,부산,B그룹,260562,71181,331743,605220,118970,724190,10,13,46596,5,28,46596,290,18,308,9465,1965,11430,5988,0,724190,9645,75.0999984741211,11430,724190,1.600000023841858
2020,258,신성대학교,전문대학,사립,충남,B그룹,120173,13177,133350,165605,20750,186355,5,6,5333,0,11,5333,130,0,130,7020,220,7240,5687,1500,186355,3921,47.5,7240,186355,4.0
2020,259,신안산대학교,전문대학,사립,경기,B그룹,79031,2042,81073,134226,2167,136393,0,0,2369,0,0,2369,80,1,81,4752,1358,6110,4823,4861,136393,4144,32.900001525878906,6110,136393,4.699999809265137
2020,260,신한대학교,대학,사립,경기,B그룹,247762,83674,331436,345037,85492,430529,9,11,63102,3,23,63102,301,14,315,21350,8331,29681,19117,0,430529,6643,64.80000305175781,29681,430529,7.400000095367432
2020,261,신흥대학교,전문대학,사립,경기,A그룹,0,0,0,0,0,0,0,0,0,0,0,0,0,0,0,0,0,0,0,0,0,0,0.0,0,0,0.0
2020,262,실천신학대학원대학교,대학원대학,사립,경기,-,6315,5358,11673,7402,5698,13100,0,1,0,0,1,0,12,3,15,105,6,111,111,0,13100,47,278.70001220703125,111,13100,0.8999999761581421
2020,263,아신대학교,대학,사립,경기,C그룹,51744,33005,84749,86586,52529,139115,1,5,10703,0,6,10703,143,77,220,1808,291,2099,1640,1721,139115,1298,107.1999969482422,2099,139115,1.5
2020,264,아주대학교,대학,사립,경기,A그룹,365894,249378,615272,658227,455823,1114050,40,43,49596,3,86,49596,374,93,467,18507,3579,22086,18878,0,1114050,13986,79.69999694824219,22086,1114050,2.0
2020,265,아주자동차대학교,전문대학,사립,충남,C그룹,0,0,0,45324,269,45593,0,0,5018,0,0,5018,77,0,77,1286,16,1302,1053,0,45593,964,47.29999923706055,1302,45593,2.900000095367432
2020,266,안동과학대학교,전문대학,사립,경북,B그룹,70001,2400,72401,129388,2544,131932,4,6,14757,1,11,14757,136,5,141,4312,680,4992,3519,4303,131932,2674,49.29999923706055,4992,131932,3.900000095367432
2020,267,안산대학교,전문대학,사립,경기,A그룹,99103,31351,130454,156963,34927,191890,4,6,38217,0,10,38217,98,21,119,6258,1671,7929,5192,0,191890,4388,43.70000076293945,7929,191890,4.300000190734863
2020,268,안양대학교,대학,사립,경기,B그룹,277495,81418,358913,396352,86951,483303,5,7,99310,4,16,99310,83,16,99,22867,1916,24783,22463,60068,483303,5409,89.4000015258789,24783,483303,5.400000095367432
2020,269,에스라성경대학원대학교,대학원대학,사립,경기,-,3615,2179,5794,7409,2210,9619,0,0,0,0,0,0,8,0,8,82,0,82,76,0,9619,73,131.8000030517578,82,9619,0.8999999761581421
2020,270,여주대학교,전문대학,사립,경기,B그룹,133369,46617,179986,146127,46826,192953,3,1,63579,0,4,63579,34,0,34,6309,5,6314,5994,0,192953,5610,34.400001525878906,6314,192953,3.400000095367432
2020,271,연성대학교,전문대학,사립,경기,A그룹,139511,20477,159988,182534,21911,204445,2,2,31224,7,11,31224,131,0,131,6513,329,6842,6490,0,204445,5974,34.20000076293945,6842,204445,3.5
2020,272,연세대학교,대학,사립,서울,A그룹,864456,830734,1695190,1485685,1181465,2667150,65,82,290319,1,148,290319,1110,625,1735,52275,15911,68186,59097,11082,2667150,30301,88.0,68186,2667150,2.5999999046325684
2020,273,연세대학교(미래),대학,사립,강원,B그룹,350389,79005,429394,479023,141682,620705,33,23,216959,4,60,216959,390,54,444,19672,977,20649,16688,18235,620705,8400,73.9000015258789,20649,620705,3.400000095367432
2020,274,연암공과대학교,전문대학,사립,경남,C그룹,51415,9326,60741,61525,10894,72419,0,0,4478,0,0,4478,95,0,95,1637,56,1693,1629,1,72419,1193,60.70000076293945,1693,72419,2.400000095367432
2020,275,연암대학교,전문대학,사립,충남,C그룹,45323,2150,47473,66828,2727,69555,0,1,8246,0,1,8246,44,5,49,4059,22,4081,3735,0,69555,1047,66.4000015258789,4081,69555,6.199999809265137
2020,276,영남대학교,대학,사립,경북,A그룹,534189,388356,922545,1208301,630097,1838398,47,41,48473,2,90,48473,711,157,868,21565,8259,29824,27511,18157,1838398,23521,78.19999694824219,29824,1838398,1.600000023841858
2020,277,영남사이버대학교,대학,사립,경북,C그룹,0,0,0,0,0,0,0,0,0,0,0,0,0,0,0,0,0,0,0,0,0,0,0.0,0,0,0.0
2020,278,영남신학대학교,대학,사립,경북,C그룹,65754,42113,107867,95606,44309,139915,2,6,18855,0,8,18855,50,38,88,663,117,780,475,390,139915,733,190.8999938964844,780,139915,0.6000000238418579
2020,279,영남외국어대학,전문대학,사립,경북,C그룹,25123,1024,26147,25658,1026,26684,0,0,0,0,0,0,0,0,0,0,0,0,0,0,26684,535,49.900001525878906,0,26684,0.0
2020,280,영남이공대학교,전문대학,사립,대구,A그룹,105646,5683,111329,224559,8615,233174,3,5,33213,1,9,33213,220,5,225,5788,925,6713,4104,10639,233174,5781,40.29999923706055,6713,233174,3.0
2020,281,영산대학교,대학,사립,경남,B그룹,256762,58897,315659,400835,72039,472874,9,11,17160,5,25,17160,145,6,151,5480,4778,10258,8685,0,472874,7191,65.80000305175781,10258,472874,2.200000047683716
2020,282,영산선학대학교,대학,사립,전남,C그룹,36722,733,37455,54473,1029,55502,2,4,0,0,6,0,55,0,55,295,118,413,320,799,55502,33,1681.9000244140625,413,55502,0.699999988079071
2020,283,영진전문대학교,전문대학,사립,대구,A그룹,154046,24022,178068,312630,36023,348653,5,12,26260,3,20,26260,182,2,184,9262,0,9262,4332,0,348653,8252,42.29999923706055,9262,348653,2.700000047683716
2020,284,예명대학원대학교,대학원대학,사립,서울,-,8265,1195,9460,15722,1498,17220,0,0,0,0,0,0,0,0,0,165,0,165,154,0,17220,333,51.70000076293945,165,17220,1.0
2020,285,예수대학교,대학,사립,전북,C그룹,32539,3279,35818,41672,3948,45620,0,10,5009,1,11,5009,30,7,37,1369,1154,2523,2357,295,45620,575,79.30000305175781,2523,45620,5.900000095367432
2020,286,예원예술대학교,대학,사립,전북,C그룹,30907,149,31056,41244,189,41433,0,0,1046,0,0,1046,11,0,11,8,0,8,2,0,41433,1739,23.799999237060547,8,41433,0.0
2020,287,오산대학교,전문대학,사립,경기,A그룹,120590,6845,127435,159444,7488,166932,7,5,11891,2,14,11891,113,3,116,5559,385,5944,5111,0,166932,4846,34.400001525878906,5944,166932,3.700000047683716
2020,288,온석대학원대학교,대학원대학,사립,경기,-,12552,4448,17000,21122,9207,30329,0,0,6000,0,0,6000,0,0,0,55,10394,10449,6000,0,30329,170,178.39999389648438,10449,30329,52.59999847412109
2020,289,용인대학교,대학,사립,경기,B그룹,191581,23799,215380,373528,39657,413185,11,6,44660,4,21,44660,230,8,238,14148,272,14420,6285,0,413185,6984,59.20000076293945,14420,413185,3.5999999046325684
2020,290,용인예술과학대학교,전문대학,사립,경기,B그룹,129615,12624,142239,149178,12957,162135,3,4,41504,0,7,41504,13,1,14,4053,90,4143,3887,0,162135,3906,41.5,4143,162135,2.5999999046325684
2020,291,우석대학교,대학,사립,전북,B그룹,229666,118681,348347,601569,198437,800006,9,12,57999,4,25,57999,368,6,374,11653,2207,13860,7561,0,800006,8226,97.3000030517578,13860,800006,1.7999999523162842
2020,292,우송공업대학,전문대학,사립,대전,B그룹,0,0,0,0,0,0,0,0,0,0,0,0,0,0,0,0,0,0,0,0,0,0,0.0,0,0,0.0
2020,293,우송대학교,대학,사립,대전,A그룹,161843,152777,314620,418244,165496,583740,7,14,177822,4,25,177822,41,7,48,29363,13618,42981,31675,0,583740,10376,56.29999923706055,42981,583740,7.900000095367432
2020,294,우송정보대학,전문대학,사립,대전,B그룹,81606,9661,91267,157424,13912,171336,0,0,7914,0,0,7914,39,1,40,5150,1218,6368,2275,0,171336,4737,36.20000076293945,6368,171336,3.900000095367432
2020,295,울산과학기술원,대학,국립,울산,C그룹,96132,139122,235254,108563,146791,255354,35,29,331159,0,64,331159,75,12,87,7028,47,7075,6825,0,255354,4010,63.70000076293945,7075,255354,2.799999952316284
2020,296,울산과학대학교,전문대학,사립,울산,A그룹,114236,3194,117430,177271,5479,182750,5,5,10007,0,10,10007,68,0,68,5367,358,5725,4437,0,182750,5336,34.20000076293945,5725,182750,3.200000047683716
2020,297,울산대학교,대학,사립,울산,A그룹,381618,203497,585115,669603,459648,1129251,45,42,97462,0,87,97462,209,45,254,11215,4295,15510,11295,9716,1129251,14146,79.80000305175781,15510,1129251,1.399999976158142
2020,298,웅지세무대학교,전문대학,사립,경기,C그룹,7902,2262,10164,7902,2262,10164,0,0,0,0,0,0,0,0,0,0,0,0,0,0,10164,1290,7.900000095367432,0,10164,0.0
2020,299,원광대학교,대학,사립,전북,A그룹,492143,233409,725552,1103463,462842,1566305,22,27,57076,3,52,57076,583,13,596,33832,5470,39302,23195,0,1566305,16681,93.9000015258789,39302,1566305,2.5999999046325684
2020,300,원광보건대학교,전문대학,사립,전북,B그룹,72508,9719,82227,173129,15363,188492,2,8,17087,2,12,17087,188,5,193,5214,1001,6215,1421,0,188492,4543,41.5,6215,188492,3.400000095367432
2020,301,원불교대학원대학교,대학원대학,사립,전북,-,14258,1952,16210,23628,2276,25904,0,0,0,0,0,0,44,0,44,119,516,635,534,0,25904,54,479.7000122070313,635,25904,2.5
2020,302,웨스트민스터신학대학원대학교,대학원대학,사립,경기,-,23964,7068,31032,33364,8589,41953,6,7,4746,0,13,4746,292,0,292,544,243,787,626,0,41953,462,90.8000030517578,787,41953,1.899999976158142
2020,303,위덕대학교,대학,사립,경북,C그룹,109650,59495,169145,211626,76278,287904,4,11,28914,3,18,28914,165,22,187,5274,3660,8934,5425,0,287904,3293,87.4000015258789,8934,287904,3.200000047683716
2020,304,유원대학교,대학,사립,충북,C그룹,198818,6544,205362,390822,12575,403397,1,4,53668,0,5,53668,61,1,62,5182,31,5213,2491,0,403397,3516,114.6999969482422,5213,403397,1.2999999523162842
2020,305,유한대학교,전문대학,사립,경기,A그룹,115281,15373,130654,191945,17149,209094,4,6,21170,0,10,21170,79,10,89,7814,154,7968,6981,9047,209094,4923,42.5,7968,209094,4.0
2020,306,육군사관학교,기타,기타,서울,-,153305,72783,226088,193732,81169,274901,15,2,3923,0,17,3923,174,43,217,4408,1490,5898,5046,20685,274901,0,0.0,5898,274901,2.200000047683716
2020,307,을지대학교,대학,사립,대전,B그룹,110506,58455,168961,171604,63415,235019,15,12,41968,0,27,41968,76,0,76,3101,1024,4125,2339,0,235019,4898,48.0,4125,235019,1.7999999523162842
2020,308,이화여자대학교,대학,사립,서울,A그룹,588165,515635,1103800,991736,724804,1716540,27,79,347153,9,115,347153,568,868,1436,41248,5325,46573,37236,23395,1716540,21700,79.0999984741211,46573,1716540,2.799999952316284
2020,309,인덕대학교,전문대학,사립,서울,A그룹,107130,37374,144504,202209,41659,243868,4,8,16380,2,14,16380,50,0,50,7089,110,7199,6953,0,243868,6249,39.0,7199,243868,3.0
2020,310,인제대학교,대학,사립,경남,B그룹,407521,166829,574350,656213,242189,898402,32,25,87008,0,57,87008,132,18,150,10334,1211,11545,9739,0,898402,10707,83.9000015258789,11545,898402,1.2999999523162842
2020,311,인제대학원대학교,대학원대학,사립,서울,-,0,0,0,0,0,0,0,0,0,0,0,0,0,0,0,0,0,0,0,0,0,0,0.0,0,0,0.0
2020,312,인천가톨릭대학교,대학,사립,인천,C그룹,64132,27019,91151,92492,37790,130282,8,14,20078,1,23,20078,152,126,278,2801,1004,3805,2750,0,130282,776,167.89999389648438,3805,130282,3.0
2020,313,인천대학교,대학,국립,인천,A그룹,418764,150882,569646,1049586,194039,1243625,31,24,69871,2,57,69871,328,64,392,28565,7026,35591,14251,0,1243625,13362,93.0999984741211,35591,1243625,2.900000095367432
2020,314,인천전문대학,전문대학,공립,인천,A그룹,0,0,0,0,0,0,0,0,0,0,0,0,0,0,0,0,0,0,0,0,0,0,0.0,0,0,0.0
2020,315,인하공업전문대학,전문대학,사립,인천,A그룹,88801,15994,104795,191311,20998,212309,2,6,14329,2,10,14329,61,11,72,8107,259,8366,4229,0,212309,6879,30.899999618530277,8366,212309,4.099999904632568
2020,316,인하대학교,대학,사립,인천,A그룹,582227,333788,916015,1270333,404296,1674629,37,46,58824,5,88,58824,468,81,549,20575,3551,24126,18733,9372,1674629,20352,82.30000305175781,24126,1674629,1.5
2020,317,장로회신학대학교,대학,사립,서울,C그룹,150013,133222,283235,226122,170927,397049,7,8,20225,1,16,20225,169,156,325,18581,1110,19691,19154,0,397049,2216,179.1999969482422,19691,397049,5.199999809265137
2020,318,장안대학교,전문대학,사립,경기,B그룹,105905,24145,130050,170265,25564,195829,7,5,32737,7,19,32737,137,18,155,5157,1594,6751,5921,0,195829,5622,34.79999923706055,6751,195829,3.5999999046325684
2020,319,재능대학교,전문대학,사립,인천,B그룹,60942,799,61741,109262,1017,110279,2,1,5447,0,3,5447,82,0,82,3676,40,3716,1829,0,110279,4055,27.200000762939453,3716,110279,3.5
2020,320,전남과학대학교,전문대학,사립,전남,B그룹,99166,1078,100244,125105,1190,126295,2,1,31061,1,4,31061,95,5,100,4177,604,4781,3588,0,126295,4131,30.600000381469727,4781,126295,3.900000095367432
2020,321,전남대학교,대학,국립,광주,A그룹,833704,490465,1324169,1332290,623935,1956225,33,32,186052,0,65,186052,1143,279,1422,31847,16002,47849,30864,620,1956225,23624,82.80000305175781,47849,1956225,2.5
2020,322,전남도립대학교,전문대학,공립,전남,C그룹,66653,1186,67839,91639,1368,93007,6,1,8044,2,9,8044,137,0,137,2734,7,2741,2195,0,93007,1351,68.80000305175781,2741,93007,3.0
2020,323,전북과학대학교,전문대학,사립,전북,C그룹,43743,1582,45325,63032,4264,67296,0,9,7780,4,13,7780,90,3,93,1731,0,1731,1731,0,67296,1649,40.79999923706055,1731,67296,2.5999999046325684
2020,324,전북대학교,대학,국립,전북,A그룹,601797,171549,773346,1323905,345204,1669109,32,34,6585,5,71,6585,585,461,1046,12276,13496,25772,13802,0,1669109,21757,76.69999694824219,25772,1669109,1.600000023841858
2020,325,전주교육대학교,대학,국립,전북,C그룹,123439,11395,134834,284495,15571,300066,5,7,7555,0,12,7555,183,38,221,5251,782,6033,1634,0,300066,1368,219.3000030517578,6033,300066,2.0999999046325684
2020,326,전주기전대학,전문대학,사립,전북,C그룹,50169,1958,52127,89281,3249,92530,0,0,7895,0,0,7895,7,0,7,2286,145,2431,2429,0,92530,1765,52.400001525878906,2431,92530,2.700000047683716
2020,327,전주대학교,대학,사립,전북,A그룹,300312,58649,358961,533733,102465,636198,9,10,22693,5,24,22693,235,0,235,17080,1967,19047,12876,0,636198,11887,53.5,19047,636198,3.0999999046325684
2020,328,전주비전대학교,전문대학,사립,전북,B그룹,74912,7048,81960,135047,8466,143513,4,5,11181,33,42,11181,40,1,41,3758,632,4390,2854,0,143513,3615,39.70000076293945,4390,143513,3.200000047683716
2020,329,제네바신학대학원대학교,대학원대학,사립,경기,-,20291,6990,27281,36643,9845,46488,0,0,0,0,0,0,59,29,88,136,0,136,136,73,46488,12,3874.0,136,46488,0.3000000119209289
2020,330,제주관광대학교,전문대학,사립,제주,C그룹,51432,1206,52638,73779,1513,75292,1,2,13581,0,3,13581,143,9,152,3577,136,3713,2870,0,75292,2295,32.79999923706055,3713,75292,5.199999809265137
2020,331,제주국제대학교,대학,사립,제주,C그룹,53544,7702,61246,73872,8313,82185,0,0,6428,0,0,6428,135,0,135,288,622,910,906,3,82185,1385,59.29999923706055,910,82185,1.100000023841858
2020,332,제주대학교,대학,국립,제주,A그룹,504294,302631,806925,999740,419785,1419525,21,33,381393,3,57,381393,426,308,734,27204,7383,34587,22946,85804,1419525,12015,118.0999984741211,34587,1419525,2.5
2020,333,제주한라대학교,전문대학,사립,제주,A그룹,85686,12146,97832,129426,13851,143277,2,5,27850,0,7,27850,136,0,136,420,0,420,354,0,143277,6141,23.299999237060547,420,143277,0.3000000119209289
2020,334,조선간호대학교,전문대학,사립,광주,C그룹,27361,1604,28965,32499,1613,34112,4,5,12067,0,9,12067,29,0,29,960,112,1072,1018,0,34112,769,44.400001525878906,1072,34112,3.200000047683716
2020,335,조선대학교,대학,사립,광주,A그룹,475899,219075,694974,987960,388161,1376121,29,24,118325,4,57,118325,434,157,591,23650,6198,29848,19574,0,1376121,20941,65.69999694824219,29848,1376121,2.200000047683716
2020,336,조선이공대학교,전문대학,사립,광주,B그룹,78323,15744,94067,91606,20060,111666,0,0,16928,0,0,16928,32,0,32,2664,1512,4176,4176,0,111666,3379,33.0,4176,111666,3.900000095367432
2020,337,주안대학원대학교,대학원대학,사립,인천,-,6141,2894,9035,10779,3191,13970,1,0,5126,0,1,5126,27,2,29,572,586,1158,949,1362,13970,80,174.60000610351562,1158,13970,9.0
2020,338,중부대학교,대학,사립,충남,B그룹,256574,58553,315127,547071,72315,619386,8,11,101495,7,26,101495,359,0,359,27772,9414,37186,22266,0,619386,9606,64.5,37186,619386,6.400000095367432
2020,339,중앙대학교,대학,사립,서울,A그룹,512641,521870,1034511,1474645,754605,2229250,40,60,469789,1,101,469789,257,178,435,75688,3734,79422,74007,30765,2229250,28981,76.9000015258789,79422,2229250,3.700000047683716
2020,340,중앙승가대학교,대학,사립,경기,C그룹,61814,6759,68573,80929,9594,90523,2,0,272,0,2,272,1119,51,1170,220,1487,1707,1652,0,90523,219,413.2999877929688,1707,90523,1.899999976158142
2020,341,중원대학교,대학,사립,충북,C그룹,62117,134049,196166,75638,134791,210429,0,12,132799,0,12,132799,61,3,64,2152,5065,7217,6928,0,210429,4119,51.09999847412109,7217,210429,3.5999999046325684
2020,342,진주교육대학교,대학,국립,경남,C그룹,154571,17138,171709,294444,19453,313897,7,5,12658,0,12,12658,49,0,49,7313,1946,9259,4149,0,313897,1749,179.5,9259,313897,3.0
2020,343,진주보건대학교,전문대학,사립,경남,B그룹,69968,1955,71923,91976,2378,94354,1,1,0,0,2,0,292,0,292,3069,718,3787,3177,0,94354,2808,33.599998474121094,3787,94354,4.199999809265137
2020,344,차의과학대학교,대학,사립,경기,C그룹,44909,16060,60969,75733,23401,99134,7,10,19347,0,17,19347,165,4,169,3523,22978,26501,8652,0,99134,3340,29.700000762939453,26501,99134,36.5
2020,345,창신대학교,대학,사립,경남,C그룹,99258,4252,103510,148415,5877,154292,1,15,26265,3,19,26265,98,1,99,10011,2708,12719,7284,0,154292,2163,71.30000305175781,12719,154292,9.0
2020,346,창원문성대학교,전문대학,사립,경남,C그룹,94182,2655,96837,193050,5657,198707,1,1,8355,0,2,8355,30,0,30,4089,0,4089,2779,0,198707,3095,64.19999694824219,4089,198707,2.0999999046325684
2020,347,청강문화산업대학교,전문대학,사립,경기,B그룹,95149,15764,110913,191884,16860,208744,1,0,11807,1,2,11807,123,48,171,4094,492,4586,4392,0,208744,3731,55.900001525878906,4586,208744,2.200000047683716
2020,348,청암대학교,전문대학,사립,전남,B그룹,61316,7286,68602,86185,10794,96979,0,5,4291,2,7,4291,14,0,14,1114,200,1314,2674,0,96979,2675,36.29999923706055,1314,96979,1.399999976158142
2020,349,청운대학교,대학,사립,충남,B그룹,275125,62227,337352,575680,72209,647889,9,9,95082,5,23,95082,156,23,179,16437,1006,17443,12049,0,647889,6742,96.0999984741211,17443,647889,2.799999952316284
2020,350,청주교육대학교,대학,국립,충북,C그룹,149651,10609,160260,270574,24023,294597,0,8,13130,0,8,13130,134,19,153,4733,1285,6018,3098,0,294597,1569,187.8000030517578,6018,294597,2.0999999046325684
2020,351,청주대학교,대학,사립,충북,A그룹,445070,183854,628924,971190,282782,1253972,12,20,67004,3,35,67004,464,38,502,24661,3327,27988,16449,57,1253972,11288,111.0999984741211,27988,1253972,2.299999952316284
2020,352,초당대학교,대학,사립,전남,C그룹,184763,39835,224598,306372,46087,352459,8,5,51769,6,19,51769,104,7,111,8778,1362,10140,6472,0,352459,3279,107.5,10140,352459,3.0
2020,353,총신대학교,대학,사립,서울,C그룹,117663,334527,452190,278719,394828,673547,6,14,196145,2,22,196145,183,192,375,12359,2506,14865,12731,0,673547,3825,176.10000610351562,14865,673547,2.299999952316284
2020,354,추계예술대학교,대학,사립,서울,C그룹,105054,9306,114360,128769,9998,138767,7,7,13365,4,18,13365,86,28,114,2355,135,2490,2435,0,138767,1325,104.6999969482422,2490,138767,1.7999999523162842
2020,355,춘천교육대학교,대학,국립,강원,C그룹,226802,7250,234052,350078,9315,359393,0,6,0,0,6,0,108,0,108,5968,28,5996,4035,0,359393,1657,216.8999938964844,5996,359393,1.7000000476837158
2020,356,춘해보건대학교,전문대학,사립,울산,B그룹,72282,1705,73987,83601,2152,85753,3,4,20154,0,7,20154,88,2,90,3666,334,4000,0,0,85753,2736,31.299999237060547,4000,85753,4.900000095367432
2020,357,충남대학교,대학,국립,대전,A그룹,603921,286631,890552,1360558,477959,1838517,30,44,46900,3,77,46900,200,632,832,26436,11100,37536,27023,11454,1838517,22773,80.69999694824219,37536,1838517,2.0999999046325684
2020,358,충남도립대학교,전문대학,공립,충남,C그룹,46249,1613,47862,69360,1948,71308,0,2,1121,1,3,1121,83,2,85,1565,1141,2706,2300,0,71308,1042,68.4000015258789,2706,71308,3.900000095367432
2020,359,충북대학교,대학,국립,충북,A그룹,427613,168757,596370,1069671,256553,1326224,36,36,58137,2,74,58137,666,198,864,14547,15977,30524,22648,37037,1326224,16858,78.69999694824219,30524,1326224,2.400000095367432
2020,360,충북도립대학교,전문대학,공립,충북,C그룹,41059,1282,42341,70523,1666,72189,0,1,3137,0,1,3137,57,0,57,2477,0,2477,1269,0,72189,896,80.5999984741211,2477,72189,3.5999999046325684
2020,361,충북보건과학대학교,전문대학,사립,충북,B그룹,76220,4515,80735,113498,5721,119219,0,4,10182,0,4,10182,165,0,165,2906,14,2920,2121,8599,119219,2737,43.59999847412109,2920,119219,2.5
2020,362,충청대학교,전문대학,사립,충북,B그룹,94868,13491,108359,153543,16088,169631,7,6,15010,4,17,15010,102,2,104,4447,209,4656,3608,0,169631,4247,39.900001525878906,4656,169631,2.799999952316284
2020,363,치유상담대학원대학교,대학원대학,사립,서울,-,12930,3136,16066,13021,3159,16180,0,2,0,0,2,0,5,0,5,95,338,433,410,0,16180,163,99.3000030517578,433,16180,2.700000047683716
2020,364,칼빈대학교,대학,사립,경기,C그룹,43643,37651,81294,76368,42532,118900,4,8,7150,0,12,7150,157,20,177,15684,861,16545,16359,3321,118900,1225,97.0999984741211,16545,118900,16.200000762939453
2020,365,탐라대학교,대학,사립,제주,C그룹,0,0,0,0,0,0,0,0,0,0,0,0,0,0,0,0,0,0,0,0,0,0,0.0,0,0,0.0
2020,366,평택대학교,대학,사립,경기,C그룹,217736,73269,291005,334989,88101,423090,8,12,18820,1,21,18820,109,97,206,8217,3645,11862,9294,0,423090,4203,100.6999969482422,11862,423090,2.900000095367432
2020,367,포항공과대학교,대학,사립,경북,C그룹,107721,190469,298190,134206,332250,466456,44,13,566292,0,57,566292,101,23,124,5179,1754,6933,6540,143,466456,3176,146.89999389648438,6933,466456,1.5
2020,368,포항대학교,전문대학,사립,경북,C그룹,40177,15370,55547,71994,24474,96468,0,2,2954,0,2,2954,53,0,53,1023,0,1023,500,0,96468,1865,51.70000076293945,1023,96468,1.100000023841858
2020,369,한경국립대학교,대학,국립,경기,B그룹,235018,34513,269531,476741,47047,523788,16,9,11596,2,27,11596,284,40,324,16289,1165,17454,8319,0,523788,6457,81.0999984741211,17454,523788,3.400000095367432
2020,370,한국개발연구원국제정책대학원대학교,대학원대학,사립,세종,-,82908,143436,226344,93522,170368,263890,5,19,474704,0,24,474704,1,12,13,1432,2367,3799,3346,3,263890,675,390.8999938964844,3799,263890,1.5
2020,371,한국골프과학기술대학교,전문대학,사립,강원,C그룹,14700,44,14744,15415,44,15459,0,0,2146,0,0,2146,16,0,16,447,2,449,284,0,15459,430,36.0,449,15459,3.0
2020,372,한국공학대학교,대학,사립,경기,B그룹,119940,10266,130206,190525,13549,204074,14,11,37431,4,29,37431,81,23,104,6612,1713,8325,7298,0,204074,7288,28.0,8325,204074,4.300000190734863
2020,373,한국과학기술원,대학,국립,대전,A그룹,276685,357228,633913,380371,416045,796416,61,71,415711,3,135,415711,108,30,138,51427,7955,59382,52854,691,796416,10679,74.5999984741211,59382,796416,8.100000381469727
2020,374,한국관광대학교,전문대학,사립,경기,C그룹,50590,1452,52042,92016,1885,93901,4,4,7829,1,9,7829,115,1,116,4556,353,4909,2484,0,93901,1877,50.0,4909,93901,5.5
2020,375,한국교원대학교,대학,국립,충북,B그룹,256983,106069,363052,547831,143810,691641,20,14,73302,2,36,73302,145,50,195,17705,6335,24040,16724,0,691641,5704,121.3000030517578,24040,691641,3.5999999046325684
2020,376,한국국제대학교,대학,사립,경남,C그룹,103519,21158,124677,245869,23959,269828,3,3,35138,0,6,35138,93,0,93,0,245,245,16,0,269828,2210,122.0999984741211,245,269828,0.1000000014901161
2020,377,한국기술교육대학교,대학,사립,충남,C그룹,160174,34607,194781,374064,45269,419333,10,17,24020,3,30,24020,214,64,278,14420,10178,24598,11361,0,419333,4857,86.30000305175781,24598,419333,6.199999809265137
2020,378,한국농수산대학교,전문대학,국립,전북,C그룹,50683,3964,54647,58792,4776,63568,1,3,14742,2,6,14742,205,50,255,1997,25,2022,1888,0,63568,1636,38.900001525878906,2022,63568,3.299999952316284
2020,379,한국방송통신대학교,대학,국립,서울,A그룹,216076,104343,320419,953155,131742,1084897,8,22,79498,4,34,79498,12,6,18,22614,3801,26415,13719,15242,1084897,109071,9.899999618530272,26415,1084897,2.5
2020,380,한국복지사이버대학교,전문대학,사립,경북,B그룹,2065,5491,7556,5139,5491,10630,0,0,7556,0,0,7556,0,0,0,149,900,1049,415,0,10630,1904,5.599999904632568,1049,10630,10.899999618530272
2020,381,한국상담대학원대학교,대학원대학,사립,서울,-,11220,1895,13115,16220,2288,18508,3,1,0,0,4,0,0,0,0,1208,201,1409,1144,0,18508,169,109.5,1409,18508,8.199999809265137
2020,382,한국성서대학교,대학,사립,서울,C그룹,92159,21342,113501,146481,19278,165759,0,10,41416,2,12,41416,375,20,395,1359,887,2246,1833,0,165759,1280,129.5,2246,165759,1.399999976158142
2020,383,한국승강기대학교,전문대학,사립,경남,C그룹,12656,356,13012,20846,332,21178,0,0,1637,0,0,1637,0,4,4,542,0,542,435,0,21178,651,32.5,542,21178,2.5999999046325684
2020,384,한국에너지공과대학교,대학,국립,전남,C그룹,0,0,0,0,0,0,0,0,0,0,0,0,0,0,0,0,0,0,0,0,0,0,0.0,0,0,0.0
2020,385,한국열린사이버대학교,대학,사립,서울,B그룹,2351,0,2351,2351,0,2351,0,0,2351,0,0,2351,0,0,0,56,0,56,0,0,2351,5324,0.4000000059604645,56,2351,2.400000095367432
2020,386,한국영상대학교,전문대학,사립,세종,B그룹,64658,1540,66198,122885,2321,125206,0,1,13695,2,3,13695,78,3,81,3548,382,3930,3457,0,125206,3462,36.20000076293945,3930,125206,3.200000047683716
2020,387,한국예술종합학교,대학,국립,서울,C그룹,143155,78004,221159,208580,92875,301455,9,17,48524,1,27,48524,176,223,399,15186,4889,20075,17701,0,301455,2711,111.1999969482422,20075,301455,7.099999904632568
2020,388,한국외국어대학교,대학,사립,서울,A그룹,570644,374508,945152,1365523,582919,1948442,32,46,119073,8,86,119073,1473,436,1909,51388,5332,56720,36990,39,1948442,20430,95.4000015258789,56720,1948442,3.0
2020,389,한국전력국제원자력대학원대학교,대학원대학,사립,울산,-,2718,3398,6116,2718,3398,6116,2,0,0,0,2,0,5,10,15,222,12,234,234,0,6116,91,67.19999694824219,234,6116,4.0
2020,390,한국전통문화대학교,대학,국립,충남,C그룹,107398,21609,129007,226380,33050,259430,5,14,18067,0,19,18067,102,70,172,7650,6314,13964,9110,0,259430,746,347.79998779296875,13964,259430,5.699999809265137
2020,391,한국정보통신대학교,대학,사립,대전,C그룹,0,0,0,0,0,0,0,0,0,0,0,0,0,0,0,0,0,0,0,0,0,0,0.0,0,0,0.0
2020,392,한국철도대학,전문대학,국립,경기,C그룹,0,0,0,0,0,0,0,0,0,0,0,0,0,0,0,0,0,0,0,0,0,0,0.0,0,0,0.0
2020,393,한국체육대학교,대학,국립,서울,C그룹,92795,15028,107823,141406,20151,161557,6,8,23542,0,14,23542,46,13,59,4822,760,5582,4690,1185,161557,3033,53.29999923706055,5582,161557,3.5999999046325684
2020,394,한국침례신학대학교,대학,사립,대전,C그룹,105946,69652,175598,177010,82950,259960,9,14,43142,2,25,43142,104,47,151,3936,313,4249,2886,14772,259960,2071,125.5,4249,259960,1.7000000476837158
2020,395,한국폴리텍Ⅰ대학서울강서캠퍼스,전문대학,사립,서울,C그룹,6853,0,6853,6872,0,6872,0,0,0,0,0,0,7,1,8,366,0,366,366,0,6872,535,12.800000190734863,366,6872,5.599999904632568
2020,396,한국폴리텍Ⅰ대학서울정수캠퍼스,전문대학,사립,서울,C그룹,11152,15,11167,13682,15,13697,0,0,0,0,0,0,0,0,0,1672,0,1672,1672,0,13697,1411,9.699999809265137,1672,13697,13.899999618530272
2020,397,한국폴리텍Ⅰ대학성남캠퍼스,전문대학,사립,경기,C그룹,10394,0,10394,11193,0,11193,0,0,0,0,0,0,0,0,0,227,0,227,211,0,11193,965,11.600000381469728,227,11193,2.0999999046325684
2020,398,한국폴리텍Ⅰ대학제주캠퍼스,전문대학,사립,제주,C그룹,5622,0,5622,6766,0,6766,0,0,0,0,0,0,0,0,0,0,0,0,0,0,6766,45,150.39999389648438,0,6766,0.0
2020,399,한국폴리텍Ⅱ대학남인천캠퍼스,전문대학,사립,인천,C그룹,0,0,0,0,0,0,0,0,0,0,0,0,0,0,0,0,0,0,0,0,0,0,0.0,0,0,0.0
2020,400,한국폴리텍Ⅱ대학인천캠퍼스,전문대학,사립,인천,C그룹,6112,0,6112,18418,0,18418,0,0,0,0,0,0,0,0,0,637,0,637,241,0,18418,2153,8.600000381469727,637,18418,3.5999999046325684
2020,401,한국폴리텍Ⅱ대학화성캠퍼스,전문대학,사립,경기,C그룹,0,0,0,0,0,0,0,0,0,0,0,0,0,0,0,0,0,0,0,0,0,0,0.0,0,0,0.0
2020,402,한국폴리텍Ⅲ대학강릉캠퍼스,전문대학,사립,강원,C그룹,3817,0,3817,4965,0,4965,0,0,0,0,0,0,7,0,7,572,0,572,330,0,4965,116,42.79999923706055,572,4965,13.0
2020,403,한국폴리텍Ⅲ대학원주캠퍼스,전문대학,사립,강원,C그룹,2565,0,2565,2565,0,2565,0,0,0,0,0,0,3,0,3,70,0,70,70,0,2565,50,51.29999923706055,70,2565,2.799999952316284
2020,404,한국폴리텍Ⅲ대학춘천캠퍼스,전문대학,사립,강원,C그룹,9089,0,9089,11098,0,11098,0,0,2080,0,0,2080,15,0,15,0,0,0,0,0,11098,312,35.599998474121094,0,11098,0.0
2020,405,한국폴리텍Ⅳ대학대전캠퍼스,전문대학,사립,대전,C그룹,7717,0,7717,7717,0,7717,0,0,620,0,0,620,0,0,0,0,0,0,0,2,7717,951,8.100000381469727,0,7717,0.0
2020,406,한국폴리텍Ⅳ대학아산캠퍼스,전문대학,사립,충남,C그룹,6196,0,6196,7943,0,7943,0,0,0,0,0,0,0,0,0,0,0,0,0,0,7943,525,15.100000381469728,0,7943,0.0
2020,407,한국폴리텍Ⅳ대학청주캠퍼스,전문대학,사립,충북,C그룹,8791,0,8791,8791,0,8791,0,0,2080,0,0,2080,0,0,0,285,0,285,285,0,8791,794,11.100000381469728,285,8791,3.400000095367432
2020,408,한국폴리텍Ⅳ대학충남캠퍼스,전문대학,사립,충남,C그룹,0,0,0,5034,0,5034,0,0,0,0,0,0,0,0,0,0,0,0,0,382,5034,243,20.700000762939453,0,5034,0.0
2020,409,한국폴리텍Ⅴ대학광주캠퍼스,전문대학,사립,광주,C그룹,11324,0,11324,14034,0,14034,0,0,0,0,0,0,1,0,1,620,0,620,505,0,14034,780,18.0,620,14034,4.599999904632568
2020,410,한국폴리텍Ⅴ대학순천캠퍼스,전문대학,사립,전남,C그룹,4215,7,4222,4691,9,4700,0,0,0,0,0,0,0,0,0,553,0,553,311,0,4700,8,587.5,553,4700,13.300000190734863
2020,411,한국폴리텍Ⅴ대학익산캠퍼스,전문대학,사립,전북,C그룹,4446,0,4446,4446,0,4446,0,0,0,0,0,0,0,0,0,665,0,665,665,0,4446,94,47.29999923706055,665,4446,17.600000381469727
2020,412,한국폴리텍Ⅴ대학전남캠퍼스,전문대학,사립,전남,C그룹,2500,0,2500,4291,0,4291,0,0,0,0,0,0,0,0,0,0,0,0,0,0,4291,252,17.0,0,4291,0.0
2020,413,한국폴리텍Ⅴ대학전북캠퍼스,전문대학,사립,전북,C그룹,4662,0,4662,4826,0,4826,0,0,0,0,0,0,0,0,0,0,328,328,164,0,4826,537,9.0,328,4826,7.300000190734863
2020,414,한국폴리텍Ⅵ대학구미캠퍼스,전문대학,사립,경북,C그룹,2500,0,2500,7205,0,7205,0,0,0,0,0,0,8,0,8,163,0,163,146,0,7205,530,13.600000381469728,163,7205,2.299999952316284
2020,415,한국폴리텍Ⅵ대학대구캠퍼스,전문대학,사립,대구,C그룹,12204,0,12204,13676,0,13676,0,0,2080,0,0,2080,27,0,27,714,0,714,238,0,13676,850,16.100000381469727,714,13676,5.5
2020,416,한국폴리텍Ⅵ대학영남융합기술캠퍼스,전문대학,사립,대구,C그룹,6702,0,6702,7972,0,7972,0,0,0,0,0,0,0,0,0,596,0,596,596,0,7972,229,34.79999923706055,596,7972,8.100000381469727
2020,417,한국폴리텍Ⅵ대학영주캠퍼스,전문대학,사립,경북,C그룹,1626,0,1626,2322,0,2322,0,0,0,0,0,0,0,0,0,476,0,476,1,0,2322,58,40.0,476,2322,25.799999237060547
2020,418,한국폴리텍Ⅶ대학동부산캠퍼스,전문대학,사립,부산,C그룹,0,0,0,0,0,0,0,0,0,0,0,0,0,0,0,0,0,0,0,0,0,0,0.0,0,0,0.0
2020,419,한국폴리텍Ⅶ대학부산캠퍼스,전문대학,사립,부산,C그룹,13428,0,13428,13428,0,13428,0,0,0,0,0,0,0,0,0,165,0,165,165,0,13428,934,14.399999618530272,165,13428,1.2000000476837158
2020,420,한국폴리텍Ⅶ대학울산캠퍼스,전문대학,사립,울산,C그룹,7991,0,7991,10251,0,10251,0,0,0,0,0,0,0,0,0,804,697,1501,1453,0,10251,786,13.0,1501,10251,17.200000762939453
2020,421,한국폴리텍Ⅶ대학진주캠퍼스,전문대학,사립,경남,C그룹,0,0,0,0,0,0,0,0,0,0,0,0,0,0,0,0,0,0,0,0,0,0,0.0,0,0,0.0
2020,422,한국폴리텍Ⅶ대학창원캠퍼스,전문대학,사립,경남,C그룹,22535,3,22538,22535,3,22538,0,0,2580,0,0,2580,23,0,23,721,1026,1747,959,0,22538,1453,15.5,1747,22538,8.399999618530273
2020,423,한국폴리텍특성화 로봇캠퍼스,전문대학,사립,경북,C그룹,0,0,0,0,0,0,0,0,0,0,0,0,0,0,0,0,0,0,0,0,0,0,0.0,0,0,0.0
2020,424,한국폴리텍특성화 바이오캠퍼스,전문대학,사립,충남,C그룹,2947,0,2947,3807,0,3807,0,0,0,0,0,0,4,0,4,513,0,513,492,0,3807,401,9.5,513,3807,15.600000381469728
2020,425,한국폴리텍특성화 반도체융합캠퍼스,전문대학,사립,경기,C그룹,7590,0,7590,9364,0,9364,0,0,0,0,0,0,0,0,0,0,0,0,0,0,9364,667,14.0,0,9364,0.0
2020,426,한국폴리텍특성화 항공캠퍼스,전문대학,사립,경남,C그룹,5364,200,5564,5364,200,5564,0,0,0,0,0,0,0,0,0,121,0,121,121,0,5564,500,11.100000381469728,121,5564,2.200000047683716
2020,427,한국학대학원,대학원대학,국립,경기,-,196259,76220,272479,329976,146101,476077,11,12,0,0,23,0,2912,310,3222,3368,5168,8536,6491,0,476077,297,1603.0,8536,476077,1.7999999523162842
2020,428,한국항공대학교,대학,사립,경기,C그룹,125435,103684,229119,194864,117379,312243,7,10,81030,0,17,81030,79,30,109,9251,63628,72879,72683,0,312243,4442,70.30000305175781,72879,312243,30.399999618530277
2020,429,한남대학교,대학,사립,대전,A그룹,355865,151408,507273,731026,244231,975257,7,24,77263,0,31,77263,316,8,324,15343,4458,19801,10310,0,975257,13389,72.80000305175781,19801,975257,2.0999999046325684
2020,430,한동대학교,대학,사립,경북,C그룹,113648,97110,210758,164072,119360,283432,15,9,44345,1,25,44345,60,70,130,3578,3681,7259,6222,0,283432,4325,65.5,7259,283432,2.5999999046325684
2020,431,한라대학교,대학,사립,강원,C그룹,114137,56250,170387,177010,56750,233760,10,6,93518,5,21,93518,117,12,129,11289,1026,12315,11862,0,233760,3709,63.0,12315,233760,5.599999904632568
2020,432,한려대학교,대학,사립,전남,C그룹,35666,0,35666,97629,0,97629,0,0,86,0,0,86,0,0,0,0,0,0,0,0,97629,449,217.3999938964844,0,97629,0.0
2020,433,한림국제대학원대학교,대학원대학,사립,서울,-,2089,1217,3306,3417,1301,4718,0,0,0,0,0,0,0,0,0,2,485,487,218,0,4718,217,21.700000762939453,487,4718,11.5
2020,434,한림대학교,대학,사립,강원,B그룹,280511,149873,430384,562588,274722,837310,20,15,16702,0,35,16702,446,39,485,10452,3609,14061,8767,0,837310,8759,95.5999984741211,14061,837310,1.7000000476837158
2020,435,한림성심대학교,전문대학,사립,강원,B그룹,88969,4921,93890,150887,7876,158763,2,3,7530,0,5,7530,59,0,59,1200,366,1566,808,6,158763,3124,50.79999923706055,1566,158763,1.0
2020,436,한민학교,대학,사립,충남,C그룹,0,0,0,0,0,0,0,0,0,0,0,0,0,0,0,0,0,0,0,0,0,0,0.0,0,0,0.0
2020,437,한반도국제대학원대학교,대학원대학,사립,서울,-,11400,1492,12892,11572,1501,13073,2,4,1,0,6,1,0,0,0,37,31,68,68,0,13073,62,210.8999938964844,68,13073,0.5
2020,438,한북대학교,대학,사립,경기,C그룹,0,0,0,0,0,0,0,0,0,0,0,0,0,0,0,0,0,0,0,0,0,0,0.0,0,0,0.0
2020,439,한서대학교,대학,사립,충남,B그룹,220520,252377,472897,347493,342046,689539,7,16,34515,5,28,34515,127,37,164,14301,3063,17364,15311,0,689539,7447,92.5999984741211,17364,689539,2.5999999046325684
2020,440,한성대학교,대학,사립,서울,B그룹,411123,141545,552668,570055,171995,742050,14,19,73230,6,39,73230,2129,43,2172,17185,233,17418,16737,9416,742050,7482,99.1999969482422,17418,742050,2.400000095367432
2020,441,한세대학교,대학,사립,경기,C그룹,136235,92372,228607,251809,100659,352468,2,3,80926,2,7,80926,167,34,201,7156,496,7652,6169,0,352468,3568,98.8000030517578,7652,352468,2.200000047683716
2020,442,한신대학교,대학,사립,경기,B그룹,197181,98084,295265,374091,147418,521509,12,9,10369,0,21,10369,236,63,299,8267,2023,10290,8528,9439,521509,5574,93.5999984741211,10290,521509,2.0
2020,443,한양대학교,대학,사립,서울,A그룹,614441,434829,1049270,1078961,633775,1712736,48,63,132718,5,116,132718,500,237,737,24676,10674,35350,30683,0,1712736,22902,74.80000305175781,35350,1712736,2.0999999046325684
2020,444,한양대학교(ERICA),대학,사립,경기,A그룹,440449,183251,623700,743868,253040,996908,12,13,244921,2,27,244921,70,95,165,15637,6003,21640,20767,0,996908,10246,97.3000030517578,21640,996908,2.200000047683716
2020,445,한양여자대학교,전문대학,사립,서울,A그룹,93708,60785,154493,198911,65115,264026,8,5,63678,3,16,63678,142,7,149,10128,21435,31563,26780,0,264026,6559,40.29999923706055,31563,264026,13.600000381469728
2020,446,한영대학교,전문대학,사립,전남,C그룹,28754,318,29072,41701,432,42133,0,1,5,0,1,5,162,0,162,1434,12504,13938,8233,0,42133,1364,30.899999618530277,13938,42133,49.400001525878906
2020,447,한일장신대학교,대학,사립,전북,C그룹,101399,19216,120615,186023,26309,212332,4,6,11833,0,10,11833,72,9,81,1645,548,2193,1015,0,212332,1319,161.0,2193,212332,1.0
2020,448,한중대학교,대학,사립,강원,C그룹,0,0,0,0,0,0,0,0,0,0,0,0,0,0,0,0,0,0,0,0,0,0,0.0,0,0,0.0
2020,449,합동신학대학원대학교,대학원대학,사립,경기,-,70734,61192,131926,104201,74186,178387,3,9,45246,0,12,45246,125,75,200,1915,4460,6375,4249,0,178387,290,615.0999755859375,6375,178387,3.700000047683716
2020,450,해군사관학교,기타,기타,경남,-,149075,48442,197517,196821,55105,251926,9,9,12468,1,19,12468,205,22,227,6775,1701,8476,8059,11946,251926,0,0.0,8476,251926,3.5
2020,451,협성대학교,대학,사립,경기,C그룹,184285,114368,298653,279102,153716,432818,1,22,96694,5,28,96694,238,48,286,5866,3339,9205,6980,8235,432818,4708,91.9000015258789,9205,432818,2.200000047683716
2020,452,혜전대학교,전문대학,사립,충남,B그룹,103635,4068,107703,172393,4667,177060,0,1,7963,1,2,7963,78,0,78,7067,106,7173,5520,0,177060,2831,62.5,7173,177060,4.199999809265137
2020,453,호남대학교,대학,사립,광주,B그룹,242308,171747,414055,424283,279934,704217,9,12,61462,6,27,61462,101,82,183,16258,1036,17294,12837,14501,704217,7739,91.0,17294,704217,2.5
2020,454,호남신학대학교,대학,사립,광주,C그룹,80107,77469,157576,111964,82725,194689,2,8,62503,0,10,62503,202,39,241,1895,193,2088,2040,26,194689,936,208.0,2088,194689,1.100000023841858
2020,455,호산대학교,전문대학,사립,경북,C그룹,45850,382,46232,83093,490,83583,5,5,5437,0,10,5437,54,0,54,2008,0,2008,1965,0,83583,1934,43.20000076293945,2008,83583,2.5
2020,456,호서대학교,대학,사립,충남,A그룹,346574,263231,609805,752076,359679,1111755,16,26,197826,7,49,197826,247,2,249,21170,4126,25296,16603,0,1111755,13266,83.80000305175781,25296,1111755,2.299999952316284
2020,457,호원대학교,대학,사립,전북,B그룹,252954,77714,330668,395581,95578,491159,9,11,43094,5,25,43094,150,3,153,11077,683,11760,9437,0,491159,5472,89.80000305175781,11760,491159,2.5
2020,458,홍익대학교,대학,사립,서울,A그룹,901376,261848,1163224,1589740,398270,1988010,39,45,83675,11,95,83675,801,233,1034,43899,6840,50739,43831,0,1988010,21986,90.4000015258789,50739,1988010,2.5999999046325684
2020,459,화성의과학대학교,대학,사립,경기,C그룹,10045,40,10085,18908,40,18948,1,1,0,0,2,0,0,0,0,133,0,133,84,0,18948,636,29.799999237060547,133,18948,0.699999988079071
2020,460,화신사이버대학교,대학,사립,부산,C그룹,5477,0,5477,19884,0,19884,0,0,5477,0,0,5477,0,0,0,520,210,730,0,0,19884,1193,16.700000762939453,730,19884,3.799999952316284
2020,461,횃불트리니티신학대학원대학교,대학원대학,사립,서울,-,31261,32281,63542,39684,38242,77926,6,6,4839,0,12,4839,84,82,166,1185,593,1778,1561,0,77926,376,207.3000030517578,1778,77926,2.299999952316284
