YR,ID,SNM,STYP,FND,RGN,USC,BR_TCNT_KB,BR_TCNT_OB,BR_TCNT_SUM,BR_BCNT_KB,BR_BCNT_OB,BR_BCNT_SUM,ER_EJN_PKG,ER_WDB_PKG,ER_EB_TCNT,ER_ELV_PKG,ER_TTL_PKG,ER_TTL_TCNT,SRL_KR,SRL_OT,SRL_TTL,AHC_ABI_BUY,AHC_ABI_DON,AHC_ABI_TTL,AHC_ATI,AHC_ARM,BPS_BO,BPS_SCC,BPS_BPS,GRR_AHBC,GRR_BO,GRR_GRR
2016,1,ICT폴리텍대학,전문대학,사립,경기,C그룹,5828,0,5828,8652,0,8652,0,0,0,0,0,0,0,0,0,182,196,378,221,1284,8652,311,27.799999237060547,378,8652,4.599999904632568
2016,2,가야대학교,대학,사립,경남,C그룹,86403,26005,112408,143413,28008,171421,1,3,23262,0,4,25601,1553,60,1613,17651,1558,19209,17972,0,171421,2718,63.09999847412109,19209,171421,12.600000381469728
2016,3,가천대학교,대학,사립,경기,A그룹,318707,126005,444712,796250,167803,964053,29,35,19406,0,64,79047,155,1,156,27591,5101,32692,15125,0,964053,20737,46.5,32692,964053,3.5
2016,4,가톨릭관동대학교,대학,사립,강원,B그룹,201222,141829,343051,469488,195806,665294,6,15,57554,0,21,85238,412,68,480,13103,2482,15585,10992,0,665294,9332,71.30000305175781,15585,665294,2.400000095367432
2016,5,가톨릭꽃동네대학교,대학,사립,충북,C그룹,33846,4171,38017,47233,4625,51858,0,14,2295,0,14,22214,89,1,90,3424,726,4150,3743,175,51858,536,96.8000030517578,4150,51858,8.699999809265137
2016,6,가톨릭대학교,대학,사립,경기,A그룹,377940,193656,571596,705626,345897,1051523,76,68,45626,0,144,254717,2702,956,3658,21187,7200,28387,17137,398,1051523,10881,96.5999984741211,28387,1051523,2.799999952316284
2016,7,가톨릭상지대학교,전문대학,사립,경북,C그룹,57676,2312,59988,94199,4067,98266,3,4,8458,0,7,13865,57,0,57,2689,633,3322,2376,0,98266,1975,49.79999923706055,3322,98266,3.5
2016,8,감리교신학대학교,대학,사립,서울,C그룹,50445,42813,93258,79485,56528,136013,4,2,1601,0,6,7788,114,38,152,4387,510,4897,4176,0,136013,1576,86.30000305175781,4897,136013,3.700000047683716
2016,9,강남대학교,대학,사립,경기,B그룹,246562,78411,324973,361278,122947,484225,7,7,8655,0,14,31588,126,75,201,8674,429,9103,5438,0,484225,7325,66.0999984741211,9103,484225,1.899999976158142
2016,10,강동대학교,전문대학,사립,충북,B그룹,43080,339,43419,65016,375,65391,1,2,3989,0,3,9622,95,1,96,4607,38,4645,3290,0,65391,4027,16.200000762939453,4645,65391,7.599999904632568
2016,11,강릉영동대학교,전문대학,사립,강원,B그룹,39676,2117,41793,61764,2935,64699,1,1,4843,0,2,8918,206,0,206,4599,13,4612,2417,0,64699,3008,21.5,4612,64699,7.699999809265137
2016,12,강서대학교,대학,사립,서울,C그룹,65018,17746,82764,82224,18996,101220,3,11,10111,0,14,36611,212,37,249,2337,1928,4265,4247,30,101220,1604,63.09999847412109,4265,101220,4.400000095367432
2016,13,강원관광대학교,전문대학,사립,강원,C그룹,30813,231,31044,40210,266,40476,1,0,992,0,1,4488,70,0,70,1547,474,2021,2000,0,40476,1351,30.0,2021,40476,5.300000190734863
2016,14,강원대학교,대학,국립,강원,A그룹,789557,182535,972092,1343948,329276,1673224,42,34,28180,0,76,206290,1866,1209,3075,38370,6746,45116,33555,35,1673224,23947,69.9000015258789,45116,1673224,2.799999952316284
2016,15,강원도립대학교,전문대학,공립,강원,C그룹,54096,1343,55439,54199,1343,55542,0,0,3965,0,0,3965,62,0,62,2804,932,3736,3736,132,55542,894,62.09999847412109,3736,55542,7.199999809265137
2016,16,개신대학원대학교,대학원대학,사립,서울,-,10173,6727,16900,14293,8839,23132,0,0,0,0,0,0,59,3,62,191,628,819,773,0,23132,134,172.60000610351562,819,23132,3.700000047683716
2016,17,거제대학교,전문대학,사립,경남,C그룹,46527,1774,48301,61936,1869,63805,1,1,9710,0,2,13785,81,0,81,2891,186,3077,2676,4,63805,1566,40.70000076293945,3077,63805,5.099999904632568
2016,18,건국대학교,대학,사립,서울,A그룹,462694,154147,616841,1056986,236893,1293879,25,34,39435,0,59,70842,1006,209,1215,23713,5828,29541,18535,16837,1293879,19902,65.0,29541,1293879,2.299999952316284
2016,19,건국대학교(글로컬),대학,사립,충북,B그룹,243841,59098,302939,461091,95737,556828,10,13,9789,0,23,34019,218,32,250,14634,716,15350,11011,0,556828,8761,63.59999847412109,15350,556828,2.799999952316284
2016,20,건동대학교,대학,사립,경북,C그룹,0,0,0,0,0,0,0,0,0,0,0,0,0,0,0,0,0,0,0,0,0,0,0.0,0,0,0.0
2016,21,건신대학원대학교,대학원대학,사립,대전,-,10891,2995,13886,15990,4662,20652,0,1,0,0,1,308,44,7,51,360,41,401,356,0,20652,148,139.5,401,20652,2.0
2016,22,건양대학교,대학,사립,충남,B그룹,167096,36683,203779,266653,131462,398115,3,14,9265,0,17,63515,130,0,130,13785,1089,14874,9452,0,398115,8593,46.29999923706055,14874,398115,3.900000095367432
2016,23,경기과학기술대학교,전문대학,사립,경기,A그룹,1,1,2,66047,8124,74171,2,0,6092,0,2,8283,165,58,223,3953,300,4253,3742,0,74171,4483,16.5,4253,74171,6.099999904632568
2016,24,경기대학교,대학,사립,경기,A그룹,561754,78451,640205,1063341,161116,1224457,23,19,22164,0,42,98264,896,125,1021,29105,9078,38183,27328,0,1224457,16377,74.80000305175781,38183,1224457,3.200000047683716
2016,25,경남대학교,대학,사립,경남,A그룹,435160,96812,531972,665033,124768,789801,22,24,173074,0,46,219646,702,124,826,15225,4141,19366,18233,0,789801,13489,58.59999847412109,19366,789801,2.5
2016,26,경남도립거창대학,전문대학,공립,경남,C그룹,27453,849,28302,39363,906,40269,0,0,1853,0,0,1874,15,0,15,1206,0,1206,878,0,40269,889,45.29999923706055,1206,40269,3.0999999046325684
2016,27,경남도립남해대학,전문대학,공립,경남,C그룹,30277,498,30775,36538,519,37057,0,0,318,0,0,337,40,0,40,1389,0,1389,1181,0,37057,848,43.70000076293945,1389,37057,3.900000095367432
2016,28,경남정보대학교,전문대학,사립,부산,A그룹,105427,6452,111879,182845,7347,190192,2,2,6872,0,4,18203,171,2,173,7267,2100,9367,5800,0,190192,6853,27.799999237060547,9367,190192,5.199999809265137
2016,29,경동대학교,대학,사립,강원,B그룹,94948,11949,106897,177707,21042,198749,2,7,24282,0,9,35437,247,1,248,21836,11406,33242,14484,0,198749,7240,27.5,33242,198749,20.100000381469727
2016,30,경민대학교,전문대학,사립,경기,B그룹,76635,6114,82749,122315,8034,130349,5,2,5728,0,7,11675,126,25,151,5251,562,5813,3843,1816,130349,4661,28.0,5813,130349,4.699999809265137
2016,31,경복대학교,전문대학,사립,경기,A그룹,58089,2105,60194,64004,3635,67639,4,0,4357,0,4,10998,166,0,166,11413,274,11687,8009,0,67639,6350,10.699999809265137,11687,67639,20.899999618530277
2016,32,경북과학대학교,전문대학,사립,경북,C그룹,45345,11804,57149,69354,13741,83095,2,0,2523,0,2,8102,516,0,516,1969,492,2461,2159,0,83095,1902,43.70000076293945,2461,83095,3.0999999046325684
2016,33,경북대학교,대학,국립,대구,A그룹,888976,465847,1354823,2212352,963742,3176094,32,55,155310,0,87,202402,1468,969,2437,37862,24706,62568,45233,0,3176094,30296,104.8000030517578,62568,3176094,2.0
2016,34,경북보건대학교,전문대학,사립,경북,C그룹,33904,1209,35113,40297,1444,41741,2,1,5885,0,3,10176,38,2,40,1516,293,1809,1530,0,41741,1300,32.099998474121094,1809,41741,4.5
2016,35,경북외국어대학교,대학,사립,대구,C그룹,0,0,0,0,0,0,0,0,0,0,0,0,0,0,0,0,0,0,0,0,0,0,0.0,0,0,0.0
2016,36,경북전문대학교,전문대학,사립,경북,B그룹,75304,42514,117818,102211,48959,151170,1,1,3557,0,2,7631,159,3,162,3006,1045,4051,3505,16000,151170,2562,59.0,4051,151170,2.799999952316284
2016,37,경상국립대학교,대학,국립,경남,A그룹,630717,285920,916637,1298585,437317,1735902,38,33,160546,0,71,205134,922,559,1481,34050,23239,57289,42868,35,1735902,22867,75.9000015258789,57289,1735902,3.400000095367432
2016,38,경성대학교,대학,사립,부산,A그룹,384349,153515,537864,706331,204347,910678,14,30,46154,0,44,96222,723,74,797,21805,6087,27892,16741,67,910678,13468,67.5999984741211,27892,910678,3.200000047683716
2016,39,경안대학원대학교,대학원대학,사립,경북,-,11,1,12,7775,305,8080,0,0,0,0,0,0,5,0,5,58,139,197,156,0,8080,73,110.6999969482422,197,8080,2.5
2016,40,경운대학교,대학,사립,경북,C그룹,140519,18968,159487,254516,26872,281388,3,5,19881,0,8,28498,334,60,394,9529,9557,19086,10651,10,281388,5066,55.5,19086,281388,7.300000190734863
2016,41,경인교육대학교,대학,국립,인천,C그룹,179664,11196,190860,494326,18886,513212,8,2,5307,0,10,20852,186,20,206,19197,2008,21205,7747,16825,513212,4246,120.9000015258789,21205,513212,4.300000190734863
2016,42,경인여자대학교,전문대학,사립,인천,B그룹,84018,1051,85069,127598,1170,128768,1,4,14657,0,5,19682,56,17,73,8646,4268,12914,8423,0,128768,4894,26.299999237060547,12914,128768,11.100000381469728
2016,43,경일대학교,대학,사립,경북,B그룹,155809,94876,250685,321609,113063,434672,6,4,51237,0,10,60839,162,2,164,12435,1213,13648,6730,9,434672,7373,59.0,13648,434672,3.200000047683716
2016,44,경찰대학,기타,기타,충남,-,129699,44156,173855,129699,44156,173855,0,8,1486,0,8,1486,196,61,257,4925,1406,6331,6331,0,173855,0,0.0,6331,173855,3.799999952316284
2016,45,경희대학교,대학,사립,서울,A그룹,906658,443663,1350321,1976777,589719,2566496,60,43,240374,0,103,378480,585,327,912,20741,8733,29474,22688,10340,2566496,33327,77.0,29474,2566496,1.2000000476837158
2016,46,계명대학교,대학,사립,대구,A그룹,506544,321686,828230,1499914,407395,1907309,31,46,52674,0,77,111142,1678,411,2089,36668,8573,45241,24764,10,1907309,24537,77.69999694824219,45241,1907309,2.400000095367432
2016,47,계명문화대학교,전문대학,사립,대구,A그룹,146484,8515,154999,222614,12605,235219,4,5,10267,0,9,20495,139,5,144,7804,2325,10129,8277,12170,235219,5179,45.400001525878906,10129,235219,4.5
2016,48,계약신학대학원대학교,대학원대학,사립,경기,-,13724,4122,17846,14602,4168,18770,0,0,691,0,0,691,10,0,10,158,0,158,84,0,18770,68,276.0,158,18770,0.800000011920929
2016,49,계원예술대학교,전문대학,사립,경기,B그룹,70109,32039,102148,79478,32850,112328,2,5,9955,0,7,16672,221,115,336,4763,21,4784,4143,0,112328,2856,39.29999923706055,4784,112328,4.400000095367432
2016,50,고려대학교,대학,사립,서울,A그룹,562082,738336,1300418,1451193,1326832,2778025,90,110,301095,0,200,370858,1775,1765,3540,34511,11457,45968,31334,2654,2778025,29540,94.0,45968,2778025,1.7000000476837158
2016,51,고려대학교(세종),대학,사립,세종,B그룹,256118,62155,318273,411672,96721,508393,10,9,7730,0,19,11032,342,17,359,3178,4652,7830,7193,45,508393,7768,65.4000015258789,7830,508393,1.600000023841858
2016,52,고려사이버대학교,대학,사립,서울,A그룹,3768,0,3768,13089,0,13089,0,1,3768,0,1,6378,0,0,0,833,0,833,364,0,13089,9671,1.399999976158142,833,13089,6.800000190734863
2016,53,고신대학교,대학,사립,부산,C그룹,198968,123887,322855,268987,155041,424028,20,11,8341,0,31,31639,548,232,780,5637,5661,11298,7916,0,424028,5064,83.69999694824219,11298,424028,2.700000047683716
2016,54,공군사관학교,기타,기타,충북,-,10,10,20,169686,36125,205811,1,5,2695,0,6,7396,229,16,245,5106,2012,7118,7064,6827,205811,0,0.0,7118,205811,3.5999999046325684
2016,55,공주교육대학교,대학,국립,충남,C그룹,111770,5059,116829,282782,14352,297134,5,3,1966,0,8,14011,40,0,40,4728,323,5051,3343,0,297134,2024,146.8000030517578,5051,297134,1.7000000476837158
2016,56,과학기술연합대학원대학교,대학원대학,국립,대전,-,5660,13585,19245,7137,19888,27025,0,5,23022,0,5,53227,0,0,0,0,0,0,0,0,27025,1235,21.899999618530277,0,27025,0.0
2016,57,광신대학교,대학,사립,광주,C그룹,47694,56911,104605,75730,63808,139538,0,3,4754,0,3,8145,166,46,212,698,1018,1716,1325,0,139538,949,147.0,1716,139538,1.2000000476837158
2016,58,광양보건대학교,전문대학,사립,전남,C그룹,21807,476,22283,36881,542,37423,1,0,0,0,1,3497,61,0,61,430,1386,1816,948,0,37423,1520,24.600000381469727,1816,37423,5.099999904632568
2016,59,광운대학교,대학,사립,서울,B그룹,261498,67809,329307,520827,115464,636291,23,16,31025,0,39,86999,291,56,347,49091,2284,51375,25753,0,636291,9807,64.9000015258789,51375,636291,8.800000190734863
2016,60,광주가톨릭대학교,대학,사립,전남,C그룹,85615,56370,141985,125193,70680,195873,2,5,42023,0,7,50005,55,77,132,1048,742,1790,1604,0,195873,106,1847.9000244140625,1790,195873,0.8999999761581421
2016,61,광주과학기술원,대학,국립,광주,C그룹,0,0,0,0,0,0,0,0,0,0,0,0,0,0,0,0,0,0,0,0,0,0,0.0,0,0,0.0
2016,62,광주교육대학교,대학,국립,광주,C그룹,136795,12278,149073,273591,12278,285869,0,3,7945,0,3,12170,127,40,167,4033,1634,5667,3676,0,285869,2190,130.5,5667,285869,2.0
2016,63,광주대학교,대학,사립,광주,B그룹,221752,60531,282283,409952,97638,507590,4,9,12173,0,13,29345,358,74,432,11730,358,12088,10214,22,507590,7747,65.5,12088,507590,2.400000095367432
2016,64,광주보건대학교,전문대학,사립,광주,B그룹,95524,5648,101172,182519,10597,193116,2,2,977,0,4,7204,173,24,197,4705,640,5345,2541,0,193116,3968,48.70000076293945,5345,193116,2.799999952316284
2016,65,광주여자대학교,대학,사립,광주,C그룹,147163,23057,170220,227897,30830,258727,5,2,51969,0,7,61598,149,19,168,16980,5266,22246,18952,0,258727,4114,62.900001525878906,22246,258727,9.399999618530272
2016,66,구미대학교,전문대학,사립,경북,A그룹,35035,3660,38695,157015,7791,164806,0,1,6192,0,1,6762,108,0,108,1663,90000,91663,4854,0,164806,5695,28.899999618530277,91663,164806,125.3000030517578
2016,67,구세군사관대학원대학교,대학원대학,사립,경기,-,21616,1815,23431,21616,1815,23431,1,0,0,0,1,850,115,7,122,327,669,996,734,0,23431,41,571.5,996,23431,4.400000095367432
2016,68,국군간호사관학교,기타,기타,대전,-,55083,2986,58069,60539,3114,63653,1,1,0,0,2,4463,73,10,83,1741,633,2374,2261,78,63653,0,0.0,2374,63653,3.900000095367432
2016,69,국립강릉원주대학교,대학,국립,강원,B그룹,442114,119304,561418,606464,187539,794003,11,8,39081,0,19,50930,481,25,506,9408,6325,15733,14433,0,794003,8685,91.4000015258789,15733,794003,2.0
2016,70,국립경국대학교,대학,국립,경북,B그룹,337843,79738,417581,696075,112342,808417,9,6,24545,0,15,39804,460,47,507,8622,5510,14132,8296,0,808417,7914,102.1999969482422,14132,808417,1.7999999523162842
2016,71,국립공주대학교,대학,국립,충남,A그룹,507911,108579,616490,1058171,172901,1231072,22,21,40448,0,43,100148,616,69,685,21125,6109,27234,16362,0,1231072,16672,73.80000305175781,27234,1231072,2.299999952316284
2016,72,국립군산대학교,대학,국립,전북,B그룹,244266,46552,290818,551745,93744,645489,9,9,20495,0,18,39014,115,93,208,7124,3733,10857,9223,0,645489,8296,77.80000305175781,10857,645489,1.7000000476837158
2016,73,국립금오공과대학교,대학,국립,경북,B그룹,162251,34182,196433,362420,59689,422109,16,10,9195,0,26,23273,192,60,252,12717,3211,15928,8704,0,422109,7131,59.20000076293945,15928,422109,3.900000095367432
2016,74,국립목포대학교,대학,국립,전남,B그룹,245214,87349,332563,491536,133541,625077,13,21,11756,0,34,65752,394,59,453,12100,5683,17783,10871,0,625077,8513,73.4000015258789,17783,625077,2.900000095367432
2016,75,국립목포해양대학교,대학,국립,전남,C그룹,93827,14859,108686,193616,19944,213560,6,4,14565,0,10,32490,93,47,140,3569,1113,4682,2346,0,213560,2748,77.69999694824219,4682,213560,2.200000047683716
2016,76,국립부경대학교,대학,국립,부산,A그룹,308893,137687,446580,937699,203841,1141540,17,23,30157,0,40,56651,533,169,702,10723,18177,28900,21337,0,1141540,19611,58.20000076293945,28900,1141540,2.5999999046325684
2016,77,국립순천대학교,대학,국립,전남,B그룹,270059,64968,335027,641584,131242,772826,27,21,30446,0,48,183725,400,122,522,21661,3422,25083,11624,0,772826,8341,92.6999969482422,25083,772826,3.400000095367432
2016,78,국립암센터국제암대학원대학교,대학원대학,국립,경기,-,526,385,911,531,401,932,11,4,0,0,15,4393,0,0,0,147,0,147,136,0,932,66,14.100000381469728,147,932,18.700000762939453
2016,79,국립창원대학교,대학,국립,경남,B그룹,196130,55319,251449,472078,143142,615220,15,11,40319,0,26,53262,671,197,868,14617,3181,17798,13654,0,615220,10088,61.0,17798,615220,3.0
2016,80,국립한국교통대학교,대학,국립,충북,B그룹,222910,32351,255261,547689,64528,612217,13,6,5761,0,19,459889,68,0,68,30286,2948,33234,13664,0,612217,9302,65.80000305175781,33234,612217,5.699999809265137
2016,81,국립한국해양대학교,대학,국립,부산,B그룹,159134,82756,241890,364237,144020,508257,8,8,12126,0,16,77021,308,78,386,8076,5983,14059,7724,0,508257,7840,64.80000305175781,14059,508257,2.799999952316284
2016,82,국립한밭대학교,대학,국립,대전,B그룹,206270,57082,263352,458978,77539,536517,7,6,9829,0,13,16623,249,82,331,15374,1046,16420,8700,0,536517,8965,59.79999923706055,16420,536517,3.200000047683716
2016,83,국민대학교,대학,사립,서울,A그룹,390556,153313,543869,1046509,234654,1281163,27,39,57970,0,66,92527,938,255,1193,148167,14716,162883,28929,309,1281163,18182,70.5,162883,1281163,14.600000381469728
2016,84,국방대학교,기타,기타,충남,-,148247,67514,215761,261564,81306,342870,0,11,9572,0,11,9633,397,127,524,8141,1114,9255,6619,0,342870,0,0.0,9255,342870,2.799999952316284
2016,85,국제뇌교육종합대학원대학교,대학원대학,사립,충남,-,14725,368,15093,16508,489,16997,1,0,0,0,1,1880,0,0,0,85,30,115,95,1135,16997,267,63.70000076293945,115,16997,0.699999988079071
2016,86,국제대학교,전문대학,사립,경기,B그룹,32152,1045,33197,53962,1070,55032,4,2,9420,0,6,16211,91,0,91,1872,814,2686,1963,0,55032,4289,12.800000190734863,2686,55032,5.099999904632568
2016,87,국제문화대학원대학교,대학원대학,사립,충남,-,3492,291,3783,5998,497,6495,0,0,0,0,0,0,0,0,0,0,0,0,0,0,6495,0,0.0,0,6495,0.0
2016,88,국제법률경영대학원대학교,대학원대학,사립,경기,-,1289,2708,3997,2265,4838,7103,0,0,0,0,0,0,0,0,0,0,100,100,100,10,7103,88,80.69999694824219,100,7103,1.399999976158142
2016,89,국제사이버대학교,대학,사립,경기,C그룹,1200,0,1200,9390,0,9390,0,0,9390,0,0,9390,0,0,0,0,0,0,0,0,9390,2764,3.400000095367432,0,9390,0.0
2016,90,국제언어대학원대학교,대학원대학,사립,서울,-,2571,9098,11669,3229,12562,15791,1,0,128,0,1,158,17,36,53,188,236,424,297,0,15791,82,192.6000061035156,424,15791,2.799999952316284
2016,91,국제예술대학교,기타,기타,서울,-,5,1,6,976,26,1002,0,0,0,0,0,14,0,0,0,0,0,0,0,25,1002,0,0.0,0,1002,0.0
2016,92,군산간호대학교,전문대학,사립,전북,C그룹,27952,1025,28977,37402,2143,39545,2,1,2167,0,3,6243,34,0,34,1243,132,1375,984,12,39545,1112,35.599998474121094,1375,39545,3.5999999046325684
2016,93,군장대학교,전문대학,사립,전북,C그룹,38540,175,38715,63967,238,64205,1,1,2722,0,2,6809,42,0,42,2917,145,3062,2325,0,64205,1918,33.5,3062,64205,5.0
2016,94,극동대학교,대학,사립,충북,C그룹,63984,25328,89312,92552,31713,124265,3,2,14039,0,5,21434,187,10,197,16931,0,16931,15930,0,124265,4293,28.899999618530277,16931,124265,15.800000190734863
2016,95,글로벌사이버대학교,대학,사립,충남,C그룹,426,0,426,1308,0,1308,0,1,464,0,1,1294,0,0,0,0,0,0,0,0,1308,2133,0.6000000238418579,0,1308,0.0
2016,96,금강대학교,대학,사립,충남,C그룹,49687,22901,72588,80573,36339,116912,0,3,1509,0,3,6861,85,10,95,1271,1497,2768,2768,0,116912,548,213.3000030517578,2768,116912,2.400000095367432
2016,97,기독간호대학교,전문대학,사립,광주,C그룹,17747,4165,21912,25981,5321,31302,1,2,151,0,3,4796,43,0,43,659,137,796,592,0,31302,637,49.09999847412109,796,31302,2.5999999046325684
2016,98,김천대학교,대학,사립,경북,C그룹,71312,2852,74164,103664,3837,107501,2,6,47481,0,8,65719,116,0,116,11404,746,12150,8672,7,107501,3758,28.600000381469727,12150,107501,12.699999809265137
2016,99,김포대학교,전문대학,사립,경기,C그룹,59217,4785,64002,102066,5601,107667,3,0,1611,0,3,7393,101,8,109,4915,636,5551,4353,0,107667,3331,32.29999923706055,5551,107667,5.400000095367432
2016,100,김해대학교,전문대학,사립,경남,C그룹,17891,145,18036,19147,148,19295,1,1,217,0,2,2747,20,0,20,1586,1480,3066,2750,0,19295,1378,14.0,3066,19295,18.899999618530277
2016,101,나사렛대학교,대학,사립,충남,B그룹,143815,50300,194115,223699,56986,280685,5,8,48775,0,13,79706,156,38,194,17057,701,17758,8132,0,280685,5861,47.900001525878906,17758,280685,6.800000190734863
2016,102,나주대학교,전문대학,사립,전남,C그룹,24000,0,24000,24000,0,24000,0,0,0,0,0,0,118,0,118,300,40,340,50,0,24000,2131,11.300000190734863,340,24000,1.399999976158142
2016,103,남부대학교,대학,사립,광주,C그룹,66256,3003,69259,68853,3065,71918,3,4,5904,0,7,11614,270,25,295,4005,319,4324,3546,0,71918,3396,21.200000762939453,4324,71918,6.400000095367432
2016,104,남서울대학교,대학,사립,충남,B그룹,296098,117046,413144,583190,183774,766964,4,10,45635,0,14,64361,984,0,984,4971,2115,7086,5669,0,766964,10310,74.4000015258789,7086,766964,0.8999999761581421
2016,105,농협대학교,전문대학,사립,경기,C그룹,34234,5231,39465,42252,6325,48577,1,0,885,0,1,2765,22,9,31,1414,314,1728,1286,3533,48577,523,92.9000015258789,1728,48577,3.700000047683716
2016,106,능인대학원대학교,대학원대학,사립,경기,-,1110,0,1110,2221,0,2221,0,1,0,0,1,1520,1,0,1,78,2135,2213,1062,0,2221,72,30.799999237060547,2213,2221,27662.5
2016,107,단국대학교,대학,사립,경기,A그룹,881166,295473,1176639,1412416,490550,1902966,26,22,32656,0,48,80307,1033,217,1250,41562,11317,52879,42437,0,1902966,27070,70.30000305175781,52879,1902966,2.900000095367432
2016,108,대경대학교,전문대학,사립,경북,B그룹,22367,844,23211,41447,1093,42540,1,4,1502,0,5,7006,80,2,82,2797,4274,7071,4331,0,42540,4276,9.899999618530272,7071,42540,19.899999618530277
2016,109,대구가톨릭대학교,대학,사립,경북,A그룹,456221,242720,698941,934525,353162,1287687,40,30,36237,0,70,61848,900,93,993,17849,5250,23099,18096,0,1287687,15341,83.9000015258789,23099,1287687,1.7999999523162842
2016,110,대구경북과학기술원,대학,국립,대구,C그룹,29378,15000,44378,39720,49921,89641,38,21,315033,0,59,356332,37,13,50,9080,493,9573,7340,0,89641,911,98.4000015258789,9573,89641,12.0
2016,111,대구공업대학교,전문대학,사립,대구,C그룹,56127,1964,58091,96492,3066,99558,0,0,5188,0,0,5192,77,0,77,2239,92,2331,2232,2000,99558,1879,53.0,2331,99558,2.400000095367432
2016,112,대구과학대학교,전문대학,사립,대구,A그룹,74468,3069,77537,125109,3526,128635,1,1,4217,0,2,7354,70,1,71,3462,405,3867,2985,0,128635,4352,29.600000381469727,3867,128635,3.0999999046325684
2016,113,대구교육대학교,대학,국립,대구,C그룹,132070,12455,144525,275008,22524,297532,0,8,2200,0,8,17713,356,59,415,2946,932,3878,2093,0,297532,2718,109.5,3878,297532,1.2999999523162842
2016,114,대구대학교,대학,사립,경북,A그룹,493530,228552,722082,1191633,419091,1610724,8,9,24888,0,17,34762,1506,187,1693,20155,4750,24905,14228,34,1610724,20572,78.30000305175781,24905,1610724,1.600000023841858
2016,115,대구미래대학교,전문대학,사립,경북,C그룹,85245,2412,87657,88178,2977,91155,0,0,865,0,0,865,65,0,65,0,0,0,0,0,91155,760,119.9000015258789,0,91155,0.0
2016,116,대구보건대학교,전문대학,사립,대구,A그룹,76683,7139,83822,186984,10239,197223,3,6,4084,0,9,14294,101,9,110,8647,98,8745,3927,0,197223,6858,28.799999237060547,8745,197223,4.599999904632568
2016,117,대구사이버대학교,대학,사립,경북,C그룹,14965,0,14965,15457,0,15457,5,0,14965,0,5,19825,0,0,0,535,0,535,333,0,15457,4382,3.5,535,15457,3.5999999046325684
2016,118,대구예술대학교,대학,사립,경북,C그룹,41298,1143,42441,90565,1919,92484,0,0,7747,0,0,7747,57,5,62,1448,0,1448,561,0,92484,1432,64.5999984741211,1448,92484,1.600000023841858
2016,119,대구외국어대학교,대학,사립,경북,C그룹,16069,1854,17923,31099,1858,32957,0,0,0,0,0,0,38,3,41,162,1020,1182,925,0,32957,334,98.6999969482422,1182,32957,3.700000047683716
2016,120,대구한의대학교,대학,사립,경북,B그룹,240941,68773,309714,454868,111889,566757,9,11,21443,0,20,34965,344,27,371,6653,3845,10498,7320,16,566757,7499,75.5999984741211,10498,566757,1.899999976158142
2016,121,대덕대학교,전문대학,사립,대전,C그룹,46959,1125,48084,79088,1539,80627,1,1,10223,0,2,14379,137,3,140,6851,183,7034,5115,1,80627,4266,18.899999618530277,7034,80627,9.600000381469728
2016,122,대동대학교,전문대학,사립,부산,C그룹,40705,1060,41765,44643,1130,45773,1,3,7740,0,4,19915,86,7,93,2724,317,3041,2732,0,45773,1590,28.799999237060547,3041,45773,7.099999904632568
2016,123,대림대학교,전문대학,사립,경기,A그룹,67048,7250,74298,103429,8220,111649,3,0,6430,0,3,14047,78,9,87,4594,644,5238,3621,5519,111649,6517,17.100000381469727,5238,111649,4.900000095367432
2016,124,대신대학교,대학,사립,경북,C그룹,74835,9795,84630,93364,10454,103818,2,1,2766,0,3,6401,166,6,172,947,1209,2156,1979,87,103818,493,210.6000061035156,2156,103818,2.0999999046325684
2016,125,대원대학교,전문대학,사립,충북,C그룹,42399,3562,45961,69353,4053,73406,2,0,4819,0,2,10292,297,0,297,2253,783,3036,2319,0,73406,2667,27.5,3036,73406,4.300000190734863
2016,126,대전가톨릭대학교,대학,사립,세종,C그룹,85884,34191,120075,101354,36352,137706,1,3,1090,0,4,1251,91,86,177,2013,1116,3129,2296,0,137706,116,1187.0999755859375,3129,137706,2.299999952316284
2016,127,대전과학기술대학교,전문대학,사립,대전,B그룹,76679,97987,174666,160973,167881,328854,2,2,2048,0,4,9770,199,20,219,3784,2359,6143,3467,0,328854,4696,70.0,6143,328854,1.899999976158142
2016,128,대전대학교,대학,사립,대전,B그룹,315081,54412,369493,511460,98568,610028,8,13,17297,0,21,60256,545,35,580,29852,4777,34629,19074,0,610028,10612,57.5,34629,610028,6.0
2016,129,대전보건대학교,전문대학,사립,대전,A그룹,78500,10282,88782,138698,16889,155587,3,5,15458,0,8,21244,89,7,96,12449,404,12853,9259,0,155587,5901,26.399999618530277,12853,155587,9.0
2016,130,대전신학대학교,대학,사립,대전,C그룹,38233,5730,43963,60442,8123,68565,0,2,119,0,2,6239,160,12,172,1163,298,1461,796,0,68565,282,243.1000061035156,1461,68565,2.200000047683716
2016,131,대진대학교,대학,사립,경기,B그룹,227769,87536,315305,464357,144319,608676,4,14,28517,0,18,53920,337,21,358,15636,6500,22136,17768,0,608676,8202,74.19999694824219,22136,608676,3.799999952316284
2016,132,대한신학대학원대학교,대학원대학,사립,경기,-,7405,1931,9336,13183,2699,15882,0,0,0,0,0,0,30,0,30,0,0,0,0,0,15882,327,48.59999847412109,0,15882,0.0
2016,133,덕성여자대학교,대학,사립,서울,B그룹,340118,72913,413031,588792,136324,725116,19,21,10953,0,40,46009,492,130,622,17394,4325,21719,18808,108,725116,6284,115.4000015258789,21719,725116,3.0999999046325684
2016,134,동강대학교,전문대학,사립,광주,B그룹,98262,8562,106824,143587,9962,153549,1,3,7192,0,4,11558,184,9,193,3633,590,4223,3852,0,153549,3350,45.79999923706055,4223,153549,2.799999952316284
2016,135,동국대학교,대학,사립,서울,A그룹,687340,166534,853874,1091486,235270,1326756,34,52,31434,0,86,111024,1296,515,1811,10594,10428,21022,19797,79335,1326756,17358,76.4000015258789,21022,1326756,1.600000023841858
2016,136,동국대학교 WISE캠퍼스,대학,사립,경북,B그룹,429502,41054,470556,738446,89407,827853,13,12,41950,0,25,77060,1217,106,1323,15307,1829,17136,15552,1563,827853,8669,95.5,17136,827853,2.0999999046325684
2016,137,동남보건대학교,전문대학,사립,경기,A그룹,67774,7416,75190,111095,9469,120564,0,4,7111,0,4,14230,47,0,47,3545,563,4108,2091,0,120564,4892,24.600000381469727,4108,120564,3.5
2016,138,동덕여자대학교,대학,사립,서울,B그룹,192272,86197,278469,443627,122084,565711,13,28,61283,0,41,152603,356,240,596,9535,1479,11014,6432,11728,565711,7397,76.5,11014,565711,2.0
2016,139,동명대학교,대학,사립,부산,B그룹,283516,33730,317246,388541,41181,429722,3,3,8127,0,6,17195,109,43,152,15294,2336,17630,14672,0,429722,8709,49.29999923706055,17630,429722,4.300000190734863
2016,140,동방문화대학원대학교,대학원대학,사립,서울,-,16974,2735,19709,19887,3249,23136,4,0,721,0,4,5703,11,0,11,873,1058,1931,1343,0,23136,223,103.6999969482422,1931,23136,9.100000381469728
2016,141,동부산대학교,전문대학,사립,부산,C그룹,105535,12538,118073,127700,13171,140871,0,1,3228,0,1,5163,229,0,229,3369,952,4321,3919,0,140871,2381,59.20000076293945,4321,140871,3.200000047683716
2016,142,동서대학교,대학,사립,부산,B그룹,218865,52303,271168,448936,88852,537788,10,6,24538,0,16,46366,381,88,469,28829,4465,33294,7900,0,537788,11432,47.0,33294,537788,6.599999904632568
2016,143,동서울대학교,전문대학,사립,경기,A그룹,91665,8963,100628,194284,10008,204292,2,2,10310,0,4,13541,106,0,106,7253,51,7304,4363,6711,204292,5715,35.70000076293945,7304,204292,3.700000047683716
2016,144,동신대학교,대학,사립,전남,B그룹,431722,80744,512466,561203,96632,657835,6,16,22709,0,22,45907,361,41,402,10326,5324,15650,14610,0,657835,7627,86.30000305175781,15650,657835,2.400000095367432
2016,145,동아대학교,대학,사립,부산,A그룹,722489,124346,846835,1126551,193888,1320439,30,25,35252,0,55,56883,503,235,738,13556,6994,20550,11426,0,1320439,21958,60.09999847412109,20550,1320439,1.600000023841858
2016,146,동아방송예술대학교,전문대학,사립,경기,B그룹,52303,8538,60841,69585,8795,78380,1,7,13416,0,8,16201,69,7,76,3952,7154,11106,9109,0,78380,3056,25.600000381469727,11106,78380,16.5
2016,147,동아보건대학교,전문대학,사립,전남,C그룹,31454,2210,33664,33104,2215,35319,2,0,324,0,2,5338,43,0,43,2001,527,2528,2364,0,35319,2006,17.600000381469727,2528,35319,7.699999809265137
2016,148,동양대학교,대학,사립,경북,C그룹,149345,45600,194945,254857,60781,315638,5,0,12408,0,5,17522,72,0,72,8265,676,8941,2995,0,315638,4585,68.80000305175781,8941,315638,2.900000095367432
2016,149,동양미래대학교,전문대학,사립,서울,A그룹,156056,16800,172856,235864,22012,257876,5,4,13297,0,9,21840,248,29,277,12391,304,12695,6299,0,257876,5950,43.29999923706055,12695,257876,5.199999809265137
2016,150,동우대학,전문대학,사립,강원,B그룹,0,0,0,0,0,0,0,0,0,0,0,0,0,0,0,0,0,0,0,0,0,0,0.0,0,0,0.0
2016,151,동원과학기술대학교,전문대학,사립,경남,B그룹,48846,1895,50741,72059,2175,74234,1,0,1571,0,1,5067,88,0,88,1979,587,2566,1335,4807,74234,2088,35.599998474121094,2566,74234,3.5999999046325684
2016,152,동원대학교,전문대학,사립,경기,B그룹,70251,1891,72142,108313,2267,110580,1,0,11159,0,1,13279,76,0,76,5432,421,5853,4606,0,110580,3841,28.799999237060547,5853,110580,5.599999904632568
2016,153,동의과학대학교,전문대학,사립,부산,B그룹,87948,6002,93950,154968,8063,163031,3,3,9485,0,6,19517,203,19,222,4586,294,4880,3681,0,163031,5465,29.799999237060547,4880,163031,3.0999999046325684
2016,154,동의대학교,대학,사립,부산,A그룹,404602,149293,553895,868417,271755,1140172,10,9,14298,0,19,27207,646,44,690,16896,3316,20212,11823,0,1140172,16555,68.9000015258789,20212,1140172,1.7999999523162842
2016,155,두원공과대학교,전문대학,사립,경기,B그룹,56104,8899,65003,106579,10381,116960,1,1,505,0,2,4595,188,53,241,1551,0,1551,736,0,116960,5982,19.600000381469727,1551,116960,1.2999999523162842
2016,156,디지털서울문화예술대학교,대학,사립,서울,C그룹,1837,0,1837,9149,0,9149,1,0,9149,0,1,10986,0,0,0,2206,0,2206,288,0,9149,3813,2.400000095367432,2206,9149,31.799999237060547
2016,157,루터대학교,대학,사립,경기,C그룹,19465,7862,27327,27256,10741,37997,2,4,1095,0,6,9331,40,21,61,1507,36,1543,1374,0,37997,449,84.5999984741211,1543,37997,4.199999809265137
2016,158,마산대학교,전문대학,사립,경남,A그룹,65777,1328,67105,126484,1328,127812,2,3,10769,0,5,17182,129,0,129,7731,10,7741,4052,0,127812,5875,21.799999237060547,7741,127812,6.400000095367432
2016,159,명신대학교,대학,사립,전남,C그룹,0,0,0,0,0,0,0,0,0,0,0,0,0,0,0,0,0,0,0,0,0,0,0.0,0,0,0.0
2016,160,명지대학교,대학,사립,서울,A그룹,541800,211006,752806,976270,284247,1260517,24,23,250702,0,47,304115,1431,159,1590,23143,5504,28647,25728,12374,1260517,16153,78.0,28647,1260517,2.299999952316284
2016,161,명지전문대학,전문대학,사립,서울,A그룹,97127,11122,108249,181751,14124,195875,3,3,24382,0,6,33001,1803,45,1848,7409,556,7965,4247,0,195875,6986,28.0,7965,195875,4.199999809265137
2016,162,목원대학교,대학,사립,대전,B그룹,190940,121234,312174,361385,184466,545851,16,8,33749,0,24,74403,729,112,841,12888,10662,23550,15773,0,545851,9185,59.400001525878906,23550,545851,4.5
2016,163,목포가톨릭대학교,대학,사립,전남,C그룹,30676,3441,34117,39953,3517,43470,2,3,7609,0,5,14716,27,5,32,1372,71,1443,1247,0,43470,570,76.30000305175781,1443,43470,3.400000095367432
2016,164,목포과학대학교,전문대학,사립,전남,B그룹,50136,4421,54557,64585,5638,70223,0,3,2752,0,3,2956,27,1,28,2137,0,2137,1126,0,70223,2504,28.0,2137,70223,3.0999999046325684
2016,165,문경대학교,전문대학,사립,경북,C그룹,30136,190,30326,39128,210,39338,2,0,1616,0,2,5320,107,1,108,1619,245,1864,564,0,39338,864,45.5,1864,39338,5.0
2016,166,배재대학교,대학,사립,대전,B그룹,176807,61260,238067,398625,110205,508830,8,12,19571,0,20,41185,404,152,556,34142,16908,51050,19702,38,508830,9896,51.400001525878906,51050,508830,11.199999809265137
2016,167,배화여자대학교,전문대학,사립,서울,B그룹,67054,5450,72504,137612,6956,144568,2,1,3577,0,3,9235,114,16,130,2861,96,2957,1449,0,144568,3130,46.20000076293945,2957,144568,2.0999999046325684
2016,168,백석대학교,대학,사립,충남,A그룹,305910,159011,464921,668246,192132,860378,5,10,205109,0,15,254844,274,116,390,22981,37029,60010,43791,0,860378,14788,58.20000076293945,60010,860378,7.5
2016,169,백석문화대학교,전문대학,사립,충남,A그룹,81008,14242,95250,159618,19489,179107,4,4,3239,0,8,22759,20,3,23,3877,4500,8377,4160,0,179107,5873,30.5,8377,179107,4.900000095367432
2016,170,백석예술대학,전문대학,사립,서울,A그룹,0,0,0,0,0,0,0,0,0,0,0,0,0,0,0,0,0,0,0,0,0,0,0.0,0,0,0.0
2016,171,백제예술대학교,전문대학,사립,전북,C그룹,27085,1295,28380,36856,2225,39081,0,0,0,0,0,0,109,0,109,1420,1210,2630,2630,0,39081,1754,22.299999237060547,2630,39081,7.199999809265137
2016,172,베뢰아국제대학원대학교,대학원대학,사립,서울,-,18960,143,19103,36261,168,36429,0,0,0,0,0,0,29,14,43,861,0,861,538,0,36429,87,418.7000122070313,861,36429,2.400000095367432
2016,173,벽성대학,전문대학,사립,전북,C그룹,0,0,0,0,0,0,0,0,0,0,0,0,0,0,0,0,0,0,0,0,0,0,0.0,0,0,0.0
2016,174,부산가톨릭대학교,대학,사립,부산,C그룹,162882,38278,201160,239761,47302,287063,7,14,13284,0,21,26629,611,100,711,4760,11946,16706,10638,0,287063,4209,68.19999694824219,16706,287063,6.199999809265137
2016,175,부산경상대학교,전문대학,사립,부산,B그룹,83751,2188,85939,92164,2322,94486,0,1,5559,0,1,5650,59,5,64,2108,303,2411,2208,0,94486,3087,30.600000381469727,2411,94486,2.5999999046325684
2016,176,부산과학기술대학교,전문대학,사립,부산,B그룹,97463,4701,102164,135729,5213,140942,1,1,0,0,2,2463,120,0,120,4553,528,5081,3343,0,140942,4357,32.29999923706055,5081,140942,3.700000047683716
2016,177,부산교육대학교,대학,국립,부산,C그룹,148654,16497,165151,263950,19368,283318,5,7,41373,0,12,64270,535,33,568,10475,976,11451,4574,0,283318,2546,111.3000030517578,11451,283318,4.199999809265137
2016,178,부산대학교,대학,국립,부산,A그룹,735356,352446,1087802,1577857,665326,2243183,37,42,154284,0,79,269926,1436,1312,2748,48100,21830,69930,42897,0,2243183,29618,75.69999694824219,69930,2243183,3.200000047683716
2016,179,부산디지털대학교,대학,사립,부산,C그룹,575,0,575,575,0,575,1,0,575,0,1,2496,0,0,0,0,0,0,0,0,575,2412,0.2000000029802322,0,575,0.0
2016,180,부산보건대학교,전문대학,사립,부산,B그룹,54630,9700,64330,73647,13966,87613,1,3,19295,0,4,31470,194,2,196,4528,910,5438,4624,0,87613,3472,25.200000762939453,5438,87613,6.599999904632568
2016,181,부산여자대학교,전문대학,사립,부산,C그룹,115044,1520,116564,142990,7128,150118,3,0,691,0,3,6406,112,8,120,4165,392,4557,4350,0,150118,3056,49.09999847412109,4557,150118,3.0999999046325684
2016,182,부산예술대학교,전문대학,사립,부산,C그룹,14125,836,14961,21578,836,22414,0,0,0,0,0,0,60,0,60,120,200,320,170,0,22414,862,26.0,320,22414,1.399999976158142
2016,183,부산외국어대학교,대학,사립,부산,B그룹,245115,159492,404607,477904,244698,722602,7,16,41111,0,23,95378,494,85,579,12091,5456,17547,11574,8057,722602,9538,75.80000305175781,17547,722602,2.5
2016,184,부산장신대학교,대학,사립,경남,C그룹,36911,4717,41628,56157,6107,62264,2,0,0,0,2,4767,100,13,113,1177,1134,2311,1685,0,62264,512,121.5999984741211,2311,62264,3.900000095367432
2016,185,부천대학교,전문대학,사립,경기,A그룹,118705,12882,131587,227086,13027,240113,3,2,14916,0,5,40815,165,19,184,4734,1186,5920,4926,1251,240113,7669,31.299999237060547,5920,240113,2.5
2016,186,삼육대학교,대학,사립,서울,B그룹,170049,49880,219929,286740,80785,367525,6,14,10888,0,20,36973,135,136,271,13443,751,14194,11553,58,367525,6006,61.20000076293945,14194,367525,4.0
2016,187,삼육보건대학교,전문대학,사립,서울,C그룹,37492,1817,39309,51372,2682,54054,1,2,1901,0,3,7394,180,9,189,2498,200,2698,2648,0,54054,1356,39.900001525878906,2698,54054,5.300000190734863
2016,188,상명대학교,대학,사립,서울,A그룹,507021,186928,693949,964330,304590,1268920,14,24,55356,0,38,537126,418,115,533,19049,11463,30512,24209,0,1268920,14952,84.9000015258789,30512,1268920,2.5
2016,189,상지대학교,대학,사립,강원,B그룹,221486,24770,246256,532455,46592,579047,9,4,5069,0,13,21023,329,92,421,3192,2484,5676,3272,0,579047,7620,76.0,5676,579047,1.0
2016,190,상지영서대학교,전문대학,사립,강원,B그룹,59498,4428,63926,116918,4868,121786,0,0,4120,0,0,4120,31,1,32,3161,315,3476,2170,0,121786,2854,42.70000076293945,3476,121786,2.900000095367432
2016,191,서강대학교,대학,사립,서울,A그룹,365253,416462,781715,643410,552294,1195704,35,29,51339,0,64,102932,439,232,671,29577,3899,33476,20034,13175,1195704,11174,107.0,33476,1195704,2.900000095367432
2016,192,서경대학교,대학,사립,서울,B그룹,203651,38721,242372,398424,55769,454193,4,1,17136,0,5,27043,531,121,652,18668,2236,20904,17120,66506,454193,7190,63.20000076293945,20904,454193,4.800000190734863
2016,193,서남대학교,대학,사립,전북,C그룹,108661,6314,114975,174546,18959,193505,0,0,0,0,0,0,26,0,26,80,181,261,203,0,193505,1758,110.0999984741211,261,193505,0.1000000014901161
2016,194,서라벌대학교,전문대학,사립,경북,C그룹,29407,4148,33555,102970,16522,119492,1,1,974,0,2,5048,80,0,80,730,215,945,479,0,119492,872,137.0,945,119492,0.800000011920929
2016,195,서영대학교,전문대학,사립,광주,A그룹,52022,3313,55335,73107,3986,77093,2,2,193,0,4,10446,113,0,113,1992,296,2288,1171,0,77093,5094,15.100000381469728,2288,77093,3.0999999046325684
2016,196,서울과학기술대학교,대학,국립,서울,A그룹,232166,95406,327572,577117,117927,695044,21,25,12059,0,46,25007,395,106,501,38031,1871,39902,28868,0,695044,12407,56.0,39902,695044,6.099999904632568
2016,197,서울과학종합대학원대학교,대학원대학,사립,서울,-,1654,243,1897,2337,322,2659,3,1,0,0,4,4615,1,0,1,2,56,58,57,0,2659,368,7.199999809265137,58,2659,2.200000047683716
2016,198,서울교육대학교,대학,국립,서울,C그룹,145087,22729,167816,256664,31434,288098,9,5,3515,0,14,16145,171,35,206,3188,936,4124,3723,0,288098,2996,96.1999969482422,4124,288098,1.5
2016,199,서울기독대학교,대학,사립,서울,C그룹,27444,11565,39009,37346,17501,54847,1,10,9974,0,11,192341,30,1,31,302,175,477,453,466,54847,761,72.0999984741211,477,54847,0.8999999761581421
2016,200,서울대학교,대학,국립,서울,A그룹,677510,1131562,1809072,2604757,2756008,5360765,82,73,836147,0,155,940231,789,2435,3224,48535,28067,76602,70675,144,5360765,28630,187.1999969482422,76602,5360765,1.399999976158142
2016,201,서울디지털대학교,대학,사립,서울,A그룹,10000,0,10000,28396,0,28396,0,0,0,0,0,0,0,0,0,0,40,40,40,0,28396,10833,2.5999999046325684,40,28396,0.1000000014901161
2016,202,서울미디어대학원대학교,대학원대학,사립,서울,-,618,92,710,3143,1176,4319,0,1,427,0,1,2412,0,0,0,0,0,0,0,0,4319,104,41.5,0,4319,0.0
2016,203,서울벤처대학원대학교,대학원대학,사립,서울,-,230,390,620,2084,1146,3230,0,0,0,0,0,0,0,0,0,1,0,1,1,0,3230,256,12.600000381469728,1,3230,0.0
2016,204,서울불교대학원대학교,대학원대학,사립,서울,-,14142,1970,16112,14142,1970,16112,1,1,0,0,2,1,13,2,15,372,60,432,354,0,16112,172,93.6999969482422,432,16112,2.799999952316284
2016,205,서울사이버대학교,대학,사립,서울,A그룹,1769,325,2094,6823,975,7798,0,3,2744,0,3,5575,0,0,0,0,0,0,0,0,7798,11143,0.699999988079071,0,7798,0.0
2016,206,서울사회복지대학원대학교,대학원대학,사립,서울,-,5396,0,5396,5549,0,5549,0,0,0,0,0,0,0,0,0,0,243,243,243,0,5549,95,58.400001525878906,243,5549,4.599999904632568
2016,207,서울상담심리대학원대학교,대학원대학,사립,서울,-,6276,359,6635,7932,471,8403,2,2,0,0,4,1354259,19,0,19,1503,574,2077,1883,0,8403,97,86.5999984741211,2077,8403,32.79999923706055
2016,208,서울성경신학대학원대학교,대학원대학,사립,서울,-,16727,1536,18263,19891,2109,22000,0,4,5991,0,4,8348,61,0,61,147,561,708,247,0,22000,86,255.8000030517578,708,22000,3.299999952316284
2016,209,서울시립대학교,대학,공립,서울,A그룹,379907,129124,509031,794315,274651,1068966,27,47,170059,0,74,209605,607,391,998,28140,2626,30766,21671,0,1068966,11793,90.5999984741211,30766,1068966,3.0
2016,210,서울신학대학교,대학,사립,경기,C그룹,111210,109139,220349,214522,132397,346919,4,10,63515,0,14,81075,91,102,193,3883,5080,8963,7294,0,346919,3170,109.4000015258789,8963,346919,2.700000047683716
2016,211,서울여자간호대학교,전문대학,사립,서울,C그룹,21164,1527,22691,29236,1807,31043,1,2,0,0,3,11131,43,6,49,929,1097,2026,1496,0,31043,966,32.099998474121094,2026,31043,7.0
2016,212,서울여자대학교,대학,사립,서울,B그룹,400077,130537,530614,569973,162654,732627,21,26,50375,0,47,114353,995,169,1164,23926,3915,27841,15878,74,732627,8058,90.9000015258789,27841,732627,4.0
2016,213,서울예술대학교,전문대학,사립,경기,B그룹,62027,9446,71473,77351,10320,87671,1,14,2955,0,15,18787,65,47,112,3435,295,3730,2507,0,87671,3136,28.0,3730,87671,4.400000095367432
2016,214,서울외국어대학원대학교,대학원대학,사립,서울,-,11,6,17,2479,568,3047,0,0,0,0,0,0,0,0,0,0,78,78,3,0,3047,155,19.700000762939453,78,3047,2.5999999046325684
2016,215,서울장신대학교,대학,사립,경기,C그룹,61229,7532,68761,81117,9176,90293,3,3,5006,0,6,2191711,226,4,230,1469,1255,2724,2607,0,90293,852,106.0,2724,90293,3.0999999046325684
2016,216,서울한영대학교,대학,사립,서울,C그룹,42295,32195,74490,69826,47519,117345,3,5,1800,0,8,5786,145,16,161,1924,1074,2998,2511,206,117345,1090,107.6999969482422,2998,117345,2.5999999046325684
2016,217,서원대학교,대학,사립,충북,B그룹,260494,70699,331193,538565,105194,643759,5,11,30049,0,16,55435,818,23,841,18930,2541,21471,14176,0,643759,7493,85.9000015258789,21471,643759,3.5
2016,218,서일대학교,전문대학,사립,서울,A그룹,95581,13651,109232,158718,15615,174333,3,6,8109,0,9,18380,174,25,199,5647,94,5741,4524,0,174333,6524,26.700000762939453,5741,174333,3.400000095367432
2016,219,서정대학교,전문대학,사립,경기,A그룹,29840,1482,31322,50288,4610,54898,0,0,16981,0,0,17042,36,5,41,5912,1660,7572,4339,0,54898,4488,12.199999809265137,7572,54898,16.0
2016,220,서해대학,전문대학,사립,전북,C그룹,43243,1030,44273,56122,1344,57466,0,0,1009,0,0,1009,69,0,69,1822,0,1822,1714,0,57466,1247,46.09999847412109,1822,57466,3.299999952316284
2016,221,선교청대학교,대학,사립,충남,C그룹,0,0,0,0,0,0,0,0,0,0,0,0,0,0,0,0,0,0,0,0,0,0,0.0,0,0,0.0
2016,222,선린대학교,전문대학,사립,경북,C그룹,41555,2528,44083,67860,3247,71107,3,1,6461,0,4,12664,57,2,59,3293,0,3293,2149,0,71107,2606,27.299999237060547,3293,71107,4.900000095367432
2016,223,선문대학교,대학,사립,충남,B그룹,262681,96903,359584,468103,122802,590905,10,12,5285,0,22,26394,880,121,1001,10416,7833,18249,14822,0,590905,10054,58.79999923706055,18249,590905,3.200000047683716
2016,224,선학유피대학원대학교,대학원대학,사립,경기,-,23723,7593,31316,34009,9049,43058,0,1,5000,0,1,5000,52,7,59,243,6,249,239,0,43058,75,574.0999755859375,249,43058,0.6000000238418579
2016,225,성결대학교,대학,사립,경기,B그룹,216044,73664,289708,391661,91697,483358,7,10,20348,0,17,623559,270,183,453,10478,857,11335,7521,0,483358,6054,79.80000305175781,11335,483358,2.400000095367432
2016,226,성공회대학교,대학,사립,서울,C그룹,115837,65532,181369,151971,85073,237044,11,13,22102,0,24,48499,121,103,224,3665,1308,4973,4222,1096,237044,2516,94.1999969482422,4973,237044,2.0999999046325684
2016,227,성균관대학교,대학,사립,서울,A그룹,677115,462203,1139318,1208080,709176,1917256,81,110,283093,0,191,360838,820,486,1306,32537,10267,42804,23005,23312,1917256,26654,71.9000015258789,42804,1917256,2.299999952316284
2016,228,성산효대학원대학교,대학원대학,사립,인천,-,16794,5469,22263,19186,5469,24655,1,0,0,0,1,1785,24,1,25,360,652,1012,843,0,24655,236,104.5,1012,24655,4.300000190734863
2016,229,성서침례대학원대학교,대학원대학,사립,경기,-,15520,5816,21336,15801,5860,21661,0,0,0,0,0,0,40,14,54,182,517,699,574,0,21661,49,442.1000061035156,699,21661,3.299999952316284
2016,230,성신여자대학교,대학,사립,서울,A그룹,329195,162948,492143,669219,206910,876129,22,46,316955,0,68,524060,439,253,692,35242,2387,37629,19911,0,876129,10445,83.9000015258789,37629,876129,4.5
2016,231,성운대학교,전문대학,사립,경북,C그룹,15982,85,16067,22758,85,22843,0,0,0,0,0,0,33,0,33,1996,20,2016,1130,0,22843,1364,16.700000762939453,2016,22843,9.699999809265137
2016,232,성화대학,전문대학,사립,전남,B그룹,0,0,0,0,0,0,0,0,0,0,0,0,0,0,0,0,0,0,0,0,0,0,0.0,0,0,0.0
2016,233,세경대학교,전문대학,사립,강원,C그룹,37836,1454,39290,39508,1454,40962,0,3,2713,0,3,2716,122,0,122,1099,315,1414,1414,0,40962,941,43.5,1414,40962,3.5999999046325684
2016,234,세계사이버대학,기타,기타,경기,-,16,0,16,397,0,397,0,0,397,0,0,397,0,0,0,0,0,0,0,0,397,0,0.0,0,397,0.0
2016,235,세명대학교,대학,사립,충북,B그룹,218565,69384,287949,483458,113950,597408,6,12,22868,0,18,91578,246,29,275,15510,1876,17386,15106,0,597408,8347,71.5999984741211,17386,597408,3.0
2016,236,세종대학교,대학,사립,서울,A그룹,364930,204484,569414,648396,318538,966934,25,24,37854,0,49,62539,250,112,362,3011,1846,4857,3634,0,966934,13968,69.19999694824219,4857,966934,0.5
2016,237,세한대학교,대학,사립,충남,C그룹,120954,43675,164629,216984,64741,281725,4,2,12014,0,6,19154,148,11,159,9585,658,10243,6368,0,281725,4261,66.0999984741211,10243,281725,3.799999952316284
2016,238,송곡대학교,전문대학,사립,강원,C그룹,12570,93,12663,14491,93,14584,2,0,664,0,2,6080,14,0,14,855,299,1154,1123,0,14584,751,19.399999618530277,1154,14584,8.600000381469727
2016,239,송원대학교,대학,사립,광주,C그룹,83491,8589,92080,178094,14741,192835,2,4,5225,0,6,9779,110,0,110,47611,36312,83923,25149,0,192835,2587,74.5,83923,192835,77.0999984741211
2016,240,송호대학교,전문대학,사립,강원,C그룹,24606,1674,26280,37302,2330,39632,0,2,1643,0,2,5531,55,0,55,2959,525,3484,2399,42,39632,1007,39.400001525878906,3484,39632,9.600000381469728
2016,241,수도국제대학원대학교,대학원대학,사립,서울,-,15846,2427,18273,19723,3865,23588,0,0,0,0,0,0,35,0,35,383,91,474,332,3,23588,303,77.80000305175781,474,23588,2.0999999046325684
2016,242,수성대학교,전문대학,사립,대구,B그룹,58571,2679,61250,98344,3601,101945,0,1,8806,0,1,13280,80,0,80,4804,180,4984,3288,0,101945,3715,27.399999618530277,4984,101945,5.099999904632568
2016,243,수원가톨릭대학교,대학,사립,경기,C그룹,52167,23468,75635,81494,36993,118487,4,3,5702,0,7,11196,160,136,296,1747,1808,3555,4,0,118487,197,601.5,3555,118487,3.0999999046325684
2016,244,수원과학대학교,전문대학,사립,경기,B그룹,98177,7951,106128,188960,10169,199129,1,2,15063,0,3,23843,146,3,149,6534,20,6554,5291,0,199129,6214,32.0,6554,199129,3.400000095367432
2016,245,수원대학교,대학,사립,경기,B그룹,259999,110364,370363,623320,225762,849082,9,8,21653,0,17,47582,317,21,338,23669,3968,27637,14363,0,849082,10917,77.80000305175781,27637,849082,3.400000095367432
2016,246,수원여자대학교,전문대학,사립,경기,B그룹,73760,5417,79177,139154,11075,150229,1,2,2291,0,3,8223,106,0,106,3185,0,3185,1582,0,150229,4466,33.599998474121094,3185,150229,2.200000047683716
2016,247,숙명여자대학교,대학,사립,서울,A그룹,359729,180801,540530,844447,268685,1113132,29,35,69808,0,64,123241,633,342,975,24840,5593,30433,19452,214,1113132,12820,86.80000305175781,30433,1113132,2.799999952316284
2016,248,순복음대학원대학교,대학원대학,사립,서울,-,16204,168,16372,27138,168,27306,0,0,0,0,0,0,10,0,10,0,1056,1056,968,0,27306,146,187.0,1056,27306,4.0
2016,249,순복음총회신학교,대학,사립,충북,C그룹,15053,0,15053,24375,0,24375,0,0,0,0,0,0,0,0,0,0,35,35,35,0,24375,345,70.69999694824219,35,24375,0.1000000014901161
2016,250,순천제일대학교,전문대학,사립,전남,B그룹,62468,1038,63506,95551,1154,96705,2,1,339,0,3,4415,45,0,45,512,0,512,351,0,96705,2576,37.5,512,96705,0.5
2016,251,순천향대학교,대학,사립,충남,A그룹,316761,126061,442822,527884,154703,682587,39,18,26491,0,57,79080,140,96,236,8127,3014,11141,10168,0,682587,11771,58.0,11141,682587,1.7000000476837158
2016,252,숭실대학교,대학,사립,서울,A그룹,351517,184320,535837,569934,209689,779623,22,27,197480,0,49,326428,1041,145,1186,32077,1264,33341,24450,230210,779623,15399,50.59999847412109,33341,779623,4.5
2016,253,숭실사이버대학교,대학,사립,서울,B그룹,2203,0,2203,2203,0,2203,0,0,2203,0,0,2203,0,0,0,0,0,0,0,0,2203,5239,0.4000000059604645,0,2203,0.0
2016,254,숭의여자대학교,전문대학,사립,서울,B그룹,91210,6054,97264,131083,6617,137700,2,0,4380,0,2,11322,57,13,70,3566,58,3624,2158,0,137700,3509,39.20000076293945,3624,137700,2.700000047683716
2016,255,신경주대학교,대학,사립,경북,C그룹,186707,38283,224990,319682,63139,382821,3,1,3415,0,4,10373,446,15,461,1876,2212,4088,3385,0,382821,2326,164.60000610351562,4088,382821,1.100000023841858
2016,256,신구대학교,전문대학,사립,경기,A그룹,98018,8295,106313,147432,9408,156840,2,0,9681,0,2,16393,94,47,141,4781,363,5144,3832,0,156840,6761,23.200000762939453,5144,156840,3.400000095367432
2016,257,신라대학교,대학,사립,부산,B그룹,231018,68618,299636,554031,114405,668436,10,20,4781,0,30,47615,458,105,563,11746,3266,15012,8277,0,668436,10544,63.400001525878906,15012,668436,2.299999952316284
2016,258,신성대학교,전문대학,사립,충남,B그룹,92568,13368,105936,140358,23845,164203,5,1,3188,0,6,10622,135,0,135,9482,746,10228,8839,0,164203,4025,40.79999923706055,10228,164203,6.599999904632568
2016,259,신안산대학교,전문대학,사립,경기,B그룹,64373,1912,66285,82689,2026,84715,0,0,425,0,0,425,101,4,105,7978,10,7988,4828,0,84715,4371,19.399999618530277,7988,84715,10.399999618530272
2016,260,신한대학교,대학,사립,경기,B그룹,188292,11820,200112,235016,12525,247541,3,7,6231,0,10,19166,381,10,391,11740,4825,16565,11621,0,247541,6047,40.900001525878906,16565,247541,7.199999809265137
2016,261,신흥대학교,전문대학,사립,경기,A그룹,0,0,0,0,0,0,0,0,0,0,0,0,0,0,0,0,0,0,0,0,0,0,0.0,0,0,0.0
2016,262,실천신학대학원대학교,대학원대학,사립,경기,-,5163,4346,9509,6985,5595,12580,0,0,0,0,0,0,11,1,12,96,10,106,106,0,12580,57,220.6999969482422,106,12580,0.800000011920929
2016,263,아신대학교,대학,사립,경기,C그룹,44482,30315,74797,76303,48719,125022,0,4,8730,0,4,13812,170,99,269,5067,1393,6460,4623,0,125022,1479,84.5,6460,125022,5.400000095367432
2016,264,아주대학교,대학,사립,경기,A그룹,324555,229358,553913,604529,429947,1034476,51,37,36897,0,88,83785,648,220,868,9913,6252,16165,14387,0,1034476,14042,73.69999694824219,16165,1034476,1.600000023841858
2016,265,아주자동차대학교,전문대학,사립,충남,C그룹,9723,91,9814,30430,242,30672,0,0,1821,0,0,1821,92,0,92,1849,0,1849,1469,0,30672,1004,30.5,1849,30672,6.400000095367432
2016,266,안동과학대학교,전문대학,사립,경북,B그룹,54405,2326,56731,114598,2367,116965,2,2,16224,0,4,22015,238,8,246,4998,324,5322,3447,0,116965,2813,41.59999847412109,5322,116965,4.800000190734863
2016,267,안산대학교,전문대학,사립,경기,A그룹,73022,31074,104096,133195,34580,167775,4,2,30766,0,6,37569,145,52,197,4086,691,4777,3160,0,167775,4557,36.79999923706055,4777,167775,2.900000095367432
2016,268,안양대학교,대학,사립,경기,B그룹,254211,25971,280182,363376,31504,394880,9,7,24460,0,16,199093,111,17,128,9633,23418,33051,24290,0,394880,5336,74.0,33051,394880,9.100000381469728
2016,269,에스라성경대학원대학교,대학원대학,사립,경기,-,3418,2073,5491,7137,2073,9210,0,0,0,0,0,0,7,0,7,29,0,29,9,0,9210,60,153.5,29,9210,0.3000000119209289
2016,270,여주대학교,전문대학,사립,경기,B그룹,101256,9329,110585,113488,9538,123026,2,0,6470,0,2,11886,82,6,88,7479,45,7524,7128,6691,123026,5585,22.0,7524,123026,6.5
2016,271,연성대학교,전문대학,사립,경기,A그룹,104092,7353,111445,126876,8280,135156,1,2,5063,0,3,13433,212,11,223,7137,677,7814,6312,0,135156,5943,22.700000762939453,7814,135156,6.099999904632568
2016,272,연세대학교,대학,사립,서울,A그룹,949894,632985,1582879,1713617,940593,2654210,64,115,421199,0,179,534905,1740,1033,2773,194487,18888,213375,174764,21299,2654210,31007,85.5999984741211,213375,2654210,8.699999809265137
2016,273,연세대학교(미래),대학,사립,강원,B그룹,335376,91517,426893,481604,163403,645007,30,19,155783,0,49,174783,511,104,615,12203,3687,15890,14293,31,645007,8145,79.19999694824219,15890,645007,2.5
2016,274,연암공과대학교,전문대학,사립,경남,C그룹,49316,4116,53432,59271,4984,64255,0,0,781,0,0,887,67,4,71,1680,151,1831,1390,3462,64255,1241,51.79999923706055,1831,64255,2.900000095367432
2016,275,연암대학교,전문대학,사립,충남,C그룹,35855,2209,38064,55691,2805,58496,1,0,1506,0,1,5002,30,1,31,1287,0,1287,1061,0,58496,1079,54.20000076293945,1287,58496,2.200000047683716
2016,276,영남대학교,대학,사립,경북,A그룹,489883,351802,841685,1180863,595035,1775898,48,45,32565,0,93,67891,1093,273,1366,18929,10529,29458,27333,98511,1775898,25124,70.69999694824219,29458,1775898,1.7000000476837158
2016,277,영남사이버대학교,대학,사립,경북,C그룹,0,0,0,0,0,0,0,0,0,0,0,0,0,0,0,0,0,0,0,0,0,0,0.0,0,0,0.0
2016,278,영남신학대학교,대학,사립,경북,C그룹,62495,40442,102937,89516,43119,132635,5,2,23617,0,7,30013,198,55,253,1206,282,1488,1048,0,132635,701,189.1999969482422,1488,132635,1.100000023841858
2016,279,영남외국어대학,전문대학,사립,경북,C그룹,24134,1025,25159,24809,1027,25836,1,1,2692,0,2,6767,46,0,46,8,117,125,91,0,25836,799,32.29999923706055,125,25836,0.5
2016,280,영남이공대학교,전문대학,사립,대구,A그룹,89537,5866,95403,185210,9142,194352,2,3,17129,0,5,39904,176,17,193,6374,444,6818,3975,0,194352,5980,32.5,6818,194352,3.5999999046325684
2016,281,영산대학교,대학,사립,경남,B그룹,231346,55280,286626,361996,67614,429610,3,11,6978,0,14,29485,447,20,467,8441,2695,11136,9467,0,429610,7293,58.900001525878906,11136,429610,2.700000047683716
2016,282,영산선학대학교,대학,사립,전남,C그룹,36993,733,37726,54571,1029,55600,0,0,0,0,0,0,53,0,53,468,785,1253,740,1324,55600,38,1463.199951171875,1253,55600,2.299999952316284
2016,283,영진전문대학교,전문대학,사립,대구,A그룹,144552,16009,160561,277960,31625,309585,4,11,20911,0,15,57866,648,0,648,7978,6,7984,4056,0,309585,7799,39.70000076293945,7984,309585,2.5999999046325684
2016,284,예명대학원대학교,대학원대학,사립,서울,-,8138,1104,9242,15338,1393,16731,0,0,0,0,0,0,0,0,0,0,590,590,295,0,16731,124,134.89999389648438,590,16731,3.700000047683716
2016,285,예수대학교,대학,사립,전북,C그룹,24465,3230,27695,32029,3966,35995,0,4,922,0,4,7846,68,20,88,1351,3617,4968,2399,1191,35995,575,62.59999847412109,4968,35995,16.0
2016,286,예원예술대학교,대학,사립,전북,C그룹,34369,55,34424,39192,83,39275,0,0,1045,0,0,1045,30,0,30,93,773,866,630,0,39275,1182,33.20000076293945,866,39275,2.299999952316284
2016,287,오산대학교,전문대학,사립,경기,A그룹,95268,6512,101780,130221,7146,137367,3,3,7296,0,6,13266,378,19,397,7139,741,7880,6979,1365,137367,4823,28.5,7880,137367,6.099999904632568
2016,288,온석대학원대학교,대학원대학,사립,경기,-,11000,150,11150,17931,261,18192,0,0,0,0,0,0,0,0,0,250,0,250,200,0,18192,244,74.5999984741211,250,18192,1.399999976158142
2016,289,용인대학교,대학,사립,경기,B그룹,159523,23400,182923,310368,38377,348745,21,5,21132,0,26,53276,272,8,280,3307,886,4193,2485,0,348745,7183,48.59999847412109,4193,348745,1.2000000476837158
2016,290,용인예술과학대학교,전문대학,사립,경기,B그룹,87374,5195,92569,147543,5778,153321,2,1,18316,0,3,26955,98,11,109,5715,94,5809,5222,0,153321,3980,38.5,5809,153321,3.900000095367432
2016,291,우석대학교,대학,사립,전북,B그룹,208169,78271,286440,553766,155392,709158,5,5,8614,0,10,30688,549,60,609,5536,1612,7148,4265,0,709158,8462,83.80000305175781,7148,709158,1.0
2016,292,우송공업대학,전문대학,사립,대전,B그룹,0,0,0,0,0,0,0,0,0,0,0,0,0,0,0,0,0,0,0,0,0,0,0.0,0,0,0.0
2016,293,우송대학교,대학,사립,대전,A그룹,96796,76972,173768,223303,90306,313609,3,6,67058,0,9,101534,176,9,185,60642,7305,67947,60247,2,313609,9836,31.899999618530277,67947,313609,27.700000762939453
2016,294,우송정보대학,전문대학,사립,대전,B그룹,52084,8984,61068,121285,13850,135135,0,0,1442,0,0,1442,99,8,107,5239,208,5447,3263,0,135135,4870,27.700000762939453,5447,135135,4.199999809265137
2016,295,울산과학기술원,대학,국립,울산,C그룹,82850,118317,201167,100085,121739,221824,33,22,362452,0,55,387006,68,28,96,9274,390,9664,9423,0,221824,4475,49.59999847412109,9664,221824,4.599999904632568
2016,296,울산과학대학교,전문대학,사립,울산,A그룹,119813,14185,133998,168579,15681,184260,1,2,3868,0,3,4083,125,12,137,5513,907,6420,4262,0,184260,4733,38.900001525878906,6420,184260,3.5999999046325684
2016,297,울산대학교,대학,사립,울산,A그룹,362420,211572,573992,611642,428437,1040079,59,54,36598,0,113,105041,326,42,368,9670,3006,12676,9180,208,1040079,14544,71.5,12676,1040079,1.2000000476837158
2016,298,웅지세무대학교,전문대학,사립,경기,C그룹,7902,2262,10164,7902,2262,10164,0,0,0,0,0,0,0,0,0,0,0,0,0,0,10164,1758,5.800000190734863,0,10164,0.0
2016,299,원광대학교,대학,사립,전북,A그룹,440360,196099,636459,1010191,422697,1432888,20,42,29094,0,62,64067,665,84,749,18388,4575,22963,12844,0,1432888,17286,82.9000015258789,22963,1432888,1.600000023841858
2016,300,원광보건대학교,전문대학,사립,전북,B그룹,64025,9458,73483,145606,14975,160581,2,5,6763,0,7,37888,276,11,287,2832,329,3161,1447,0,160581,4718,34.0,3161,160581,2.0
2016,301,원불교대학원대학교,대학원대학,사립,전북,-,11757,2246,14003,22996,2710,25706,0,0,0,0,0,0,18,0,18,7,44,51,51,0,25706,62,414.6000061035156,51,25706,0.2000000029802322
2016,302,웨스트민스터신학대학원대학교,대학원대학,사립,경기,-,23296,6888,30184,30559,8345,38904,0,2,0,0,2,2,273,9,282,260,0,260,220,0,38904,401,97.0,260,38904,0.699999988079071
2016,303,위덕대학교,대학,사립,경북,C그룹,96814,45024,141838,196821,63826,260647,3,3,12810,0,6,24284,153,39,192,6610,3860,10470,7219,0,260647,3485,74.80000305175781,10470,260647,4.199999809265137
2016,304,유원대학교,대학,사립,충북,C그룹,85879,7868,93747,167832,14606,182438,1,2,2467,0,3,8430,61,0,61,11130,311,11441,5099,0,182438,3792,48.09999847412109,11441,182438,6.699999809265137
2016,305,유한대학교,전문대학,사립,경기,A그룹,106730,20101,126831,182928,24128,207056,2,4,12440,0,6,19617,75,8,83,7478,660,8138,5269,202,207056,4892,42.29999923706055,8138,207056,4.099999904632568
2016,306,육군사관학교,기타,기타,서울,-,174771,81737,256508,233986,92396,326382,10,0,3197,0,10,20024,371,61,432,2608,4153,6761,5996,0,326382,0,0.0,6761,326382,2.0999999046325684
2016,307,을지대학교,대학,사립,대전,B그룹,82511,25548,108059,144864,26735,171599,5,5,1148,0,10,10447,141,26,167,3422,741,4163,2618,0,171599,5348,32.099998474121094,4163,171599,2.5
2016,308,이화여자대학교,대학,사립,서울,A그룹,566529,506822,1073351,974691,703745,1678436,35,107,120054,0,142,172910,825,1233,2058,33266,8339,41605,25477,15065,1678436,21552,77.9000015258789,41605,1678436,2.5
2016,309,인덕대학교,전문대학,사립,서울,A그룹,91883,32505,124388,170913,36654,207567,0,6,1183,0,6,5495,182,25,207,6856,320,7176,4849,0,207567,6314,32.900001525878906,7176,207567,3.5999999046325684
2016,310,인제대학교,대학,사립,경남,B그룹,359568,163668,523236,594626,238733,833359,22,14,47152,0,36,84654,554,28,582,6807,2987,9794,8001,27481,833359,11407,73.0999984741211,9794,833359,1.2000000476837158
2016,311,인제대학원대학교,대학원대학,사립,서울,-,0,0,0,0,0,0,0,0,0,0,0,0,0,0,0,0,0,0,0,0,0,0,0.0,0,0,0.0
2016,312,인천가톨릭대학교,대학,사립,인천,C그룹,52120,16902,69022,77568,25758,103326,4,6,8628,0,10,18638,153,124,277,2367,937,3304,2896,0,103326,879,117.5,3304,103326,3.299999952316284
2016,313,인천대학교,대학,국립,인천,A그룹,318462,59242,377704,979824,177726,1157550,23,24,61143,0,47,119574,848,63,911,32072,6651,38723,22688,0,1157550,13822,83.69999694824219,38723,1157550,3.5
2016,314,인천전문대학,전문대학,공립,인천,A그룹,0,0,0,0,0,0,0,0,0,0,0,0,0,0,0,0,0,0,0,0,0,0,0.0,0,0,0.0
2016,315,인하공업전문대학,전문대학,사립,인천,A그룹,49412,7091,56503,113652,8498,122150,1,1,7639,0,2,8493,72,7,79,5740,3373,9113,4897,0,122150,6616,18.5,9113,122150,8.100000381469727
2016,316,인하대학교,대학,사립,인천,A그룹,1,1,2,1207991,409089,1617080,50,41,50382,0,91,100753,767,455,1222,29395,9749,39144,4,131022,1617080,20613,78.4000015258789,39144,1617080,2.5
2016,317,장로회신학대학교,대학,사립,서울,C그룹,131676,86044,217720,223754,132258,356012,7,6,10936,0,13,351139,252,186,438,6438,3114,9552,5628,0,356012,2244,158.6999969482422,9552,356012,2.799999952316284
2016,318,장안대학교,전문대학,사립,경기,B그룹,74801,8230,83031,137156,9970,147126,2,0,5716,0,2,31770,165,20,185,6662,755,7417,6232,0,147126,6041,24.399999618530277,7417,147126,5.300000190734863
2016,319,재능대학교,전문대학,사립,인천,B그룹,43062,424,43486,84227,851,85078,2,0,1592,0,2,6981,70,0,70,7062,530,7592,3681,0,85078,3789,22.5,7592,85078,9.800000190734863
2016,320,전남과학대학교,전문대학,사립,전남,B그룹,61798,953,62751,81088,1041,82129,2,1,5548,0,3,11456,119,5,124,8799,415,9214,6138,0,82129,3985,20.600000381469727,9214,82129,12.600000381469728
2016,321,전남대학교,대학,국립,광주,A그룹,486059,327282,813341,1259115,469795,1728910,37,32,41184,0,69,97700,1215,362,1577,32266,21787,54053,32360,148,1728910,24944,69.30000305175781,54053,1728910,3.200000047683716
2016,322,전남도립대학교,전문대학,공립,전남,C그룹,55942,1055,56997,78966,1209,80175,1,1,1803,0,2,7462,169,0,169,1814,693,2507,2086,0,80175,1513,53.0,2507,80175,3.200000047683716
2016,323,전북과학대학교,전문대학,사립,전북,C그룹,34734,1317,36051,45595,3952,49547,1,5,3757,0,6,14393,106,2,108,2128,645,2773,2656,0,49547,1647,30.100000381469727,2773,49547,5.900000095367432
2016,324,전북대학교,대학,국립,전북,A그룹,519885,262951,782836,1320400,361095,1681495,34,34,61266,0,68,109460,1096,780,1876,33066,16098,49164,24073,0,1681495,22932,73.30000305175781,49164,1681495,3.0
2016,325,전주교육대학교,대학,국립,전북,C그룹,115047,11081,126128,258828,15004,273832,2,6,2507,0,8,4966,266,46,312,4372,2402,6774,2990,0,273832,1468,186.5,6774,273832,2.5
2016,326,전주기전대학,전문대학,사립,전북,C그룹,41593,1548,43141,80375,2338,82713,0,0,4395,0,0,4395,63,0,63,220,0,220,117,0,82713,1903,43.5,220,82713,0.3000000119209289
2016,327,전주대학교,대학,사립,전북,A그룹,272195,73217,345412,501277,97213,598490,7,4,7878,0,11,22857,394,21,415,12854,4026,16880,10903,0,598490,12460,48.0,16880,598490,2.900000095367432
2016,328,전주비전대학교,전문대학,사립,전북,B그룹,66449,6825,73274,117525,8079,125604,0,1,3862,0,1,4479,147,1,148,3650,1399,5049,3132,0,125604,3494,35.900001525878906,5049,125604,4.199999809265137
2016,329,제네바신학대학원대학교,대학원대학,사립,경기,-,20000,4500,24500,37200,5000,42200,0,0,0,0,0,0,30,30,60,250,0,250,250,0,42200,0,0.0,250,42200,0.6000000238418579
2016,330,제주관광대학교,전문대학,사립,제주,C그룹,40557,1189,41746,58146,1477,59623,1,2,6825,0,3,16334,137,10,147,3545,224,3769,2829,0,59623,2300,25.899999618530277,3769,59623,6.699999809265137
2016,331,제주국제대학교,대학,사립,제주,C그룹,49689,6926,56615,68849,8280,77129,6,1,1824,0,7,9150,138,0,138,2058,0,2058,1539,0,77129,1764,43.70000076293945,2058,77129,2.700000047683716
2016,332,제주대학교,대학,국립,제주,A그룹,476473,166712,643185,968690,283996,1252686,13,19,35071,0,32,70414,778,300,1078,15738,9499,25237,13966,0,1252686,12421,100.9000015258789,25237,1252686,2.0999999046325684
2016,333,제주한라대학교,전문대학,사립,제주,A그룹,74843,9661,84504,112169,11281,123450,2,42,10311,0,44,167484,194,0,194,1827,6828,8655,7637,0,123450,4951,24.899999618530277,8655,123450,7.5
2016,334,조선간호대학교,전문대학,사립,광주,C그룹,16925,622,17547,18653,622,19275,1,0,226,0,1,3722,7,0,7,1158,0,1158,469,0,19275,806,23.899999618530277,1158,19275,6.400000095367432
2016,335,조선대학교,대학,사립,광주,A그룹,384037,171014,555051,817407,371056,1188463,25,14,202340,0,39,236558,810,320,1130,17668,6156,23824,13794,52602,1188463,22282,53.29999923706055,23824,1188463,2.0
2016,336,조선이공대학교,전문대학,사립,광주,B그룹,65521,15673,81194,77760,19989,97749,0,0,14119,0,0,14119,18,0,18,4369,99,4468,3357,0,97749,3511,27.799999237060547,4468,97749,4.800000190734863
2016,337,주안대학원대학교,대학원대학,사립,인천,-,9062,3760,12822,13027,4031,17058,0,0,0,0,0,0,12,2,14,500,42,542,402,262,17058,60,284.29998779296875,542,17058,3.299999952316284
2016,338,중부대학교,대학,사립,충남,B그룹,170253,39280,209533,366126,51611,417737,7,15,50114,0,22,88868,435,44,479,71514,7766,79280,14502,0,417737,9717,43.0,79280,417737,23.399999618530277
2016,339,중앙대학교,대학,사립,서울,A그룹,466482,317405,783887,1413938,542336,1956274,36,65,219302,0,101,363783,797,241,1038,54655,4933,59588,50665,7455,1956274,28873,67.80000305175781,59588,1956274,3.0999999046325684
2016,340,중앙승가대학교,대학,사립,경기,C그룹,62974,759,63733,84042,802,84844,1,2,238,0,3,3777,1115,52,1167,2635,3904,6539,6321,0,84844,273,310.79998779296875,6539,84844,8.399999618530273
2016,341,중원대학교,대학,사립,충북,C그룹,42145,9780,51925,53897,10536,64433,5,2,3557,0,7,43102,55,3,58,5005,449,5454,5437,0,64433,3610,17.799999237060547,5454,64433,9.199999809265137
2016,342,진주교육대학교,대학,국립,경남,C그룹,139254,16002,155256,271631,16132,287763,4,2,5707,0,6,18346,69,12,81,9110,1568,10678,3595,0,287763,1769,162.6999969482422,10678,287763,3.900000095367432
2016,343,진주보건대학교,전문대학,사립,경남,B그룹,56368,1930,58298,78034,2329,80363,1,3,0,0,4,9308,270,0,270,3167,1201,4368,3391,0,80363,2877,27.899999618530277,4368,80363,5.699999809265137
2016,344,차의과학대학교,대학,사립,경기,C그룹,38515,16815,55330,38515,16815,55330,5,7,4870,0,12,12227,128,9,137,1956,1363,3319,2540,0,55330,2695,20.5,3319,55330,6.400000095367432
2016,345,창신대학교,대학,사립,경남,C그룹,68260,4029,72289,104761,5600,110361,1,2,1817,0,3,3925,108,0,108,4334,898,5232,3288,0,110361,1583,69.69999694824219,5232,110361,5.0
2016,346,창원문성대학교,전문대학,사립,경남,C그룹,85040,2655,87695,175110,5657,180767,1,1,4949,0,2,7449,101,0,101,3857,0,3857,2334,0,180767,3617,50.0,3857,180767,2.200000047683716
2016,347,청강문화산업대학교,전문대학,사립,경기,B그룹,87605,15014,102619,157997,15821,173818,1,2,8293,0,3,10217,94,62,156,7517,134,7651,6032,0,173818,3709,46.900001525878906,7651,173818,4.599999904632568
2016,348,청암대학교,전문대학,사립,전남,B그룹,55348,7249,62597,69366,12009,81375,5,1,0,0,6,8951,53,3,56,1760,0,1760,866,0,81375,2834,28.700000762939453,1760,81375,2.200000047683716
2016,349,청운대학교,대학,사립,충남,B그룹,236815,52310,289125,510913,61509,572422,6,8,70999,0,14,82836,349,65,414,14196,2209,16405,10924,0,572422,6957,82.30000305175781,16405,572422,3.0
2016,350,청주교육대학교,대학,국립,충북,C그룹,132726,14652,147378,238381,23157,261538,0,5,1917,0,5,13971,143,30,173,5619,677,6296,2858,0,261538,1703,153.60000610351562,6296,261538,2.5
2016,351,청주대학교,대학,사립,충북,A그룹,401249,156739,557988,883657,254703,1138360,21,22,41470,0,43,72399,449,215,664,25049,2244,27293,15107,9465,1138360,12559,90.5999984741211,27293,1138360,2.5
2016,352,초당대학교,대학,사립,전남,C그룹,158813,28269,187082,261796,33571,295367,6,2,18298,0,8,26559,197,14,211,6410,1648,8058,6296,0,295367,3412,86.5999984741211,8058,295367,2.799999952316284
2016,353,총신대학교,대학,사립,서울,C그룹,102957,225400,328357,244901,281559,526460,6,10,121367,0,16,185814,326,161,487,70174,4462,74636,62381,0,526460,4119,127.8000030517578,74636,526460,16.5
2016,354,추계예술대학교,대학,사립,서울,C그룹,89101,7497,96598,105867,8551,114418,3,3,3383,0,6,186843,127,38,165,3674,153,3827,3637,5537,114418,1390,82.30000305175781,3827,114418,3.5
2016,355,춘천교육대학교,대학,국립,강원,C그룹,185306,5618,190924,297633,7165,304798,3,0,7952,0,3,12452,115,0,115,14260,1369,15629,10991,0,304798,1837,165.89999389648438,15629,304798,5.400000095367432
2016,356,춘해보건대학교,전문대학,사립,울산,B그룹,56167,1697,57864,66551,2144,68695,1,3,12156,0,4,16606,87,1,88,3746,381,4127,3868,0,68695,2635,26.100000381469727,4127,68695,6.400000095367432
2016,357,충남대학교,대학,국립,대전,A그룹,537417,257286,794703,1199240,459623,1658863,22,36,24226,0,58,51945,665,856,1521,15840,7653,23493,15479,89,1658863,24200,68.5,23493,1658863,1.399999976158142
2016,358,충남도립대학교,전문대학,공립,충남,C그룹,38380,2076,40456,59325,2553,61878,1,0,0,0,1,3049,105,0,105,978,1288,2266,1558,0,61878,1104,56.0,2266,61878,3.799999952316284
2016,359,충북대학교,대학,국립,충북,A그룹,412121,150104,562225,907767,242901,1150668,33,35,53439,0,68,96926,756,238,994,22653,10048,32701,22721,27,1150668,17884,64.30000305175781,32701,1150668,2.900000095367432
2016,360,충북도립대학교,전문대학,공립,충북,C그룹,36098,1282,37380,57868,1666,59534,0,0,2175,0,0,2175,75,0,75,1970,45,2015,900,0,59534,963,61.79999923706055,2015,59534,3.5
2016,361,충북보건과학대학교,전문대학,사립,충북,B그룹,71633,4436,76069,109695,5638,115333,0,2,4330,0,2,8248,168,0,168,3152,404,3556,2449,0,115333,2775,41.59999847412109,3556,115333,3.200000047683716
2016,362,충청대학교,전문대학,사립,충북,B그룹,83851,11278,95129,136042,13791,149833,5,4,3822,0,9,18199,207,4,211,3653,10009,13662,3433,0,149833,4837,31.0,13662,149833,10.0
2016,363,치유상담대학원대학교,대학원대학,사립,서울,-,8985,2856,11841,12250,3076,15326,0,1,0,0,1,0,5,5,10,150,810,960,655,0,15326,191,80.19999694824219,960,15326,6.699999809265137
2016,364,칼빈대학교,대학,사립,경기,C그룹,38007,19759,57766,72535,25836,98371,0,3,6439,0,3,9917,151,26,177,720,714,1434,1102,3038,98371,715,137.60000610351562,1434,98371,1.5
2016,365,탐라대학교,대학,사립,제주,C그룹,0,0,0,0,0,0,0,0,0,0,0,0,0,0,0,0,0,0,0,0,0,0,0.0,0,0,0.0
2016,366,평택대학교,대학,사립,경기,C그룹,190453,76569,267022,288889,88816,377705,6,7,10619,0,13,28031,122,113,235,8359,2497,10856,7633,0,377705,4645,81.30000305175781,10856,377705,3.0
2016,367,포항공과대학교,대학,사립,경북,C그룹,91768,179800,271568,124642,198912,323554,28,11,221767,0,39,230083,120,115,235,4882,1604,6486,3775,173,323554,3238,99.9000015258789,6486,323554,2.0
2016,368,포항대학교,전문대학,사립,경북,C그룹,47784,2981,50765,87280,3544,90824,0,1,585,0,1,1164,75,0,75,2134,0,2134,1394,0,90824,2224,40.79999923706055,2134,90824,2.400000095367432
2016,369,한경국립대학교,대학,국립,경기,B그룹,218569,43743,262312,438242,60001,498243,8,8,11785,0,16,25173,234,65,299,11917,2404,14321,6444,0,498243,7102,70.19999694824219,14321,498243,3.0
2016,370,한국개발연구원국제정책대학원대학교,대학원대학,사립,세종,-,58672,67436,126108,72976,97329,170305,17,26,304368,0,43,336416,1,17,18,4493,216,4709,4230,0,170305,754,225.8999938964844,4709,170305,2.799999952316284
2016,371,한국골프과학기술대학교,전문대학,사립,강원,C그룹,7930,35,7965,9694,39,9733,0,0,131,0,0,131,36,0,36,2092,1501,3593,3294,0,9733,453,21.5,3593,9733,58.5
2016,372,한국공학대학교,대학,사립,경기,B그룹,83920,9015,92935,146282,11889,158171,12,5,12719,0,17,25956,283,43,326,4477,3890,8367,6363,0,158171,8108,19.5,8367,158171,5.599999904632568
2016,373,한국과학기술원,대학,국립,대전,A그룹,222105,279727,501832,302214,332542,634756,68,65,167552,0,133,221717,238,116,354,24903,5254,30157,27945,728,634756,10633,59.70000076293945,30157,634756,5.0
2016,374,한국관광대학교,전문대학,사립,경기,C그룹,39153,1099,40252,69208,1486,70694,1,2,4924,0,3,8795,119,1,120,5076,905,5981,3183,0,70694,2025,34.900001525878906,5981,70694,9.199999809265137
2016,375,한국교원대학교,대학,국립,충북,B그룹,229216,70036,299252,488349,107463,595812,18,15,26358,0,33,45537,367,79,446,10603,4798,15401,10002,0,595812,5709,104.4000015258789,15401,595812,2.700000047683716
2016,376,한국국제대학교,대학,사립,경남,C그룹,77995,6437,84432,119751,9188,128939,2,4,7830,0,6,19688,141,0,141,4018,2362,6380,5028,0,128939,3682,35.0,6380,128939,5.199999809265137
2016,377,한국기술교육대학교,대학,사립,충남,C그룹,132852,31444,164296,289173,40504,329677,9,13,14948,0,22,50653,217,122,339,15301,4015,19316,10265,0,329677,4871,67.69999694824219,19316,329677,6.199999809265137
2016,378,한국농수산대학교,전문대학,국립,전북,C그룹,48010,3434,51444,62133,3756,65889,1,3,12370,0,4,25681,224,32,256,1415,207,1622,1555,0,65889,1180,55.79999923706055,1622,65889,2.5
2016,379,한국방송통신대학교,대학,국립,서울,A그룹,164677,53920,218597,1216866,108992,1325858,14,11,42278,0,25,137503,113,52,165,15933,6933,22866,19963,46955,1325858,125385,10.600000381469728,22866,1325858,1.7999999523162842
2016,380,한국복지사이버대학교,전문대학,사립,경북,B그룹,872,0,872,1512,0,1512,0,0,872,0,0,872,0,0,0,179,0,179,147,0,1512,1675,0.8999999761581421,179,1512,13.399999618530272
2016,381,한국상담대학원대학교,대학원대학,사립,서울,-,11218,883,12101,11218,883,12101,0,4,0,0,4,5126,0,0,0,445,919,1364,1306,0,12101,199,60.79999923706055,1364,12101,12.699999809265137
2016,382,한국성서대학교,대학,사립,서울,C그룹,78924,18932,97856,128410,25326,153736,0,7,33449,0,7,48580,251,22,273,1953,2690,4643,2741,30,153736,1222,125.8000030517578,4643,153736,3.0999999046325684
2016,383,한국승강기대학교,전문대학,사립,경남,C그룹,17501,28,17529,20546,34,20580,0,0,628,0,0,628,3,2,5,961,0,961,830,0,20580,592,34.79999923706055,961,20580,4.900000095367432
2016,384,한국에너지공과대학교,대학,국립,전남,C그룹,0,0,0,0,0,0,0,0,0,0,0,0,0,0,0,0,0,0,0,0,0,0,0.0,0,0,0.0
2016,385,한국열린사이버대학교,대학,사립,서울,B그룹,1963,0,1963,1963,0,1963,0,0,1963,0,0,1963,0,0,0,0,0,0,0,0,1963,4003,0.5,0,1963,0.0
2016,386,한국영상대학교,전문대학,사립,세종,B그룹,49790,1491,51281,95689,2270,97959,0,1,4538,0,1,4662,84,4,88,2317,850,3167,1486,0,97959,3445,28.399999618530277,3167,97959,3.299999952316284
2016,387,한국예술종합학교,대학,국립,서울,C그룹,83927,47468,131395,168008,60156,228164,9,18,19241,0,27,29872,188,240,428,9063,1812,10875,9024,0,228164,2583,88.30000305175781,10875,228164,5.0
2016,388,한국외국어대학교,대학,사립,서울,A그룹,486377,327808,814185,1202726,532405,1735131,25,44,110852,0,69,165760,1816,742,2558,44974,9789,54763,33026,241,1735131,19131,90.6999969482422,54763,1735131,3.299999952316284
2016,389,한국전력국제원자력대학원대학교,대학원대학,사립,울산,-,2206,3915,6121,2604,3915,6519,1,0,0,0,1,2300,11,8,19,1199,0,1199,1199,0,6519,105,62.09999847412109,1199,6519,22.5
2016,390,한국전통문화대학교,대학,국립,충남,C그룹,75559,16530,92089,169926,26084,196010,6,8,5103,0,14,21182,115,49,164,6618,9329,15947,9181,0,196010,676,290.0,15947,196010,8.899999618530273
2016,391,한국정보통신대학교,대학,사립,대전,C그룹,0,0,0,0,0,0,0,0,0,0,0,0,0,0,0,0,0,0,0,0,0,0,0.0,0,0,0.0
2016,392,한국철도대학,전문대학,국립,경기,C그룹,0,0,0,0,0,0,0,0,0,0,0,0,0,0,0,0,0,0,0,0,0,0,0.0,0,0,0.0
2016,393,한국체육대학교,대학,국립,서울,C그룹,74126,14187,88313,119354,19054,138408,0,3,12608,0,3,16225,162,32,194,3611,1087,4698,3354,0,138408,3047,45.400001525878906,4698,138408,3.5
2016,394,한국침례신학대학교,대학,사립,대전,C그룹,97440,38565,136005,172650,52260,224910,5,3,10462,0,8,14340,133,88,221,5311,2728,8039,6924,0,224910,2406,93.5,8039,224910,3.700000047683716
2016,395,한국폴리텍Ⅰ대학서울강서캠퍼스,전문대학,사립,서울,C그룹,3932,0,3932,3935,0,3935,0,0,0,0,0,0,5,0,5,25,0,25,22,0,3935,608,6.5,25,3935,0.6000000238418579
2016,396,한국폴리텍Ⅰ대학서울정수캠퍼스,전문대학,사립,서울,C그룹,10,3,13,8002,11,8013,0,0,0,0,0,0,16,0,16,798,0,798,10,0,8013,1484,5.400000095367432,798,8013,11.100000381469728
2016,397,한국폴리텍Ⅰ대학성남캠퍼스,전문대학,사립,경기,C그룹,7121,0,7121,8426,0,8426,0,0,0,0,0,0,0,0,0,898,0,898,898,0,8426,1027,8.199999809265137,898,8426,11.899999618530272
2016,398,한국폴리텍Ⅰ대학제주캠퍼스,전문대학,사립,제주,C그룹,0,0,0,0,0,0,0,0,0,0,0,0,0,0,0,0,0,0,0,0,0,0,0.0,0,0,0.0
2016,399,한국폴리텍Ⅱ대학남인천캠퍼스,전문대학,사립,인천,C그룹,0,0,0,0,0,0,0,0,0,0,0,0,0,0,0,0,0,0,0,0,0,0,0.0,0,0,0.0
2016,400,한국폴리텍Ⅱ대학인천캠퍼스,전문대학,사립,인천,C그룹,10846,0,10846,10846,0,10846,0,0,0,0,0,0,0,0,0,0,0,0,0,0,10846,2360,4.599999904632568,0,10846,0.0
2016,401,한국폴리텍Ⅱ대학화성캠퍼스,전문대학,사립,경기,C그룹,0,0,0,0,0,0,0,0,0,0,0,0,0,0,0,0,0,0,0,0,0,0,0.0,0,0,0.0
2016,402,한국폴리텍Ⅲ대학강릉캠퍼스,전문대학,사립,강원,C그룹,2477,0,2477,2638,0,2638,0,0,0,0,0,0,13,0,13,645,39,684,649,0,2638,97,27.200000762939453,684,2638,35.0
2016,403,한국폴리텍Ⅲ대학원주캠퍼스,전문대학,사립,강원,C그룹,0,0,0,0,0,0,0,0,0,0,0,0,0,0,0,0,0,0,0,0,0,0,0.0,0,0,0.0
2016,404,한국폴리텍Ⅲ대학춘천캠퍼스,전문대학,사립,강원,C그룹,6227,0,6227,7446,0,7446,0,0,0,0,0,0,0,0,0,314,0,314,314,1,7446,386,19.299999237060547,314,7446,4.400000095367432
2016,405,한국폴리텍Ⅳ대학대전캠퍼스,전문대학,사립,대전,C그룹,5053,0,5053,5053,0,5053,0,0,0,0,0,0,0,0,0,756,0,756,656,0,5053,1076,4.699999809265137,756,5053,17.600000381469727
2016,406,한국폴리텍Ⅳ대학아산캠퍼스,전문대학,사립,충남,C그룹,5488,0,5488,6966,0,6966,0,0,0,0,0,0,0,0,0,690,0,690,390,0,6966,553,12.600000381469728,690,6966,11.0
2016,407,한국폴리텍Ⅳ대학청주캠퍼스,전문대학,사립,충북,C그룹,3802,7,3809,4511,7,4518,0,0,0,0,0,0,5,0,5,658,0,658,579,0,4518,803,5.599999904632568,658,4518,17.0
2016,408,한국폴리텍Ⅳ대학충남캠퍼스,전문대학,사립,충남,C그룹,1,0,1,4708,0,4708,0,0,0,0,0,0,13,0,13,311,0,311,311,0,4708,272,17.299999237060547,311,4708,7.099999904632568
2016,409,한국폴리텍Ⅴ대학광주캠퍼스,전문대학,사립,광주,C그룹,10,0,10,10458,0,10458,0,0,0,0,0,0,0,0,0,744,0,744,10,0,10458,808,12.899999618530272,744,10458,7.699999809265137
2016,410,한국폴리텍Ⅴ대학순천캠퍼스,전문대학,사립,전남,C그룹,0,0,0,0,0,0,0,0,0,0,0,0,0,0,0,0,0,0,0,0,0,0,0.0,0,0,0.0
2016,411,한국폴리텍Ⅴ대학익산캠퍼스,전문대학,사립,전북,C그룹,3117,0,3117,3117,0,3117,0,0,0,0,0,0,0,0,0,309,0,309,309,0,3117,100,31.200000762939453,309,3117,11.0
2016,412,한국폴리텍Ⅴ대학전남캠퍼스,전문대학,사립,전남,C그룹,12,12,24,7723,2372,10095,0,0,0,0,0,0,0,0,0,229,0,229,7,0,10095,289,34.900001525878906,229,10095,2.299999952316284
2016,413,한국폴리텍Ⅴ대학전북캠퍼스,전문대학,사립,전북,C그룹,10,0,10,4845,0,4845,0,0,0,0,0,0,0,0,0,424,0,424,10,0,4845,547,8.899999618530273,424,4845,9.600000381469728
2016,414,한국폴리텍Ⅵ대학구미캠퍼스,전문대학,사립,경북,C그룹,2500,0,2500,8201,0,8201,0,0,0,0,0,0,0,0,0,308,0,308,120,0,8201,607,13.5,308,8201,3.900000095367432
2016,415,한국폴리텍Ⅵ대학대구캠퍼스,전문대학,사립,대구,C그룹,8174,0,8174,9164,0,9164,0,0,0,0,0,0,27,0,27,1193,56,1249,1221,0,9164,1069,8.600000381469727,1249,9164,15.800000190734863
2016,416,한국폴리텍Ⅵ대학영남융합기술캠퍼스,전문대학,사립,대구,C그룹,4390,0,4390,6577,0,6577,0,0,0,0,0,0,0,0,0,339,0,339,1,0,6577,379,17.399999618530273,339,6577,5.400000095367432
2016,417,한국폴리텍Ⅵ대학영주캠퍼스,전문대학,사립,경북,C그룹,1386,0,1386,1658,0,1658,0,0,205,0,0,205,0,0,0,214,0,214,214,0,1658,44,37.70000076293945,214,1658,14.800000190734863
2016,418,한국폴리텍Ⅶ대학동부산캠퍼스,전문대학,사립,부산,C그룹,0,0,0,0,0,0,0,0,0,0,0,0,0,0,0,0,0,0,0,0,0,0,0.0,0,0,0.0
2016,419,한국폴리텍Ⅶ대학부산캠퍼스,전문대학,사립,부산,C그룹,8861,0,8861,11014,0,11014,0,0,0,0,0,0,0,0,0,748,0,748,376,0,11014,1042,10.600000381469728,748,11014,7.300000190734863
2016,420,한국폴리텍Ⅶ대학울산캠퍼스,전문대학,사립,울산,C그룹,5646,0,5646,7542,0,7542,0,0,349,0,0,349,0,0,0,868,0,868,783,0,7542,881,8.600000381469727,868,7542,13.0
2016,421,한국폴리텍Ⅶ대학진주캠퍼스,전문대학,사립,경남,C그룹,0,0,0,0,0,0,0,0,0,0,0,0,0,0,0,0,0,0,0,0,0,0,0.0,0,0,0.0
2016,422,한국폴리텍Ⅶ대학창원캠퍼스,전문대학,사립,경남,C그룹,1500,1,1501,16264,1,16265,2,2,0,0,4,4,26,0,26,2501,0,2501,2401,7916,16265,1477,11.0,2501,16265,18.200000762939453
2016,423,한국폴리텍특성화 로봇캠퍼스,전문대학,사립,경북,C그룹,0,0,0,0,0,0,0,0,0,0,0,0,0,0,0,0,0,0,0,0,0,0,0.0,0,0,0.0
2016,424,한국폴리텍특성화 바이오캠퍼스,전문대학,사립,충남,C그룹,2947,0,2947,3364,0,3364,0,0,0,0,0,0,3,0,3,387,0,387,360,0,3364,377,8.899999618530273,387,3364,13.0
2016,425,한국폴리텍특성화 반도체융합캠퍼스,전문대학,사립,경기,C그룹,8610,0,8610,10115,0,10115,0,0,0,0,0,0,0,0,0,670,0,670,610,0,10115,545,18.600000381469727,670,10115,7.099999904632568
2016,426,한국폴리텍특성화 항공캠퍼스,전문대학,사립,경남,C그룹,10,2,12,4290,200,4490,0,0,0,0,0,0,0,0,0,200,0,200,200,0,4490,566,7.900000095367432,200,4490,4.699999809265137
2016,427,한국학대학원,대학원대학,국립,경기,-,0,0,0,0,0,0,0,0,0,0,0,0,0,0,0,0,0,0,0,0,0,0,0.0,0,0,0.0
2016,428,한국항공대학교,대학,사립,경기,C그룹,104674,46893,151567,169623,60317,229940,10,10,5567,0,20,19622,113,37,150,3041,429,3470,2375,0,229940,4616,49.79999923706055,3470,229940,1.5
2016,429,한남대학교,대학,사립,대전,A그룹,295269,115866,411135,627599,207183,834782,8,16,11812,0,24,45794,474,67,541,17440,8967,26407,14896,0,834782,13290,62.79999923706055,26407,834782,3.299999952316284
2016,430,한동대학교,대학,사립,경북,C그룹,88538,55954,144492,144478,84102,228580,9,8,11123,0,17,27209,68,208,276,4773,1951,6724,4773,0,228580,4359,52.400001525878906,6724,228580,3.0
2016,431,한라대학교,대학,사립,강원,C그룹,61947,5445,67392,88865,5897,94762,4,2,5013,0,6,26680,124,36,160,3545,441,3986,2582,0,94762,4120,23.0,3986,94762,4.400000095367432
2016,432,한려대학교,대학,사립,전남,C그룹,41262,16,41278,98514,16,98530,0,0,43,0,0,43,35,0,35,59,0,59,59,0,98530,721,136.6999969482422,59,98530,0.1000000014901161
2016,433,한림국제대학원대학교,대학원대학,사립,서울,-,2000,1200,3200,2760,1273,4033,0,0,0,0,0,0,2,0,2,42,9,51,51,0,4033,193,20.899999618530277,51,4033,1.2999999523162842
2016,434,한림대학교,대학,사립,강원,B그룹,216876,159494,376370,447921,304905,752826,21,18,7322,0,39,28596,541,253,794,26704,4114,30818,12637,0,752826,9001,83.5999984741211,30818,752826,4.300000190734863
2016,435,한림성심대학교,전문대학,사립,강원,B그룹,69991,4658,74649,130983,6931,137914,1,3,5013,0,4,13212,217,3,220,4516,1437,5953,3296,731,137914,3315,41.59999847412109,5953,137914,4.5
2016,436,한민학교,대학,사립,충남,C그룹,0,0,0,0,0,0,0,0,0,0,0,0,0,0,0,0,0,0,0,0,0,0,0.0,0,0,0.0
2016,437,한반도국제대학원대학교,대학원대학,사립,서울,-,12724,2527,15251,12771,2534,15305,0,0,0,0,0,0,25,0,25,59,278,337,262,0,15305,56,273.29998779296875,337,15305,2.299999952316284
2016,438,한북대학교,대학,사립,경기,C그룹,0,0,0,0,0,0,0,0,0,0,0,0,0,0,0,0,0,0,0,0,0,0,0.0,0,0,0.0
2016,439,한서대학교,대학,사립,충남,B그룹,192915,220773,413688,310193,308455,618648,9,14,28265,0,23,70825,155,43,198,6748,7473,14221,6891,0,618648,7903,78.30000305175781,14221,618648,2.400000095367432
2016,440,한성대학교,대학,사립,서울,B그룹,355273,121607,476880,537687,146997,684684,12,27,166887,0,39,230865,771,79,850,17910,2230,20140,18149,0,684684,7454,91.9000015258789,20140,684684,3.0
2016,441,한세대학교,대학,사립,경기,C그룹,116415,72576,188991,215862,80658,296520,2,1,48693,0,3,58525,142,31,173,6480,312,6792,4518,0,296520,3664,80.9000015258789,6792,296520,2.299999952316284
2016,442,한신대학교,대학,사립,경기,B그룹,173988,91348,265336,346125,140875,487000,4,12,7356,0,16,34136,416,133,549,7996,2616,10612,5974,17656,487000,5761,84.5,10612,487000,2.200000047683716
2016,443,한양대학교,대학,사립,서울,A그룹,581303,375425,956728,967679,558185,1525864,37,48,108367,0,85,219116,1492,344,1836,43951,11724,55675,52018,15427,1525864,22624,67.4000015258789,55675,1525864,3.799999952316284
2016,444,한양대학교(ERICA),대학,사립,경기,A그룹,346651,254024,600675,699955,259618,959573,7,9,182844,0,16,217215,189,119,308,11745,2014,13759,12197,20000,959573,10441,91.9000015258789,13759,959573,1.5
2016,445,한양여자대학교,전문대학,사립,서울,A그룹,74277,10465,84742,162965,14780,177745,1,0,4232,0,1,7352,289,20,309,8973,314,9287,4990,13,177745,6726,26.399999618530277,9287,177745,5.5
2016,446,한영대학교,전문대학,사립,전남,C그룹,4716,62,4778,25425,417,25842,0,0,0,0,0,0,5,0,5,509,345,854,231,0,25842,1386,18.600000381469727,854,25842,3.400000095367432
2016,447,한일장신대학교,대학,사립,전북,C그룹,70112,18367,88479,175286,25517,200803,3,3,4882,0,6,12331,87,9,96,1877,1531,3408,2722,0,200803,1217,165.0,3408,200803,1.7000000476837158
2016,448,한중대학교,대학,사립,강원,C그룹,46778,3504,50282,54205,4101,58306,0,0,0,0,0,0,123,0,123,0,305,305,256,0,58306,1145,50.900001525878906,305,58306,0.5
2016,449,합동신학대학원대학교,대학원대학,사립,경기,-,60498,26203,86701,87672,37620,125292,3,5,143312,0,8,147663,116,78,194,2829,2593,5422,4939,0,125292,304,412.1000061035156,5422,125292,4.5
2016,450,해군사관학교,기타,기타,경남,-,118102,38872,156974,170547,44821,215368,1,10,7912,0,11,7913,190,29,219,3823,1203,5026,4040,0,215368,0,0.0,5026,215368,2.400000095367432
2016,451,협성대학교,대학,사립,경기,C그룹,159418,49245,208663,245086,74211,319297,7,10,10533,0,17,22767,380,110,490,8531,8159,16690,9866,0,319297,4894,65.19999694824219,16690,319297,5.5
2016,452,혜전대학교,전문대학,사립,충남,B그룹,90653,4066,94719,141597,4664,146261,2,1,3443,0,3,10807,204,0,204,3585,687,4272,2470,0,146261,3126,46.79999923706055,4272,146261,3.0
2016,453,호남대학교,대학,사립,광주,B그룹,185847,161443,347290,354956,283798,638754,7,5,15824,0,12,31799,296,135,431,11339,2873,14212,9498,0,638754,8000,79.80000305175781,14212,638754,2.299999952316284
2016,454,호남신학대학교,대학,사립,광주,C그룹,72692,59309,132001,104887,63264,168151,28,8,39037,0,36,43020,216,113,329,4364,663,5027,4543,0,168151,986,170.5,5027,168151,3.0999999046325684
2016,455,호산대학교,전문대학,사립,경북,C그룹,46527,1399,47926,72340,2140,74480,1,1,2652,0,2,6694,51,1,52,2091,5568,7659,3239,0,74480,2001,37.20000076293945,7659,74480,11.5
2016,456,호서대학교,대학,사립,충남,A그룹,278651,226557,505208,612776,326003,938779,12,19,124756,0,31,199409,450,3,453,111426,15314,126740,119630,0,938779,13785,68.0999984741211,126740,938779,15.600000381469728
2016,457,호원대학교,대학,사립,전북,B그룹,226243,80697,306940,360220,101202,461422,6,11,24510,0,17,50285,123,4,127,22022,2521,24543,21549,0,461422,5782,79.80000305175781,24543,461422,5.599999904632568
2016,458,홍익대학교,대학,사립,서울,A그룹,799475,228268,1027743,1513837,343620,1857457,24,27,60666,0,51,78714,1357,263,1620,20903,8738,29641,22520,0,1857457,21953,84.5999984741211,29641,1857457,1.600000023841858
2016,459,화성의과학대학교,대학,사립,경기,C그룹,9545,16,9561,17203,74,17277,0,0,0,0,0,0,68,0,68,0,243,243,218,0,17277,815,21.200000762939453,243,17277,1.399999976158142
2016,460,화신사이버대학교,대학,사립,부산,C그룹,3917,0,3917,17605,0,17605,0,1,0,0,1,0,0,0,0,0,0,0,0,0,17605,1210,14.5,0,17605,0.0
2016,461,횃불트리니티신학대학원대학교,대학원대학,사립,서울,-,28671,29335,58006,37180,34996,72176,2,6,1091,0,8,6443,116,129,245,987,1870,2857,2447,0,72176,445,162.1999969482422,2857,72176,4.099999904632568
