YR,ID,SNM,STYP,FND,RGN,USC,STF_FT_HLIBC,STF_FT_NLIBC,STF_PT_HLIBC,STF_PT_NLIBC,STF_TTL_HLIBC,STF_TTL_NLIBC,STF_TTL_SUM,LIBCS_FT_SL1,LIBCS_FT_SL2,LIBCS_FT_ALIB,LIBCS_FT_TTL,LIBCS_PT_SL1,LIBCS_PT_SL2,LIBCS_PT_ALIB,LIBCS_PT_TTL,SES_PTH,SES_PTC,SPK_FT_LIB,SPK_FT_NLIB,SPK_PT_LIB,SPK_PT_NLIB,SPK_SCP,SPK_SPK,LPK_LFT2,LPK_LPT2,LPK_SCP,LPK_LPK,EHS_EH,EHS_LFT,EHS_LPT,EHS_EHS
2017,1,ICT폴리텍대학,전문대학,사립,경기,C그룹,0,1,0,0,0,1,1,0,0,0,0,0,0,0,0,0,0,0,1,0,0,311,2.5999999046325684,0,0,311,0.0,0,1,0,0.0
2017,2,가야대학교,대학,사립,경남,C그룹,2,0,2,0,4,0,4,0,2,0,2,0,2,0,2,168,23,2,0,2,0,2718,1.2999999523162842,2,2,2718,1.5,168,2,2,42.0
2017,3,가천대학교,대학,사립,경기,A그룹,10,6,4,7,14,13,27,2,7,1,10,0,4,0,4,849,165,10,6,4,7,20737,1.0,10,4,20737,0.699999988079071,849,16,11,31.399999618530277
2017,4,가톨릭관동대학교,대학,사립,강원,B그룹,5,0,0,9,5,9,14,1,4,0,5,0,0,0,0,437,52,5,0,0,9,9332,1.0,5,0,9332,0.5,437,5,9,31.200000762939453
2017,5,가톨릭꽃동네대학교,대학,사립,충북,C그룹,1,0,0,0,1,0,1,0,1,0,1,0,0,0,0,36,3,1,0,0,0,536,1.899999976158142,1,0,536,1.899999976158142,36,1,0,36.0
2017,6,가톨릭대학교,대학,사립,경기,A그룹,19,7,2,1,21,8,29,4,15,0,19,0,2,0,2,690,124,19,7,2,1,10881,2.5,19,2,10881,1.899999976158142,690,26,3,23.799999237060547
2017,7,가톨릭상지대학교,전문대학,사립,경북,C그룹,1,0,2,1,3,1,4,1,0,0,1,0,2,0,2,291,37,1,0,2,1,1975,1.600000023841858,1,2,1975,1.5,291,1,3,72.80000305175781
2017,8,감리교신학대학교,대학,사립,서울,C그룹,3,0,0,0,3,0,3,2,1,0,3,0,0,0,0,135,3,3,0,0,0,1576,1.899999976158142,3,0,1576,1.899999976158142,135,3,0,45.0
2017,9,강남대학교,대학,사립,경기,B그룹,3,1,6,1,9,2,11,0,3,0,3,0,6,0,6,194,36,3,1,6,1,7325,1.2000000476837158,3,6,7325,1.2000000476837158,194,4,7,17.600000381469727
2017,10,강동대학교,전문대학,사립,충북,B그룹,1,0,0,0,1,0,1,0,1,0,1,0,0,0,0,12,1,1,0,0,0,4027,0.2000000029802322,1,0,4027,0.2000000029802322,12,1,0,12.0
2017,11,강릉영동대학교,전문대학,사립,강원,B그룹,0,1,1,0,1,1,2,0,0,0,0,0,0,1,1,48,2,0,1,1,0,3008,0.5,0,1,3008,0.3000000119209289,48,1,1,24.0
2017,12,강서대학교,대학,사립,서울,C그룹,2,1,1,0,3,1,4,0,2,0,2,0,0,1,1,98,26,2,1,1,0,1604,2.200000047683716,2,1,1604,1.899999976158142,98,3,1,24.5
2017,13,강원관광대학교,전문대학,사립,강원,C그룹,1,0,0,0,1,0,1,0,1,0,1,0,0,0,0,30,2,1,0,0,0,1351,0.699999988079071,1,0,1351,0.699999988079071,30,1,0,30.0
2017,14,강원대학교,대학,국립,강원,A그룹,25,2,2,7,27,9,36,8,15,2,25,1,1,0,2,2092,162,25,2,2,7,23947,1.2999999523162842,25,2,23947,1.100000023841858,2092,27,9,58.09999847412109
2017,15,강원도립대학교,전문대학,공립,강원,C그룹,1,0,0,0,1,0,1,0,0,1,1,0,0,0,0,65,3,1,0,0,0,894,1.100000023841858,1,0,894,1.100000023841858,65,1,0,65.0
2017,16,개신대학원대학교,대학원대학,사립,서울,-,1,0,0,0,1,0,1,0,0,1,1,0,0,0,0,20,1,1,0,0,0,134,7.5,1,0,134,7.5,20,1,0,20.0
2017,17,거제대학교,전문대학,사립,경남,C그룹,1,0,1,0,2,0,2,1,0,0,1,0,1,0,1,121,4,1,0,1,0,1566,1.100000023841858,1,1,1566,1.2999999523162842,121,1,1,60.5
2017,18,건국대학교,대학,사립,서울,A그룹,8,4,16,3,24,7,31,4,4,0,8,0,15,1,16,702,132,8,4,16,3,19902,1.2999999523162842,8,16,19902,1.2000000476837158,702,12,19,22.600000381469727
2017,19,건국대학교(글로컬),대학,사립,충북,B그룹,4,2,4,5,8,7,15,4,0,0,4,0,4,0,4,487,60,4,2,4,5,8761,1.2999999523162842,4,4,8761,0.8999999761581421,487,6,9,32.5
2017,20,건동대학교,대학,사립,경북,C그룹,0,0,0,0,0,0,0,0,0,0,0,0,0,0,0,0,0,0,0,0,0,0,0.0,0,0,0,0.0,0,0,0,0.0
2017,21,건신대학원대학교,대학원대학,사립,대전,-,0,0,0,1,0,1,1,0,0,0,0,0,0,0,0,49,3,0,0,0,1,148,3.400000095367432,0,0,148,0.0,49,0,1,49.0
2017,22,건양대학교,대학,사립,충남,B그룹,4,1,5,0,9,1,10,0,4,0,4,0,5,0,5,763,19,4,1,5,0,8593,1.0,4,5,8593,1.0,763,5,5,76.30000305175781
2017,23,경기과학기술대학교,전문대학,사립,경기,A그룹,1,1,1,0,2,1,3,0,1,0,1,0,1,0,1,125,4,1,1,1,0,4483,0.6000000238418579,1,1,4483,0.4000000059604645,125,2,1,41.70000076293945
2017,24,경기대학교,대학,사립,경기,A그룹,11,0,1,2,12,2,14,3,8,0,11,0,1,0,1,375,42,11,0,1,2,16377,0.800000011920929,11,1,16377,0.699999988079071,375,11,3,26.799999237060547
2017,25,경남대학교,대학,사립,경남,A그룹,7,0,2,11,9,11,20,3,4,0,7,0,2,0,2,945,235,7,0,2,11,13489,1.0,7,2,13489,0.699999988079071,945,7,13,47.29999923706055
2017,26,경남도립거창대학,전문대학,공립,경남,C그룹,1,0,0,1,1,1,2,0,1,0,1,0,0,0,0,71,3,1,0,0,1,889,1.7000000476837158,1,0,889,1.100000023841858,71,1,1,35.5
2017,27,경남도립남해대학,전문대학,공립,경남,C그룹,1,0,0,1,1,1,2,0,1,0,1,0,0,0,0,123,1,1,0,0,1,848,1.7999999523162842,1,0,848,1.2000000476837158,123,1,1,61.5
2017,28,경남정보대학교,전문대학,사립,부산,A그룹,2,1,0,1,2,2,4,1,1,0,2,0,0,0,0,70,3,2,1,0,1,6853,0.5,2,0,6853,0.3000000119209289,70,3,1,17.5
2017,29,경동대학교,대학,사립,강원,B그룹,7,1,0,0,7,1,8,0,4,3,7,0,0,0,0,134,26,7,1,0,0,7240,1.100000023841858,7,0,7240,1.0,134,8,0,16.799999237060547
2017,30,경민대학교,전문대학,사립,경기,B그룹,2,0,0,2,2,2,4,1,1,0,2,0,0,0,0,113,15,2,0,0,2,4661,0.6000000238418579,2,0,4661,0.4000000059604645,113,2,2,28.299999237060547
2017,31,경복대학교,전문대학,사립,경기,A그룹,1,0,1,0,2,0,2,0,1,0,1,0,0,1,1,152,9,1,0,1,0,6350,0.3000000119209289,1,1,6350,0.3000000119209289,152,1,1,76.0
2017,32,경북과학대학교,전문대학,사립,경북,C그룹,1,0,0,0,1,0,1,0,1,0,1,0,0,0,0,42,2,1,0,0,0,1902,0.5,1,0,1902,0.5,42,1,0,42.0
2017,33,경북대학교,대학,국립,대구,A그룹,43,6,10,1,53,7,60,14,26,3,43,1,7,2,10,3544,484,43,6,10,1,30296,1.899999976158142,43,10,30296,1.7000000476837158,3544,49,11,59.09999847412109
2017,34,경북보건대학교,전문대학,사립,경북,C그룹,1,0,0,0,1,0,1,0,1,0,1,0,0,0,0,29,2,1,0,0,0,1300,0.800000011920929,1,0,1300,0.800000011920929,29,1,0,29.0
2017,35,경북외국어대학교,대학,사립,대구,C그룹,0,0,0,0,0,0,0,0,0,0,0,0,0,0,0,0,0,0,0,0,0,0,0.0,0,0,0,0.0,0,0,0,0.0
2017,36,경북전문대학교,전문대학,사립,경북,B그룹,1,1,0,0,1,1,2,0,1,0,1,0,0,0,0,76,2,1,1,0,0,2562,0.699999988079071,1,0,2562,0.4000000059604645,76,2,0,38.0
2017,37,경상국립대학교,대학,국립,경남,A그룹,28,4,6,0,34,4,38,8,19,1,28,1,5,0,6,2331,482,28,4,6,0,22867,1.600000023841858,28,6,22867,1.5,2331,32,6,61.29999923706055
2017,38,경성대학교,대학,사립,부산,A그룹,10,2,2,0,12,2,14,2,8,0,10,0,2,0,2,809,257,10,2,2,0,13468,1.0,10,2,13468,0.8999999761581421,809,12,2,57.79999923706055
2017,39,경안대학원대학교,대학원대학,사립,경북,-,0,1,0,0,0,1,1,0,0,0,0,0,0,0,0,0,0,0,1,0,0,73,11.0,0,0,73,0.0,0,1,0,0.0
2017,40,경운대학교,대학,사립,경북,C그룹,3,2,0,1,3,3,6,0,3,0,3,0,0,0,0,184,34,3,2,0,1,5066,1.0,3,0,5066,0.6000000238418579,184,5,1,30.700000762939453
2017,41,경인교육대학교,대학,국립,인천,C그룹,7,1,0,0,7,1,8,1,6,0,7,0,0,0,0,1016,18,7,1,0,0,4246,1.7999999523162842,7,0,4246,1.600000023841858,1016,8,0,127.0
2017,42,경인여자대학교,전문대학,사립,인천,B그룹,0,0,1,1,1,1,2,0,0,0,0,0,1,0,1,55,12,0,0,1,1,4894,0.3000000119209289,0,1,4894,0.2000000029802322,55,0,2,27.5
2017,43,경일대학교,대학,사립,경북,B그룹,4,1,4,0,8,1,9,0,4,0,4,0,4,0,4,200,42,4,1,4,0,7373,1.100000023841858,4,4,7373,1.100000023841858,200,5,4,22.200000762939453
2017,44,경찰대학,기타,기타,충남,-,4,2,0,0,4,2,6,1,3,0,4,0,0,0,0,498,19,4,2,0,0,0,0.0,4,0,0,0.0,498,6,0,83.0
2017,45,경희대학교,대학,사립,서울,A그룹,25,2,25,1,50,3,53,11,13,1,25,0,24,1,25,1506,463,25,2,25,1,33327,1.399999976158142,25,25,33327,1.5,1506,27,26,28.399999618530277
2017,46,계명대학교,대학,사립,대구,A그룹,22,1,1,8,23,9,32,9,11,2,22,0,1,0,1,1537,357,22,1,1,8,24537,1.100000023841858,22,1,24537,0.8999999761581421,1537,23,9,48.0
2017,47,계명문화대학교,전문대학,사립,대구,A그룹,2,0,1,0,3,0,3,0,0,2,2,0,1,0,1,91,13,2,0,1,0,5179,0.5,2,1,5179,0.6000000238418579,91,2,1,30.299999237060547
2017,48,계약신학대학원대학교,대학원대학,사립,경기,-,1,0,0,0,1,0,1,0,1,0,1,0,0,0,0,24,0,1,0,0,0,68,14.699999809265137,1,0,68,14.699999809265137,24,1,0,24.0
2017,49,계원예술대학교,전문대학,사립,경기,B그룹,1,1,1,0,2,1,3,0,1,0,1,0,0,1,1,319,25,1,1,1,0,2856,0.8999999761581421,1,1,2856,0.699999988079071,319,2,1,106.3000030517578
2017,50,고려대학교,대학,사립,서울,A그룹,28,5,11,3,39,8,47,14,14,0,28,0,9,2,11,2673,370,28,5,11,3,29540,1.399999976158142,28,11,29540,1.2999999523162842,2673,33,14,56.900001525878906
2017,51,고려대학교(세종),대학,사립,세종,B그룹,3,0,6,0,9,0,9,0,3,0,3,0,6,0,6,191,14,3,0,6,0,7768,1.0,3,6,7768,1.2000000476837158,191,3,6,21.200000762939453
2017,52,고려사이버대학교,대학,사립,서울,A그룹,0,1,1,0,1,1,2,0,0,0,0,0,0,1,1,4,1,0,1,1,0,9671,0.2000000029802322,0,1,9671,0.1000000014901161,4,1,1,2.0
2017,53,고신대학교,대학,사립,부산,C그룹,5,1,0,1,5,2,7,0,4,1,5,0,0,0,0,199,19,5,1,0,1,5064,1.2000000476837158,5,0,5064,1.0,199,6,1,28.399999618530277
2017,54,공군사관학교,기타,기타,충북,-,7,0,0,0,7,0,7,3,4,0,7,0,0,0,0,436,18,7,0,0,0,0,0.0,7,0,0,0.0,436,7,0,62.29999923706055
2017,55,공주교육대학교,대학,국립,충남,C그룹,4,2,0,0,4,2,6,2,2,0,4,0,0,0,0,612,88,4,2,0,0,2024,2.799999952316284,4,0,2024,2.0,612,6,0,102.0
2017,56,과학기술연합대학원대학교,대학원대학,국립,대전,-,0,1,0,0,0,1,1,0,0,0,0,0,0,0,0,41,1,0,1,0,0,1235,0.6000000238418579,0,0,1235,0.0,41,1,0,41.0
2017,57,광신대학교,대학,사립,광주,C그룹,1,2,0,0,1,2,3,0,1,0,1,0,0,0,0,57,3,1,2,0,0,949,2.700000047683716,1,0,949,1.100000023841858,57,3,0,19.0
2017,58,광양보건대학교,전문대학,사립,전남,C그룹,1,0,0,0,1,0,1,0,0,1,1,0,0,0,0,41,1,1,0,0,0,1520,0.699999988079071,1,0,1520,0.699999988079071,41,1,0,41.0
2017,59,광운대학교,대학,사립,서울,B그룹,5,1,8,0,13,1,14,1,4,0,5,0,8,0,8,413,70,5,1,8,0,9807,1.2000000476837158,5,8,9807,1.2999999523162842,413,6,8,29.5
2017,60,광주가톨릭대학교,대학,사립,전남,C그룹,2,0,0,0,2,0,2,0,2,0,2,0,0,0,0,51,1,2,0,0,0,106,18.899999618530277,2,0,106,18.899999618530277,51,2,0,25.5
2017,61,광주과학기술원,대학,국립,광주,C그룹,1,1,3,1,4,2,6,0,1,0,1,0,3,0,3,249,24,1,1,3,1,1922,2.400000095367432,1,3,1922,2.0999999046325684,249,2,4,41.5
2017,62,광주교육대학교,대학,국립,광주,C그룹,1,3,0,0,1,3,4,0,1,0,1,0,0,0,0,248,10,1,3,0,0,2190,1.600000023841858,1,0,2190,0.5,248,4,0,62.0
2017,63,광주대학교,대학,사립,광주,B그룹,2,1,5,3,7,4,11,2,0,0,2,0,5,0,5,592,70,2,1,5,3,7747,1.100000023841858,2,5,7747,0.8999999761581421,592,3,8,53.79999923706055
2017,64,광주보건대학교,전문대학,사립,광주,B그룹,2,0,0,2,2,2,4,0,2,0,2,0,0,0,0,166,20,2,0,0,2,3968,0.800000011920929,2,0,3968,0.5,166,2,2,41.5
2017,65,광주여자대학교,대학,사립,광주,C그룹,0,3,1,2,1,5,6,0,0,0,0,0,1,0,1,539,18,0,3,1,2,4114,1.0,0,1,4114,0.2000000029802322,539,3,3,89.80000305175781
2017,66,구미대학교,전문대학,사립,경북,A그룹,1,0,1,1,2,1,3,1,0,0,1,0,1,0,1,105,4,1,0,1,1,5695,0.4000000059604645,1,1,5695,0.4000000059604645,105,1,2,35.0
2017,67,구세군사관대학원대학교,대학원대학,사립,경기,-,0,0,1,0,1,0,1,0,0,0,0,0,1,0,1,30,2,0,0,1,0,41,19.5,0,1,41,24.399999618530277,30,0,1,30.0
2017,68,국군간호사관학교,기타,기타,대전,-,1,0,1,0,2,0,2,0,1,0,1,1,0,0,1,183,5,1,0,1,0,0,0.0,1,1,0,0.0,183,1,1,91.5
2017,69,국립강릉원주대학교,대학,국립,강원,B그룹,13,3,0,0,13,3,16,1,11,1,13,0,0,0,0,1711,81,13,3,0,0,8685,1.7999999523162842,13,0,8685,1.5,1711,16,0,106.9000015258789
2017,70,국립경국대학교,대학,국립,경북,B그룹,12,0,2,1,14,1,15,2,10,0,12,0,0,2,2,999,119,12,0,2,1,7914,1.7999999523162842,12,2,7914,1.7999999523162842,999,12,3,66.5999984741211
2017,71,국립공주대학교,대학,국립,충남,A그룹,19,1,0,2,19,3,22,8,11,0,19,0,0,0,0,2335,312,19,1,0,2,16672,1.2000000476837158,19,0,16672,1.100000023841858,2335,20,2,106.0999984741211
2017,72,국립군산대학교,대학,국립,전북,B그룹,13,0,0,2,13,2,15,3,10,0,13,0,0,0,0,1359,222,13,0,0,2,8296,1.7000000476837158,13,0,8296,1.600000023841858,1359,13,2,90.5999984741211
2017,73,국립금오공과대학교,대학,국립,경북,B그룹,5,1,2,1,7,2,9,3,2,0,5,0,2,0,2,844,39,5,1,2,1,7131,1.100000023841858,5,2,7131,1.0,844,6,3,93.8000030517578
2017,74,국립목포대학교,대학,국립,전남,B그룹,9,2,0,2,9,4,13,5,4,0,9,0,0,0,0,1370,227,9,2,0,2,8513,1.399999976158142,9,0,8513,1.100000023841858,1370,11,2,105.4000015258789
2017,75,국립목포해양대학교,대학,국립,전남,C그룹,4,0,0,1,4,1,5,1,3,0,4,0,0,0,0,312,15,4,0,0,1,2748,1.600000023841858,4,0,2748,1.5,312,4,1,62.400001525878906
2017,76,국립부경대학교,대학,국립,부산,A그룹,20,0,1,0,21,0,21,7,12,1,20,0,1,0,1,1813,330,20,0,1,0,19611,1.100000023841858,20,1,19611,1.100000023841858,1813,20,1,86.30000305175781
2017,77,국립순천대학교,대학,국립,전남,B그룹,11,0,0,1,11,1,12,6,5,0,11,0,0,0,0,1127,58,11,0,0,1,8341,1.399999976158142,11,0,8341,1.2999999523162842,1127,11,1,93.9000015258789
2017,78,국립암센터국제암대학원대학교,대학원대학,국립,경기,-,0,0,0,0,0,0,0,0,0,0,0,0,0,0,0,0,0,0,0,0,0,66,0.0,0,0,66,0.0,0,0,0,0.0
2017,79,국립창원대학교,대학,국립,경남,B그룹,13,1,2,0,15,1,16,2,10,1,13,0,1,1,2,1301,53,13,1,2,0,10088,1.5,13,2,10088,1.5,1301,14,2,81.30000305175781
2017,80,국립한국교통대학교,대학,국립,충북,B그룹,9,1,0,1,9,2,11,2,7,0,9,0,0,0,0,884,127,9,1,0,1,9302,1.100000023841858,9,0,9302,1.0,884,10,1,80.4000015258789
2017,81,국립한국해양대학교,대학,국립,부산,B그룹,10,0,0,0,10,0,10,5,5,0,10,0,0,0,0,897,244,10,0,0,0,7840,1.2999999523162842,10,0,7840,1.2999999523162842,897,10,0,89.69999694824219
2017,82,국립한밭대학교,대학,국립,대전,B그룹,9,1,1,0,10,1,11,1,6,2,9,0,1,0,1,686,34,9,1,1,0,8965,1.2000000476837158,9,1,8965,1.100000023841858,686,10,1,62.400001525878906
2017,83,국민대학교,대학,사립,서울,A그룹,11,1,9,13,20,14,34,5,5,1,11,0,9,0,9,1182,197,11,1,9,13,18182,1.399999976158142,11,9,18182,1.100000023841858,1182,12,22,34.79999923706055
2017,84,국방대학교,기타,기타,충남,-,7,4,1,0,8,4,12,2,5,0,7,0,1,0,1,150,4,7,4,1,0,0,0.0,7,1,0,0.0,150,11,1,12.5
2017,85,국제뇌교육종합대학원대학교,대학원대학,사립,충남,-,1,0,0,0,1,0,1,0,1,0,1,0,0,0,0,6,1,1,0,0,0,267,3.700000047683716,1,0,267,3.700000047683716,6,1,0,6.0
2017,86,국제대학교,전문대학,사립,경기,B그룹,1,0,1,0,2,0,2,0,0,1,1,0,1,0,1,136,5,1,0,1,0,4289,0.4000000059604645,1,1,4289,0.5,136,1,1,68.0
2017,87,국제문화대학원대학교,대학원대학,사립,충남,-,0,0,0,0,0,0,0,0,0,0,0,0,0,0,0,0,0,0,0,0,0,0,0.0,0,0,0,0.0,0,0,0,0.0
2017,88,국제법률경영대학원대학교,대학원대학,사립,경기,-,0,1,0,0,0,1,1,0,0,0,0,0,0,0,0,0,0,0,1,0,0,88,9.100000381469728,0,0,88,0.0,0,1,0,0.0
2017,89,국제사이버대학교,대학,사립,경기,C그룹,0,2,0,0,0,2,2,0,0,0,0,0,0,0,0,54,2,0,2,0,0,2764,0.6000000238418579,0,0,2764,0.0,54,2,0,27.0
2017,90,국제언어대학원대학교,대학원대학,사립,서울,-,1,0,0,1,1,1,2,0,1,0,1,0,0,0,0,50,1,1,0,0,1,82,18.299999237060547,1,0,82,12.199999809265137,50,1,1,25.0
2017,91,국제예술대학교,기타,기타,서울,-,0,0,0,0,0,0,0,0,0,0,0,0,0,0,0,0,0,0,0,0,0,0,0.0,0,0,0,0.0,0,0,0,0.0
2017,92,군산간호대학교,전문대학,사립,전북,C그룹,1,0,0,1,1,1,2,0,1,0,1,0,0,0,0,47,3,1,0,0,1,1112,1.2999999523162842,1,0,1112,0.8999999761581421,47,1,1,23.5
2017,93,군장대학교,전문대학,사립,전북,C그룹,1,1,0,0,1,1,2,0,1,0,1,0,0,0,0,33,3,1,1,0,0,1918,0.8999999761581421,1,0,1918,0.5,33,2,0,16.5
2017,94,극동대학교,대학,사립,충북,C그룹,1,3,2,0,3,3,6,0,1,0,1,0,1,1,2,119,16,1,3,2,0,4293,1.2000000476837158,1,2,4293,0.699999988079071,119,4,2,19.799999237060547
2017,95,글로벌사이버대학교,대학,사립,충남,C그룹,0,1,0,0,0,1,1,0,0,0,0,0,0,0,0,0,0,0,1,0,0,2133,0.4000000059604645,0,0,2133,0.0,0,1,0,0.0
2017,96,금강대학교,대학,사립,충남,C그룹,2,0,1,0,3,0,3,1,1,0,2,0,1,0,1,105,12,2,0,1,0,548,5.099999904632568,2,1,548,5.5,105,2,1,35.0
2017,97,기독간호대학교,전문대학,사립,광주,C그룹,0,0,1,0,1,0,1,0,0,0,0,0,1,0,1,30,4,0,0,1,0,637,1.2999999523162842,0,1,637,1.600000023841858,30,0,1,30.0
2017,98,김천대학교,대학,사립,경북,C그룹,2,2,1,0,3,2,5,0,2,0,2,0,1,0,1,167,58,2,2,1,0,3758,1.2000000476837158,2,1,3758,0.800000011920929,167,4,1,33.400001525878906
2017,99,김포대학교,전문대학,사립,경기,C그룹,0,0,1,1,1,1,2,0,0,0,0,0,1,0,1,33,1,0,0,1,1,3331,0.4000000059604645,0,1,3331,0.3000000119209289,33,0,2,16.5
2017,100,김해대학교,전문대학,사립,경남,C그룹,1,1,0,0,1,1,2,0,1,0,1,0,0,0,0,48,1,1,1,0,0,1378,1.2999999523162842,1,0,1378,0.699999988079071,48,2,0,24.0
2017,101,나사렛대학교,대학,사립,충남,B그룹,3,0,4,1,7,1,8,0,3,0,3,0,4,0,4,209,16,3,0,4,1,5861,1.100000023841858,3,4,5861,1.2000000476837158,209,3,5,26.100000381469727
2017,102,나주대학교,전문대학,사립,전남,C그룹,0,0,1,0,1,0,1,0,0,0,0,0,1,0,1,15,1,0,0,1,0,2131,0.4000000059604645,0,1,2131,0.5,15,0,1,15.0
2017,103,남부대학교,대학,사립,광주,C그룹,2,2,0,0,2,2,4,0,2,0,2,0,0,0,0,98,8,2,2,0,0,3396,1.100000023841858,2,0,3396,0.6000000238418579,98,4,0,24.5
2017,104,남서울대학교,대학,사립,충남,B그룹,3,0,5,9,8,9,17,0,3,0,3,0,5,0,5,529,40,3,0,5,9,10310,1.100000023841858,3,5,10310,0.800000011920929,529,3,14,31.100000381469727
2017,105,농협대학교,전문대학,사립,경기,C그룹,1,1,0,0,1,1,2,0,0,1,1,0,0,0,0,0,0,1,1,0,0,523,3.400000095367432,1,0,523,1.899999976158142,0,2,0,0.0
2017,106,능인대학원대학교,대학원대학,사립,경기,-,0,1,0,0,0,1,1,0,0,0,0,0,0,0,0,35,6,0,1,0,0,72,11.100000381469728,0,0,72,0.0,35,1,0,35.0
2017,107,단국대학교,대학,사립,경기,A그룹,17,0,0,0,17,0,17,5,12,0,17,0,0,0,0,763,102,17,0,0,0,27070,0.6000000238418579,17,0,27070,0.6000000238418579,763,17,0,44.900001525878906
2017,108,대경대학교,전문대학,사립,경북,B그룹,1,1,0,0,1,1,2,0,1,0,1,0,0,0,0,36,2,1,1,0,0,4276,0.4000000059604645,1,0,4276,0.2000000029802322,36,2,0,18.0
2017,109,대구가톨릭대학교,대학,사립,경북,A그룹,9,1,10,0,19,1,20,0,9,0,9,0,10,0,10,890,174,9,1,10,0,15341,1.2000000476837158,9,10,15341,1.2000000476837158,890,10,10,44.5
2017,110,대구경북과학기술원,대학,국립,대구,C그룹,1,0,3,0,4,0,4,0,1,0,1,0,3,0,3,247,27,1,0,3,0,911,3.700000047683716,1,3,911,4.400000095367432,247,1,3,61.79999923706055
2017,111,대구공업대학교,전문대학,사립,대구,C그룹,1,0,0,2,1,2,3,0,1,0,1,0,0,0,0,58,5,1,0,0,2,1879,1.100000023841858,1,0,1879,0.5,58,1,2,19.299999237060547
2017,112,대구과학대학교,전문대학,사립,대구,A그룹,1,1,0,0,1,1,2,0,1,0,1,0,0,0,0,161,4,1,1,0,0,4352,0.4000000059604645,1,0,4352,0.2000000029802322,161,2,0,80.5
2017,113,대구교육대학교,대학,국립,대구,C그룹,5,1,0,0,5,1,6,2,3,0,5,0,0,0,0,666,97,5,1,0,0,2718,2.0999999046325684,5,0,2718,1.7999999523162842,666,6,0,111.0
2017,114,대구대학교,대학,사립,경북,A그룹,12,1,11,4,23,5,28,3,9,0,12,0,11,0,11,795,93,12,1,11,4,20572,1.100000023841858,12,11,20572,1.100000023841858,795,13,15,28.399999618530277
2017,115,대구미래대학교,전문대학,사립,경북,C그룹,0,0,0,0,0,0,0,0,0,0,0,0,0,0,0,0,0,0,0,0,0,0,0.0,0,0,0,0.0,0,0,0,0.0
2017,116,대구보건대학교,전문대학,사립,대구,A그룹,4,0,0,0,4,0,4,0,4,0,4,0,0,0,0,164,16,4,0,0,0,6858,0.6000000238418579,4,0,6858,0.6000000238418579,164,4,0,41.0
2017,117,대구사이버대학교,대학,사립,경북,C그룹,0,2,0,0,0,2,2,0,0,0,0,0,0,0,0,0,0,0,2,0,0,4382,0.4000000059604645,0,0,4382,0.0,0,2,0,0.0
2017,118,대구예술대학교,대학,사립,경북,C그룹,3,2,0,0,3,2,5,0,3,0,3,0,0,0,0,132,6,3,2,0,0,1432,3.200000047683716,3,0,1432,2.0999999046325684,132,5,0,26.399999618530277
2017,119,대구외국어대학교,대학,사립,경북,C그룹,1,0,0,1,1,1,2,0,1,0,1,0,0,0,0,2,1,1,0,0,1,334,4.5,1,0,334,3.0,2,1,1,1.0
2017,120,대구한의대학교,대학,사립,경북,B그룹,3,2,4,0,7,2,9,0,3,0,3,0,4,0,4,328,40,3,2,4,0,7499,1.0,3,4,7499,0.8999999761581421,328,5,4,36.400001525878906
2017,121,대덕대학교,전문대학,사립,대전,C그룹,2,0,0,1,2,1,3,0,2,0,2,0,0,0,0,86,16,2,0,0,1,4266,0.6000000238418579,2,0,4266,0.5,86,2,1,28.700000762939453
2017,122,대동대학교,전문대학,사립,부산,C그룹,1,0,0,1,1,1,2,0,1,0,1,0,0,0,0,96,21,1,0,0,1,1590,0.8999999761581421,1,0,1590,0.6000000238418579,96,1,1,48.0
2017,123,대림대학교,전문대학,사립,경기,A그룹,2,1,1,0,3,1,4,0,2,0,2,0,1,0,1,327,41,2,1,1,0,6517,0.6000000238418579,2,1,6517,0.5,327,3,1,81.80000305175781
2017,124,대신대학교,대학,사립,경북,C그룹,2,0,0,0,2,0,2,0,1,1,2,0,0,0,0,68,7,2,0,0,0,493,4.099999904632568,2,0,493,4.099999904632568,68,2,0,34.0
2017,125,대원대학교,전문대학,사립,충북,C그룹,0,0,1,2,1,2,3,0,0,0,0,0,1,0,1,98,7,0,0,1,2,2667,0.699999988079071,0,1,2667,0.4000000059604645,98,0,3,32.70000076293945
2017,126,대전가톨릭대학교,대학,사립,세종,C그룹,2,1,0,0,2,1,3,1,1,0,2,0,0,0,0,138,6,2,1,0,0,116,24.100000381469727,2,0,116,17.200000762939453,138,3,0,46.0
2017,127,대전과학기술대학교,전문대학,사립,대전,B그룹,4,0,0,1,4,1,5,2,2,0,4,0,0,0,0,69,3,4,0,0,1,4696,1.0,4,0,4696,0.8999999761581421,69,4,1,13.800000190734863
2017,128,대전대학교,대학,사립,대전,B그룹,9,0,4,0,13,0,13,0,9,0,9,0,4,0,4,538,93,9,0,4,0,10612,1.100000023841858,9,4,10612,1.2000000476837158,538,9,4,41.400001525878906
2017,129,대전보건대학교,전문대학,사립,대전,A그룹,1,0,2,0,3,0,3,0,1,0,1,0,2,0,2,107,11,1,0,2,0,5901,0.4000000059604645,1,2,5901,0.5,107,1,2,35.70000076293945
2017,130,대전신학대학교,대학,사립,대전,C그룹,1,0,0,1,1,1,2,0,1,0,1,0,0,0,0,97,4,1,0,0,1,282,5.300000190734863,1,0,282,3.5,97,1,1,48.5
2017,131,대진대학교,대학,사립,경기,B그룹,4,3,3,0,7,3,10,2,2,0,4,0,3,0,3,657,84,4,3,3,0,8202,1.100000023841858,4,3,8202,0.8999999761581421,657,7,3,65.69999694824219
2017,132,대한신학대학원대학교,대학원대학,사립,경기,-,0,0,0,1,0,1,1,0,0,0,0,0,0,0,0,14,2,0,0,0,1,327,1.5,0,0,327,0.0,14,0,1,14.0
2017,133,덕성여자대학교,대학,사립,서울,B그룹,6,0,7,1,13,1,14,0,5,1,6,0,7,0,7,517,88,6,0,7,1,6284,1.899999976158142,6,7,6284,2.0999999046325684,517,6,8,36.900001525878906
2017,134,동강대학교,전문대학,사립,광주,B그룹,1,2,0,0,1,2,3,0,1,0,1,0,0,0,0,115,16,1,2,0,0,3350,0.800000011920929,1,0,3350,0.3000000119209289,115,3,0,38.29999923706055
2017,135,동국대학교,대학,사립,서울,A그룹,11,0,8,0,19,0,19,8,3,0,11,0,8,0,8,738,187,11,0,8,0,17358,1.0,11,8,17358,1.100000023841858,738,11,8,38.79999923706055
2017,136,동국대학교 WISE캠퍼스,대학,사립,경북,B그룹,2,0,9,0,11,0,11,0,2,0,2,0,9,0,9,373,107,2,0,9,0,8669,1.100000023841858,2,9,8669,1.2999999523162842,373,2,9,33.900001525878906
2017,137,동남보건대학교,전문대학,사립,경기,A그룹,2,0,0,1,2,1,3,1,1,0,2,0,0,0,0,105,6,2,0,0,1,4892,0.5,2,0,4892,0.4000000059604645,105,2,1,35.0
2017,138,동덕여자대학교,대학,사립,서울,B그룹,7,0,6,1,13,1,14,3,4,0,7,0,6,0,6,418,126,7,0,6,1,7397,1.7000000476837158,7,6,7397,1.7999999523162842,418,7,7,29.899999618530277
2017,139,동명대학교,대학,사립,부산,B그룹,2,2,8,1,10,3,13,1,1,0,2,0,8,0,8,456,35,2,2,8,1,8709,1.2000000476837158,2,8,8709,1.100000023841858,456,4,9,35.099998474121094
2017,140,동방문화대학원대학교,대학원대학,사립,서울,-,1,0,0,0,1,0,1,0,1,0,1,0,0,0,0,4,0,1,0,0,0,223,4.5,1,0,223,4.5,4,1,0,4.0
2017,141,동부산대학교,전문대학,사립,부산,C그룹,2,0,0,2,2,2,4,0,2,0,2,0,0,0,0,69,5,2,0,0,2,2381,1.2999999523162842,2,0,2381,0.800000011920929,69,2,2,17.299999237060547
2017,142,동서대학교,대학,사립,부산,B그룹,9,1,1,2,10,3,13,1,6,2,9,0,1,0,1,571,73,9,1,1,2,11432,1.0,9,1,11432,0.8999999761581421,571,10,3,43.900001525878906
2017,143,동서울대학교,전문대학,사립,경기,A그룹,2,1,1,0,3,1,4,0,2,0,2,0,0,1,1,111,4,2,1,1,0,5715,0.6000000238418579,2,1,5715,0.5,111,3,1,27.799999237060547
2017,144,동신대학교,대학,사립,전남,B그룹,3,0,3,10,6,10,16,0,3,0,3,0,3,0,3,637,30,3,0,3,10,7627,1.399999976158142,3,3,7627,0.800000011920929,637,3,13,39.79999923706055
2017,145,동아대학교,대학,사립,부산,A그룹,15,1,14,1,29,2,31,5,8,2,15,0,14,0,14,673,231,15,1,14,1,21958,1.2999999523162842,15,14,21958,1.2999999523162842,673,16,15,21.700000762939453
2017,146,동아방송예술대학교,전문대학,사립,경기,B그룹,1,0,2,0,3,0,3,0,1,0,1,0,2,0,2,117,21,1,0,2,0,3056,0.8999999761581421,1,2,3056,1.0,117,1,2,39.0
2017,147,동아보건대학교,전문대학,사립,전남,C그룹,2,0,0,0,2,0,2,0,2,0,2,0,0,0,0,69,5,2,0,0,0,2006,1.0,2,0,2006,1.0,69,2,0,34.5
2017,148,동양대학교,대학,사립,경북,C그룹,2,2,2,1,4,3,7,0,2,0,2,0,2,0,2,295,29,2,2,2,1,4585,1.2000000476837158,2,2,4585,0.8999999761581421,295,4,3,42.09999847412109
2017,149,동양미래대학교,전문대학,사립,서울,A그룹,2,2,0,0,2,2,4,0,0,2,2,0,0,0,0,108,7,2,2,0,0,5950,0.6000000238418579,2,0,5950,0.3000000119209289,108,4,0,27.0
2017,150,동우대학,전문대학,사립,강원,B그룹,0,0,0,0,0,0,0,0,0,0,0,0,0,0,0,0,0,0,0,0,0,0,0.0,0,0,0,0.0,0,0,0,0.0
2017,151,동원과학기술대학교,전문대학,사립,경남,B그룹,0,0,1,0,1,0,1,0,0,0,0,0,1,0,1,29,3,0,0,1,0,2088,0.4000000059604645,0,1,2088,0.5,29,0,1,29.0
2017,152,동원대학교,전문대학,사립,경기,B그룹,1,0,1,0,2,0,2,0,1,0,1,0,0,1,1,111,5,1,0,1,0,3841,0.5,1,1,3841,0.5,111,1,1,55.5
2017,153,동의과학대학교,전문대학,사립,부산,B그룹,3,0,0,0,3,0,3,1,2,0,3,0,0,0,0,87,14,3,0,0,0,5465,0.5,3,0,5465,0.5,87,3,0,29.0
2017,154,동의대학교,대학,사립,부산,A그룹,14,1,4,0,18,1,19,2,12,0,14,0,4,0,4,621,136,14,1,4,0,16555,1.100000023841858,14,4,16555,1.100000023841858,621,15,4,32.70000076293945
2017,155,두원공과대학교,전문대학,사립,경기,B그룹,1,0,1,0,2,0,2,0,1,0,1,0,1,0,1,25,2,1,0,1,0,5982,0.3000000119209289,1,1,5982,0.3000000119209289,25,1,1,12.5
2017,156,디지털서울문화예술대학교,대학,사립,서울,C그룹,0,0,0,0,0,0,0,0,0,0,0,0,0,0,0,0,0,0,0,0,0,3813,0.0,0,0,3813,0.0,0,0,0,0.0
2017,157,루터대학교,대학,사립,경기,C그룹,1,0,0,1,1,1,2,0,1,0,1,0,0,0,0,70,2,1,0,0,1,449,3.299999952316284,1,0,449,2.200000047683716,70,1,1,35.0
2017,158,마산대학교,전문대학,사립,경남,A그룹,2,0,0,3,2,3,5,0,2,0,2,0,0,0,0,96,21,2,0,0,3,5875,0.6000000238418579,2,0,5875,0.3000000119209289,96,2,3,19.200000762939453
2017,159,명신대학교,대학,사립,전남,C그룹,0,0,0,0,0,0,0,0,0,0,0,0,0,0,0,0,0,0,0,0,0,0,0.0,0,0,0,0.0,0,0,0,0.0
2017,160,명지대학교,대학,사립,서울,A그룹,11,2,2,2,13,4,17,3,5,3,11,0,2,0,2,533,89,11,2,2,2,16153,0.8999999761581421,11,2,16153,0.800000011920929,533,13,4,31.399999618530277
2017,161,명지전문대학,전문대학,사립,서울,A그룹,2,2,1,0,3,2,5,0,2,0,2,0,1,0,1,75,6,2,2,1,0,6986,0.6000000238418579,2,1,6986,0.4000000059604645,75,4,1,15.0
2017,162,목원대학교,대학,사립,대전,B그룹,5,0,5,0,10,0,10,1,4,0,5,0,5,0,5,362,48,5,0,5,0,9185,1.0,5,5,9185,1.100000023841858,362,5,5,36.20000076293945
2017,163,목포가톨릭대학교,대학,사립,전남,C그룹,1,0,0,0,1,0,1,0,1,0,1,0,0,0,0,29,6,1,0,0,0,570,1.7999999523162842,1,0,570,1.7999999523162842,29,1,0,29.0
2017,164,목포과학대학교,전문대학,사립,전남,B그룹,1,0,0,1,1,1,2,1,0,0,1,0,0,0,0,58,2,1,0,0,1,2504,0.6000000238418579,1,0,2504,0.4000000059604645,58,1,1,29.0
2017,165,문경대학교,전문대학,사립,경북,C그룹,1,0,0,0,1,0,1,0,1,0,1,0,0,0,0,46,5,1,0,0,0,864,1.2000000476837158,1,0,864,1.2000000476837158,46,1,0,46.0
2017,166,배재대학교,대학,사립,대전,B그룹,4,5,2,3,6,8,14,2,2,0,4,0,2,0,2,492,97,4,5,2,3,9896,1.100000023841858,4,2,9896,0.6000000238418579,492,9,5,35.099998474121094
2017,167,배화여자대학교,전문대학,사립,서울,B그룹,2,0,0,0,2,0,2,0,2,0,2,0,0,0,0,87,4,2,0,0,0,3130,0.6000000238418579,2,0,3130,0.6000000238418579,87,2,0,43.5
2017,168,백석대학교,대학,사립,충남,A그룹,4,1,12,1,16,2,18,0,3,1,4,0,12,0,12,660,164,4,1,12,1,14788,1.0,4,12,14788,1.100000023841858,660,5,13,36.70000076293945
2017,169,백석문화대학교,전문대학,사립,충남,A그룹,4,0,1,0,5,0,5,1,2,1,4,0,1,0,1,272,71,4,0,1,0,5873,0.800000011920929,4,1,5873,0.8999999761581421,272,4,1,54.400001525878906
2017,170,백석예술대학,전문대학,사립,서울,A그룹,0,0,0,0,0,0,0,0,0,0,0,0,0,0,0,0,0,0,0,0,0,0,0.0,0,0,0,0.0,0,0,0,0.0
2017,171,백제예술대학교,전문대학,사립,전북,C그룹,1,0,0,0,1,0,1,0,0,1,1,0,0,0,0,31,1,1,0,0,0,1754,0.6000000238418579,1,0,1754,0.6000000238418579,31,1,0,31.0
2017,172,베뢰아국제대학원대학교,대학원대학,사립,서울,-,2,0,0,0,2,0,2,0,1,1,2,0,0,0,0,3,1,2,0,0,0,87,23.0,2,0,87,23.0,3,2,0,1.5
2017,173,벽성대학,전문대학,사립,전북,C그룹,0,0,0,0,0,0,0,0,0,0,0,0,0,0,0,0,0,0,0,0,0,0,0.0,0,0,0,0.0,0,0,0,0.0
2017,174,부산가톨릭대학교,대학,사립,부산,C그룹,3,2,0,1,3,3,6,0,3,0,3,0,0,0,0,379,47,3,2,0,1,4209,1.2000000476837158,3,0,4209,0.699999988079071,379,5,1,63.20000076293945
2017,175,부산경상대학교,전문대학,사립,부산,B그룹,0,0,1,1,1,1,2,0,0,0,0,0,1,0,1,27,1,0,0,1,1,3087,0.4000000059604645,0,1,3087,0.3000000119209289,27,0,2,13.5
2017,176,부산과학기술대학교,전문대학,사립,부산,B그룹,1,0,1,1,2,1,3,0,1,0,1,0,0,1,1,69,4,1,0,1,1,4357,0.5,1,1,4357,0.5,69,1,2,23.0
2017,177,부산교육대학교,대학,국립,부산,C그룹,6,0,1,0,7,0,7,1,5,0,6,0,0,1,1,617,132,6,0,1,0,2546,2.700000047683716,6,1,2546,2.700000047683716,617,6,1,88.0999984741211
2017,178,부산대학교,대학,국립,부산,A그룹,46,0,1,1,47,1,48,18,28,0,46,0,1,0,1,3699,544,46,0,1,1,29618,1.600000023841858,46,1,29618,1.600000023841858,3699,46,2,77.0999984741211
2017,179,부산디지털대학교,대학,사립,부산,C그룹,0,1,0,0,0,1,1,0,0,0,0,0,0,0,0,0,0,0,1,0,0,2412,0.3000000119209289,0,0,2412,0.0,0,1,0,0.0
2017,180,부산보건대학교,전문대학,사립,부산,B그룹,1,0,1,1,2,1,3,1,0,0,1,0,1,0,1,175,43,1,0,1,1,3472,0.699999988079071,1,1,3472,0.6000000238418579,175,1,2,58.29999923706055
2017,181,부산여자대학교,전문대학,사립,부산,C그룹,3,0,0,0,3,0,3,3,0,0,3,0,0,0,0,91,10,3,0,0,0,3056,1.0,3,0,3056,1.0,91,3,0,30.299999237060547
2017,182,부산예술대학교,전문대학,사립,부산,C그룹,0,0,1,0,1,0,1,0,0,0,0,0,0,1,1,0,0,0,0,1,0,862,0.8999999761581421,0,1,862,1.2000000476837158,0,0,1,0.0
2017,183,부산외국어대학교,대학,사립,부산,B그룹,3,0,6,2,9,2,11,0,3,0,3,0,5,1,6,491,85,3,0,6,2,9538,0.8999999761581421,3,6,9538,0.8999999761581421,491,3,8,44.59999847412109
2017,184,부산장신대학교,대학,사립,경남,C그룹,1,0,0,0,1,0,1,1,0,0,1,0,0,0,0,47,10,1,0,0,0,512,2.0,1,0,512,2.0,47,1,0,47.0
2017,185,부천대학교,전문대학,사립,경기,A그룹,1,0,1,1,2,1,3,0,1,0,1,0,1,0,1,190,12,1,0,1,1,7669,0.3000000119209289,1,1,7669,0.3000000119209289,190,1,2,63.29999923706055
2017,186,삼육대학교,대학,사립,서울,B그룹,3,3,1,1,4,4,8,1,2,0,3,0,1,0,1,401,54,3,3,1,1,6006,1.100000023841858,3,1,6006,0.699999988079071,401,6,2,50.09999847412109
2017,187,삼육보건대학교,전문대학,사립,서울,C그룹,1,0,1,1,2,1,3,0,1,0,1,0,1,0,1,83,5,1,0,1,1,1356,1.7000000476837158,1,1,1356,1.5,83,1,2,27.700000762939453
2017,188,상명대학교,대학,사립,서울,A그룹,7,3,5,10,12,13,25,5,2,0,7,0,5,0,5,1180,189,7,3,5,10,14952,1.2000000476837158,7,5,14952,0.800000011920929,1180,10,15,47.20000076293945
2017,189,상지대학교,대학,사립,강원,B그룹,7,0,4,0,11,0,11,2,3,2,7,0,3,1,4,190,37,7,0,4,0,7620,1.2999999523162842,7,4,7620,1.399999976158142,190,7,4,17.299999237060547
2017,190,상지영서대학교,전문대학,사립,강원,B그룹,1,1,0,2,1,3,4,0,1,0,1,0,0,0,0,30,1,1,1,0,2,2854,1.0,1,0,2854,0.4000000059604645,30,2,2,7.5
2017,191,서강대학교,대학,사립,서울,A그룹,19,0,6,3,25,3,28,13,6,0,19,0,6,0,6,1238,187,19,0,6,3,11174,2.299999952316284,19,6,11174,2.200000047683716,1238,19,9,44.20000076293945
2017,192,서경대학교,대학,사립,서울,B그룹,2,3,4,0,6,3,9,0,2,0,2,1,2,1,4,260,49,2,3,4,0,7190,1.100000023841858,2,4,7190,0.800000011920929,260,5,4,28.899999618530277
2017,193,서남대학교,대학,사립,전북,C그룹,0,1,0,0,0,1,1,0,0,0,0,0,0,0,0,41,2,0,1,0,0,1758,0.5,0,0,1758,0.0,41,1,0,41.0
2017,194,서라벌대학교,전문대학,사립,경북,C그룹,1,0,0,0,1,0,1,0,1,0,1,0,0,0,0,28,1,1,0,0,0,872,1.100000023841858,1,0,872,1.100000023841858,28,1,0,28.0
2017,195,서영대학교,전문대학,사립,광주,A그룹,1,1,1,0,2,1,3,0,1,0,1,0,1,0,1,96,7,1,1,1,0,5094,0.5,1,1,5094,0.4000000059604645,96,2,1,32.0
2017,196,서울과학기술대학교,대학,국립,서울,A그룹,10,2,0,0,10,2,12,0,8,2,10,0,0,0,0,1097,32,10,2,0,0,12407,0.8999999761581421,10,0,12407,0.800000011920929,1097,12,0,91.4000015258789
2017,197,서울과학종합대학원대학교,대학원대학,사립,서울,-,0,1,0,0,0,1,1,0,0,0,0,0,0,0,0,24,2,0,1,0,0,368,2.200000047683716,0,0,368,0.0,24,1,0,24.0
2017,198,서울교육대학교,대학,국립,서울,C그룹,5,0,1,1,6,1,7,2,3,0,5,0,1,0,1,558,28,5,0,1,1,2996,2.0999999046325684,5,1,2996,2.0,558,5,2,79.69999694824219
2017,199,서울기독대학교,대학,사립,서울,C그룹,1,1,0,0,1,1,2,1,0,0,1,0,0,0,0,60,3,1,1,0,0,761,2.400000095367432,1,0,761,1.2999999523162842,60,2,0,30.0
2017,200,서울대학교,대학,국립,서울,A그룹,75,9,7,0,82,9,91,21,47,7,75,0,6,1,7,4646,890,75,9,7,0,28630,3.0999999046325684,75,7,28630,2.900000095367432,4646,84,7,51.09999847412109
2017,201,서울디지털대학교,대학,사립,서울,A그룹,0,0,0,1,0,1,1,0,0,0,0,0,0,0,0,0,0,0,0,0,1,10833,0.0,0,0,10833,0.0,0,0,1,0.0
2017,202,서울미디어대학원대학교,대학원대학,사립,서울,-,0,0,1,1,1,1,2,0,0,0,0,0,1,0,1,3,0,0,0,1,1,104,12.5,0,1,104,9.600000381469728,3,0,2,1.5
2017,203,서울벤처대학원대학교,대학원대학,사립,서울,-,0,0,0,0,0,0,0,0,0,0,0,0,0,0,0,0,0,0,0,0,0,256,0.0,0,0,256,0.0,0,0,0,0.0
2017,204,서울불교대학원대학교,대학원대학,사립,서울,-,0,0,0,1,0,1,1,0,0,0,0,0,0,0,0,0,0,0,0,0,1,172,2.900000095367432,0,0,172,0.0,0,0,1,0.0
2017,205,서울사이버대학교,대학,사립,서울,A그룹,0,0,0,1,0,1,1,0,0,0,0,0,0,0,0,0,1,0,0,0,1,11143,0.0,0,0,11143,0.0,0,0,1,0.0
2017,206,서울사회복지대학원대학교,대학원대학,사립,서울,-,0,0,0,1,0,1,1,0,0,0,0,0,0,0,0,0,0,0,0,0,1,96,5.199999809265137,0,0,96,0.0,0,0,1,0.0
2017,207,서울상담심리대학원대학교,대학원대학,사립,서울,-,1,0,0,0,1,0,1,1,0,0,1,0,0,0,0,30,1,1,0,0,0,97,10.300000190734863,1,0,97,10.300000190734863,30,1,0,30.0
2017,208,서울성경신학대학원대학교,대학원대학,사립,서울,-,1,0,0,0,1,0,1,0,1,0,1,0,0,0,0,64,7,1,0,0,0,86,11.600000381469728,1,0,86,11.600000381469728,64,1,0,64.0
2017,209,서울시립대학교,대학,공립,서울,A그룹,21,1,4,0,25,1,26,4,13,4,21,0,2,2,4,2071,66,21,1,4,0,11793,2.0999999046325684,21,4,11793,2.0999999046325684,2071,22,4,79.69999694824219
2017,210,서울신학대학교,대학,사립,경기,C그룹,3,2,1,1,4,3,7,2,1,0,3,0,1,0,1,372,20,3,2,1,1,3170,1.899999976158142,3,1,3170,1.2999999523162842,372,5,2,53.09999847412109
2017,211,서울여자간호대학교,전문대학,사립,서울,C그룹,1,0,0,0,1,0,1,0,1,0,1,0,0,0,0,50,1,1,0,0,0,966,1.0,1,0,966,1.0,50,1,0,50.0
2017,212,서울여자대학교,대학,사립,서울,B그룹,4,2,9,0,13,2,15,2,2,0,4,0,9,0,9,796,141,4,2,9,0,8058,1.600000023841858,4,9,8058,1.600000023841858,796,6,9,53.09999847412109
2017,213,서울예술대학교,전문대학,사립,경기,B그룹,3,0,1,0,4,0,4,1,2,0,3,0,1,0,1,188,20,3,0,1,0,3136,1.2000000476837158,3,1,3136,1.2999999523162842,188,3,1,47.0
2017,214,서울외국어대학원대학교,대학원대학,사립,서울,-,0,0,0,0,0,0,0,0,0,0,0,0,0,0,0,0,0,0,0,0,0,155,0.0,0,0,155,0.0,0,0,0,0.0
2017,215,서울장신대학교,대학,사립,경기,C그룹,1,1,1,0,2,1,3,0,1,0,1,0,1,0,1,132,14,1,1,1,0,852,3.0999999046325684,1,1,852,2.299999952316284,132,2,1,44.0
2017,216,서울한영대학교,대학,사립,서울,C그룹,2,1,0,1,2,2,4,1,1,0,2,0,0,0,0,238,22,2,1,0,1,1090,3.0,2,0,1090,1.7999999523162842,238,3,1,59.5
2017,217,서원대학교,대학,사립,충북,B그룹,3,2,2,3,5,5,10,1,2,0,3,0,2,0,2,405,64,3,2,2,3,7493,1.0,3,2,7493,0.699999988079071,405,5,5,40.5
2017,218,서일대학교,전문대학,사립,서울,A그룹,2,0,0,1,2,1,3,0,2,0,2,0,0,0,0,76,13,2,0,0,1,6524,0.4000000059604645,2,0,6524,0.3000000119209289,76,2,1,25.299999237060547
2017,219,서정대학교,전문대학,사립,경기,A그룹,0,0,2,1,2,1,3,0,0,0,0,0,1,1,2,48,5,0,0,2,1,4488,0.5,0,2,4488,0.4000000059604645,48,0,3,16.0
2017,220,서해대학,전문대학,사립,전북,C그룹,1,0,0,0,1,0,1,0,1,0,1,0,0,0,0,27,1,1,0,0,0,1247,0.800000011920929,1,0,1247,0.800000011920929,27,1,0,27.0
2017,221,선교청대학교,대학,사립,충남,C그룹,0,0,0,0,0,0,0,0,0,0,0,0,0,0,0,0,0,0,0,0,0,0,0.0,0,0,0,0.0,0,0,0,0.0
2017,222,선린대학교,전문대학,사립,경북,C그룹,1,0,1,0,2,0,2,0,0,1,1,0,1,0,1,72,3,1,0,1,0,2606,0.699999988079071,1,1,2606,0.800000011920929,72,1,1,36.0
2017,223,선문대학교,대학,사립,충남,B그룹,2,0,5,4,7,4,11,0,2,0,2,0,4,1,5,369,91,2,0,5,4,10054,0.800000011920929,2,5,10054,0.699999988079071,369,2,9,33.5
2017,224,선학유피대학원대학교,대학원대학,사립,경기,-,1,0,0,1,1,1,2,0,1,0,1,0,0,0,0,54,2,1,0,0,1,75,20.0,1,0,75,13.300000190734863,54,1,1,27.0
2017,225,성결대학교,대학,사립,경기,B그룹,4,0,2,1,6,1,7,1,3,0,4,0,2,0,2,263,31,4,0,2,1,6054,1.0,4,2,6054,1.0,263,4,3,37.59999847412109
2017,226,성공회대학교,대학,사립,서울,C그룹,4,0,0,0,4,0,4,1,3,0,4,0,0,0,0,141,22,4,0,0,0,2516,1.600000023841858,4,0,2516,1.600000023841858,141,4,0,35.29999923706055
2017,227,성균관대학교,대학,사립,서울,A그룹,19,1,30,5,49,6,55,11,8,0,19,0,16,14,30,1618,225,19,1,30,5,26654,1.7000000476837158,19,30,26654,1.7999999523162842,1618,20,35,29.399999618530277
2017,228,성산효대학원대학교,대학원대학,사립,인천,-,1,0,0,0,1,0,1,1,0,0,1,0,0,0,0,4,1,1,0,0,0,236,4.199999809265137,1,0,236,4.199999809265137,4,1,0,4.0
2017,229,성서침례대학원대학교,대학원대학,사립,경기,-,0,1,0,0,0,1,1,0,0,0,0,0,0,0,0,10,2,0,1,0,0,49,16.299999237060547,0,0,49,0.0,10,1,0,10.0
2017,230,성신여자대학교,대학,사립,서울,A그룹,6,1,6,8,12,9,21,1,5,0,6,0,6,0,6,815,151,6,1,6,8,10445,1.5,6,6,10445,1.100000023841858,815,7,14,38.79999923706055
2017,231,성운대학교,전문대학,사립,경북,C그룹,1,0,0,0,1,0,1,0,1,0,1,0,0,0,0,39,6,1,0,0,0,1364,0.699999988079071,1,0,1364,0.699999988079071,39,1,0,39.0
2017,232,성화대학,전문대학,사립,전남,B그룹,0,0,0,0,0,0,0,0,0,0,0,0,0,0,0,0,0,0,0,0,0,0,0.0,0,0,0,0.0,0,0,0,0.0
2017,233,세경대학교,전문대학,사립,강원,C그룹,1,0,0,0,1,0,1,0,1,0,1,0,0,0,0,38,2,1,0,0,0,941,1.100000023841858,1,0,941,1.100000023841858,38,1,0,38.0
2017,234,세계사이버대학,기타,기타,경기,-,0,0,0,0,0,0,0,0,0,0,0,0,0,0,0,0,0,0,0,0,0,0,0.0,0,0,0,0.0,0,0,0,0.0
2017,235,세명대학교,대학,사립,충북,B그룹,3,2,2,5,5,7,12,1,2,0,3,0,2,0,2,723,28,3,2,2,5,8347,1.0,3,2,8347,0.6000000238418579,723,5,7,60.29999923706055
2017,236,세종대학교,대학,사립,서울,A그룹,8,0,0,3,8,3,11,2,6,0,8,0,0,0,0,249,60,8,0,0,3,13968,0.699999988079071,8,0,13968,0.6000000238418579,249,8,3,22.600000381469727
2017,237,세한대학교,대학,사립,충남,C그룹,3,2,0,0,3,2,5,0,3,0,3,0,0,0,0,236,30,3,2,0,0,4261,1.100000023841858,3,0,4261,0.699999988079071,236,5,0,47.20000076293945
2017,238,송곡대학교,전문대학,사립,강원,C그룹,1,0,0,0,1,0,1,0,0,1,1,0,0,0,0,15,1,1,0,0,0,751,1.2999999523162842,1,0,751,1.2999999523162842,15,1,0,15.0
2017,239,송원대학교,대학,사립,광주,C그룹,2,1,0,0,2,1,3,0,2,0,2,0,0,0,0,135,50,2,1,0,0,2587,1.100000023841858,2,0,2587,0.800000011920929,135,3,0,45.0
2017,240,송호대학교,전문대학,사립,강원,C그룹,1,0,0,0,1,0,1,0,0,1,1,0,0,0,0,32,4,1,0,0,0,1007,1.0,1,0,1007,1.0,32,1,0,32.0
2017,241,수도국제대학원대학교,대학원대학,사립,서울,-,1,0,0,0,1,0,1,0,1,0,1,0,0,0,0,0,0,1,0,0,0,303,3.299999952316284,1,0,303,3.299999952316284,0,1,0,0.0
2017,242,수성대학교,전문대학,사립,대구,B그룹,1,1,1,0,2,1,3,0,1,0,1,0,1,0,1,89,4,1,1,1,0,3715,0.699999988079071,1,1,3715,0.5,89,2,1,29.700000762939453
2017,243,수원가톨릭대학교,대학,사립,경기,C그룹,2,1,0,0,2,1,3,1,1,0,2,0,0,0,0,72,9,2,1,0,0,197,14.199999809265137,2,0,197,10.199999809265137,72,3,0,24.0
2017,244,수원과학대학교,전문대학,사립,경기,B그룹,1,1,1,1,2,2,4,0,1,0,1,0,1,0,1,118,5,1,1,1,1,6214,0.5,1,1,6214,0.3000000119209289,118,2,2,29.5
2017,245,수원대학교,대학,사립,경기,B그룹,4,0,7,7,11,7,18,2,0,2,4,0,7,0,7,328,113,4,0,7,7,10917,1.2000000476837158,4,7,10917,1.0,328,4,14,18.200000762939453
2017,246,수원여자대학교,전문대학,사립,경기,B그룹,2,0,0,0,2,0,2,1,1,0,2,0,0,0,0,25,1,2,0,0,0,4466,0.4000000059604645,2,0,4466,0.4000000059604645,25,2,0,12.5
2017,247,숙명여자대학교,대학,사립,서울,A그룹,14,1,3,0,17,1,18,6,6,2,14,0,3,0,3,1090,246,14,1,3,0,12820,1.2999999523162842,14,3,12820,1.2999999523162842,1090,15,3,60.59999847412109
2017,248,순복음대학원대학교,대학원대학,사립,서울,-,0,0,0,1,0,1,1,0,0,0,0,0,0,0,0,0,0,0,0,0,1,146,3.400000095367432,0,0,146,0.0,0,0,1,0.0
2017,249,순복음총회신학교,대학,사립,충북,C그룹,0,1,0,0,0,1,1,0,0,0,0,0,0,0,0,0,0,0,1,0,0,345,2.299999952316284,0,0,345,0.0,0,1,0,0.0
2017,250,순천제일대학교,전문대학,사립,전남,B그룹,2,0,0,0,2,0,2,0,2,0,2,0,0,0,0,57,2,2,0,0,0,2576,0.800000011920929,2,0,2576,0.800000011920929,57,2,0,28.5
2017,251,순천향대학교,대학,사립,충남,A그룹,6,5,4,2,10,7,17,2,4,0,6,0,4,0,4,799,104,6,5,4,2,11771,1.2000000476837158,6,4,11771,0.800000011920929,799,11,6,47.0
2017,252,숭실대학교,대학,사립,서울,A그룹,9,1,6,2,15,3,18,3,6,0,9,0,6,0,6,358,42,9,1,6,2,15399,1.0,9,6,15399,1.0,358,10,8,19.899999618530277
2017,253,숭실사이버대학교,대학,사립,서울,B그룹,0,0,0,0,0,0,0,0,0,0,0,0,0,0,0,0,0,0,0,0,0,5239,0.0,0,0,5239,0.0,0,0,0,0.0
2017,254,숭의여자대학교,전문대학,사립,서울,B그룹,0,0,3,0,3,0,3,0,0,0,0,0,1,2,3,91,16,0,0,3,0,3509,0.699999988079071,0,3,3509,0.8999999761581421,91,0,3,30.299999237060547
2017,255,신경주대학교,대학,사립,경북,C그룹,3,0,2,2,5,2,7,0,1,2,3,0,2,0,2,461,20,3,0,2,2,2326,2.400000095367432,3,2,2326,2.0999999046325684,461,3,4,65.9000015258789
2017,256,신구대학교,전문대학,사립,경기,A그룹,2,0,0,0,2,0,2,0,1,1,2,0,0,0,0,98,6,2,0,0,0,6761,0.3000000119209289,2,0,6761,0.3000000119209289,98,2,0,49.0
2017,257,신라대학교,대학,사립,부산,B그룹,11,0,4,0,15,0,15,5,6,0,11,0,4,0,4,158,64,11,0,4,0,10544,1.2999999523162842,11,4,10544,1.399999976158142,158,11,4,10.5
2017,258,신성대학교,전문대학,사립,충남,B그룹,2,1,0,1,2,2,4,0,2,0,2,0,0,0,0,96,11,2,1,0,1,4025,0.800000011920929,2,0,4025,0.5,96,3,1,24.0
2017,259,신안산대학교,전문대학,사립,경기,B그룹,1,1,1,0,2,1,3,0,0,1,1,0,0,1,1,157,9,1,1,1,0,4371,0.6000000238418579,1,1,4371,0.5,157,2,1,52.29999923706055
2017,260,신한대학교,대학,사립,경기,B그룹,4,2,1,0,5,2,7,4,0,0,4,0,1,0,1,393,71,4,2,1,0,6047,1.100000023841858,4,1,6047,0.800000011920929,393,6,1,56.09999847412109
2017,261,신흥대학교,전문대학,사립,경기,A그룹,0,0,0,0,0,0,0,0,0,0,0,0,0,0,0,0,0,0,0,0,0,0,0.0,0,0,0,0.0,0,0,0,0.0
2017,262,실천신학대학원대학교,대학원대학,사립,경기,-,1,0,0,0,1,0,1,1,0,0,1,0,0,0,0,22,1,1,0,0,0,57,17.5,1,0,57,17.5,22,1,0,22.0
2017,263,아신대학교,대학,사립,경기,C그룹,2,0,0,0,2,0,2,0,2,0,2,0,0,0,0,86,8,2,0,0,0,1479,1.399999976158142,2,0,1479,1.399999976158142,86,2,0,43.0
2017,264,아주대학교,대학,사립,경기,A그룹,11,2,10,1,21,3,24,3,8,0,11,0,10,0,10,716,161,11,2,10,1,14042,1.5,11,10,14042,1.5,716,13,11,29.799999237060547
2017,265,아주자동차대학교,전문대학,사립,충남,C그룹,1,0,0,0,1,0,1,0,1,0,1,0,0,0,0,14,2,1,0,0,0,1004,1.0,1,0,1004,1.0,14,1,0,14.0
2017,266,안동과학대학교,전문대학,사립,경북,B그룹,2,0,1,0,3,0,3,0,2,0,2,0,1,0,1,142,7,2,0,1,0,2813,1.0,2,1,2813,1.100000023841858,142,2,1,47.29999923706055
2017,267,안산대학교,전문대학,사립,경기,A그룹,3,1,0,0,3,1,4,0,3,0,3,0,0,0,0,125,9,3,1,0,0,4557,0.800000011920929,3,0,4557,0.699999988079071,125,4,0,31.299999237060547
2017,268,안양대학교,대학,사립,경기,B그룹,2,0,0,4,2,4,6,1,1,0,2,0,0,0,0,148,44,2,0,0,4,5336,0.699999988079071,2,0,5336,0.4000000059604645,148,2,4,24.700000762939453
2017,269,에스라성경대학원대학교,대학원대학,사립,경기,-,0,1,0,0,0,1,1,0,0,0,0,0,0,0,0,8,2,0,1,0,0,60,13.300000190734863,0,0,60,0.0,8,1,0,8.0
2017,270,여주대학교,전문대학,사립,경기,B그룹,2,1,0,0,2,1,3,0,2,0,2,0,0,0,0,59,4,2,1,0,0,5585,0.5,2,0,5585,0.4000000059604645,59,3,0,19.700000762939453
2017,271,연성대학교,전문대학,사립,경기,A그룹,1,0,1,2,2,2,4,0,1,0,1,0,1,0,1,60,2,1,0,1,2,5943,0.5,1,1,5943,0.3000000119209289,60,1,3,15.0
2017,272,연세대학교,대학,사립,서울,A그룹,45,4,33,19,78,23,101,15,30,0,45,0,25,8,33,2795,664,45,4,33,19,31007,2.700000047683716,45,33,31007,2.5,2795,49,52,27.700000762939453
2017,273,연세대학교(미래),대학,사립,강원,B그룹,9,1,0,7,9,8,17,0,9,0,9,0,0,0,0,410,53,9,1,0,7,8145,1.600000023841858,9,0,8145,1.100000023841858,410,10,7,24.100000381469727
2017,274,연암공과대학교,전문대학,사립,경남,C그룹,0,0,2,0,2,0,2,0,0,0,0,0,2,0,2,43,3,0,0,2,0,1241,1.2999999523162842,0,2,1241,1.600000023841858,43,0,2,21.5
2017,275,연암대학교,전문대학,사립,충남,C그룹,1,0,0,1,1,1,2,0,1,0,1,0,0,0,0,31,1,1,0,0,1,1079,1.399999976158142,1,0,1079,0.8999999761581421,31,1,1,15.5
2017,276,영남대학교,대학,사립,경북,A그룹,25,3,4,5,29,8,37,10,14,1,25,0,4,0,4,1026,231,25,3,4,5,25124,1.2999999523162842,25,4,25124,1.2000000476837158,1026,28,9,27.700000762939453
2017,277,영남사이버대학교,대학,사립,경북,C그룹,0,0,0,0,0,0,0,0,0,0,0,0,0,0,0,0,0,0,0,0,0,0,0.0,0,0,0,0.0,0,0,0,0.0
2017,278,영남신학대학교,대학,사립,경북,C그룹,2,0,0,0,2,0,2,0,2,0,2,0,0,0,0,42,5,2,0,0,0,701,2.900000095367432,2,0,701,2.900000095367432,42,2,0,21.0
2017,279,영남외국어대학,전문대학,사립,경북,C그룹,0,0,0,0,0,0,0,0,0,0,0,0,0,0,0,0,0,0,0,0,0,799,0.0,0,0,799,0.0,0,0,0,0.0
2017,280,영남이공대학교,전문대학,사립,대구,A그룹,0,1,4,0,4,1,5,0,0,0,0,0,4,0,4,143,11,0,1,4,0,5980,0.699999988079071,0,4,5980,0.699999988079071,143,1,4,28.600000381469727
2017,281,영산대학교,대학,사립,경남,B그룹,7,0,1,0,8,0,8,1,6,0,7,0,1,0,1,375,37,7,0,1,0,7293,1.100000023841858,7,1,7293,1.100000023841858,375,7,1,46.900001525878906
2017,282,영산선학대학교,대학,사립,전남,C그룹,1,0,0,0,1,0,1,1,0,0,1,0,0,0,0,0,0,1,0,0,0,38,26.299999237060547,1,0,38,26.299999237060547,0,1,0,0.0
2017,283,영진전문대학교,전문대학,사립,대구,A그룹,6,0,0,3,6,3,9,1,2,3,6,0,0,0,0,366,55,6,0,0,3,7799,1.0,6,0,7799,0.800000011920929,366,6,3,40.70000076293945
2017,284,예명대학원대학교,대학원대학,사립,서울,-,0,1,0,0,0,1,1,0,0,0,0,0,0,0,0,0,0,0,1,0,0,124,6.5,0,0,124,0.0,0,1,0,0.0
2017,285,예수대학교,대학,사립,전북,C그룹,1,0,1,0,2,0,2,0,1,0,1,0,1,0,1,135,4,1,0,1,0,575,3.0999999046325684,1,1,575,3.5,135,1,1,67.5
2017,286,예원예술대학교,대학,사립,전북,C그룹,1,0,0,0,1,0,1,0,1,0,1,0,0,0,0,28,2,1,0,0,0,1182,0.800000011920929,1,0,1182,0.800000011920929,28,1,0,28.0
2017,287,오산대학교,전문대학,사립,경기,A그룹,1,1,1,2,2,3,5,1,0,0,1,0,0,1,1,162,6,1,1,1,2,4823,0.699999988079071,1,1,4823,0.4000000059604645,162,2,3,32.400001525878906
2017,288,온석대학원대학교,대학원대학,사립,경기,-,1,1,0,0,1,1,2,1,0,0,1,0,0,0,0,40,1,1,1,0,0,244,7.400000095367432,1,0,244,4.099999904632568,40,2,0,20.0
2017,289,용인대학교,대학,사립,경기,B그룹,6,1,0,2,6,3,9,3,3,0,6,0,0,0,0,279,36,6,1,0,2,7183,1.100000023841858,6,0,7183,0.800000011920929,279,7,2,31.0
2017,290,용인예술과학대학교,전문대학,사립,경기,B그룹,0,1,1,1,1,2,3,0,0,0,0,0,0,1,1,96,4,0,1,1,1,3980,0.5,0,1,3980,0.3000000119209289,96,1,2,32.0
2017,291,우석대학교,대학,사립,전북,B그룹,7,1,0,2,7,3,10,1,6,0,7,0,0,0,0,334,108,7,1,0,2,8462,1.0,7,0,8462,0.800000011920929,334,8,2,33.400001525878906
2017,292,우송공업대학,전문대학,사립,대전,B그룹,0,0,0,0,0,0,0,0,0,0,0,0,0,0,0,0,0,0,0,0,0,0,0.0,0,0,0,0.0,0,0,0,0.0
2017,293,우송대학교,대학,사립,대전,A그룹,0,4,4,14,4,18,22,0,0,0,0,0,4,0,4,47,7,0,4,4,14,9836,1.399999976158142,0,4,9836,0.4000000059604645,47,4,18,2.0999999046325684
2017,294,우송정보대학,전문대학,사립,대전,B그룹,0,1,2,1,2,2,4,0,0,0,0,0,2,0,2,17,4,0,1,2,1,4870,0.6000000238418579,0,2,4870,0.4000000059604645,17,1,3,4.300000190734863
2017,295,울산과학기술원,대학,국립,울산,C그룹,5,0,5,2,10,2,12,1,4,0,5,0,5,0,5,375,97,5,0,5,2,4475,2.200000047683716,5,5,4475,2.200000047683716,375,5,7,31.299999237060547
2017,296,울산과학대학교,전문대학,사립,울산,A그룹,3,0,2,0,5,0,5,1,1,1,3,0,2,0,2,155,10,3,0,2,0,4733,1.0,3,2,4733,1.100000023841858,155,3,2,31.0
2017,297,울산대학교,대학,사립,울산,A그룹,18,0,5,2,23,2,25,2,16,0,18,0,5,0,5,638,184,18,0,5,2,14544,1.600000023841858,18,5,14544,1.600000023841858,638,18,7,25.5
2017,298,웅지세무대학교,전문대학,사립,경기,C그룹,0,0,0,0,0,0,0,0,0,0,0,0,0,0,0,0,0,0,0,0,0,1758,0.0,0,0,1758,0.0,0,0,0,0.0
2017,299,원광대학교,대학,사립,전북,A그룹,14,1,0,14,14,15,29,6,8,0,14,0,0,0,0,799,280,14,1,0,14,17286,1.2999999523162842,14,0,17286,0.800000011920929,799,15,14,27.600000381469727
2017,300,원광보건대학교,전문대학,사립,전북,B그룹,2,0,0,1,2,1,3,0,2,0,2,0,0,0,0,48,8,2,0,0,1,4718,0.5,2,0,4718,0.4000000059604645,48,2,1,16.0
2017,301,원불교대학원대학교,대학원대학,사립,전북,-,0,0,0,0,0,0,0,0,0,0,0,0,0,0,0,0,0,0,0,0,0,62,0.0,0,0,62,0.0,0,0,0,0.0
2017,302,웨스트민스터신학대학원대학교,대학원대학,사립,경기,-,1,0,0,0,1,0,1,0,1,0,1,0,0,0,0,30,1,1,0,0,0,401,2.5,1,0,401,2.5,30,1,0,30.0
2017,303,위덕대학교,대학,사립,경북,C그룹,2,2,1,1,3,3,6,0,0,2,2,0,1,0,1,217,33,2,2,1,1,3485,1.399999976158142,2,1,3485,0.8999999761581421,217,4,2,36.20000076293945
2017,304,유원대학교,대학,사립,충북,C그룹,2,2,0,1,2,3,5,1,1,0,2,0,0,0,0,350,10,2,2,0,1,3792,1.100000023841858,2,0,3792,0.5,350,4,1,70.0
2017,305,유한대학교,전문대학,사립,경기,A그룹,2,2,0,0,2,2,4,0,2,0,2,0,0,0,0,94,7,2,2,0,0,4892,0.699999988079071,2,0,4892,0.4000000059604645,94,4,0,23.5
2017,306,육군사관학교,기타,기타,서울,-,8,0,0,0,8,0,8,5,3,0,8,0,0,0,0,105,1,8,0,0,0,0,0.0,8,0,0,0.0,105,8,0,13.100000381469728
2017,307,을지대학교,대학,사립,대전,B그룹,1,0,4,4,5,4,9,0,1,0,1,0,4,0,4,18,11,1,0,4,4,5348,1.2000000476837158,1,4,5348,0.8999999761581421,18,1,8,2.0
2017,308,이화여자대학교,대학,사립,서울,A그룹,22,2,20,2,42,4,46,11,11,0,22,0,8,12,20,1413,246,22,2,20,2,21552,1.899999976158142,22,20,21552,1.899999976158142,1413,24,22,30.700000762939453
2017,309,인덕대학교,전문대학,사립,서울,A그룹,2,0,0,0,2,0,2,0,1,1,2,0,0,0,0,16,1,2,0,0,0,6314,0.3000000119209289,2,0,6314,0.3000000119209289,16,2,0,8.0
2017,310,인제대학교,대학,사립,경남,B그룹,7,3,4,1,11,4,15,2,5,0,7,0,4,0,4,520,107,7,3,4,1,11407,1.100000023841858,7,4,11407,1.0,520,10,5,34.70000076293945
2017,311,인제대학원대학교,대학원대학,사립,서울,-,0,0,0,0,0,0,0,0,0,0,0,0,0,0,0,0,0,0,0,0,0,0,0.0,0,0,0,0.0,0,0,0,0.0
2017,312,인천가톨릭대학교,대학,사립,인천,C그룹,3,0,0,0,3,0,3,0,3,0,3,0,0,0,0,121,5,3,0,0,0,879,3.400000095367432,3,0,879,3.400000095367432,121,3,0,40.29999923706055
2017,313,인천대학교,대학,국립,인천,A그룹,12,6,0,0,12,6,18,2,5,5,12,0,0,0,0,998,195,12,6,0,0,13822,1.2000000476837158,12,0,13822,0.8999999761581421,998,18,0,55.400001525878906
2017,314,인천전문대학,전문대학,공립,인천,A그룹,0,0,0,0,0,0,0,0,0,0,0,0,0,0,0,0,0,0,0,0,0,0,0.0,0,0,0,0.0,0,0,0,0.0
2017,315,인하공업전문대학,전문대학,사립,인천,A그룹,1,2,2,0,3,2,5,0,1,0,1,0,1,1,2,204,12,1,2,2,0,6616,0.6000000238418579,1,2,6616,0.5,204,3,2,40.79999923706055
2017,316,인하대학교,대학,사립,인천,A그룹,14,1,12,0,26,1,27,8,5,1,14,0,12,0,12,1333,262,14,1,12,0,20613,1.2000000476837158,14,12,20613,1.2999999523162842,1333,15,12,49.400001525878906
2017,317,장로회신학대학교,대학,사립,서울,C그룹,4,1,1,0,5,1,6,0,4,0,4,0,1,0,1,98,15,4,1,1,0,2244,2.5,4,1,2244,2.200000047683716,98,5,1,16.299999237060547
2017,318,장안대학교,전문대학,사립,경기,B그룹,2,0,0,1,2,1,3,0,1,1,2,0,0,0,0,89,5,2,0,0,1,6041,0.4000000059604645,2,0,6041,0.3000000119209289,89,2,1,29.700000762939453
2017,319,재능대학교,전문대학,사립,인천,B그룹,1,0,0,1,1,1,2,0,0,1,1,0,0,0,0,60,11,1,0,0,1,3789,0.4000000059604645,1,0,3789,0.3000000119209289,60,1,1,30.0
2017,320,전남과학대학교,전문대학,사립,전남,B그룹,2,0,0,0,2,0,2,1,1,0,2,0,0,0,0,52,4,2,0,0,0,3985,0.5,2,0,3985,0.5,52,2,0,26.0
2017,321,전남대학교,대학,국립,광주,A그룹,36,5,4,2,40,7,47,11,25,0,36,0,4,0,4,3913,854,36,5,4,2,24944,1.7999999523162842,36,4,24944,1.600000023841858,3913,41,6,83.30000305175781
2017,322,전남도립대학교,전문대학,공립,전남,C그룹,1,0,0,2,1,2,3,1,0,0,1,0,0,0,0,136,17,1,0,0,2,1513,1.2999999523162842,1,0,1513,0.699999988079071,136,1,2,45.29999923706055
2017,323,전북과학대학교,전문대학,사립,전북,C그룹,1,0,0,0,1,0,1,1,0,0,1,0,0,0,0,40,7,1,0,0,0,1647,0.6000000238418579,1,0,1647,0.6000000238418579,40,1,0,40.0
2017,324,전북대학교,대학,국립,전북,A그룹,31,2,3,0,34,2,36,11,18,2,31,0,3,0,3,3376,615,31,2,3,0,22932,1.5,31,3,22932,1.5,3376,33,3,93.8000030517578
2017,325,전주교육대학교,대학,국립,전북,C그룹,5,0,0,0,5,0,5,2,3,0,5,0,0,0,0,541,141,5,0,0,0,1468,3.400000095367432,5,0,1468,3.400000095367432,541,5,0,108.1999969482422
2017,326,전주기전대학,전문대학,사립,전북,C그룹,0,0,1,0,1,0,1,0,0,0,0,0,1,0,1,26,1,0,0,1,0,1903,0.4000000059604645,0,1,1903,0.5,26,0,1,26.0
2017,327,전주대학교,대학,사립,전북,A그룹,6,0,8,3,14,3,17,4,2,0,6,0,8,0,8,556,28,6,0,8,3,12460,1.100000023841858,6,8,12460,1.100000023841858,556,6,11,32.70000076293945
2017,328,전주비전대학교,전문대학,사립,전북,B그룹,1,0,1,0,2,0,2,0,1,0,1,0,1,0,1,121,5,1,0,1,0,3494,0.5,1,1,3494,0.6000000238418579,121,1,1,60.5
2017,329,제네바신학대학원대학교,대학원대학,사립,경기,-,1,1,0,0,1,1,2,1,0,0,1,0,0,0,0,22,2,1,1,0,0,0,0.0,1,0,0,0.0,22,2,0,11.0
2017,330,제주관광대학교,전문대학,사립,제주,C그룹,1,0,0,1,1,1,2,0,1,0,1,0,0,0,0,22,2,1,0,0,1,2300,0.699999988079071,1,0,2300,0.4000000059604645,22,1,1,11.0
2017,331,제주국제대학교,대학,사립,제주,C그룹,2,1,0,0,2,1,3,0,1,1,2,0,0,0,0,7,1,2,1,0,0,1764,1.600000023841858,2,0,1764,1.100000023841858,7,3,0,2.299999952316284
2017,332,제주대학교,대학,국립,제주,A그룹,18,4,2,0,20,4,24,3,9,6,18,0,0,2,2,1950,382,18,4,2,0,12421,1.7999999523162842,18,2,12421,1.600000023841858,1950,22,2,81.30000305175781
2017,333,제주한라대학교,전문대학,사립,제주,A그룹,0,0,2,0,2,0,2,0,0,0,0,0,2,0,2,60,4,0,0,2,0,4951,0.3000000119209289,0,2,4951,0.4000000059604645,60,0,2,30.0
2017,334,조선간호대학교,전문대학,사립,광주,C그룹,0,0,1,0,1,0,1,0,0,0,0,0,1,0,1,28,3,0,0,1,0,806,1.0,0,1,806,1.2000000476837158,28,0,1,28.0
2017,335,조선대학교,대학,사립,광주,A그룹,14,1,0,10,14,11,25,1,13,0,14,0,0,0,0,586,128,14,1,0,10,22282,0.8999999761581421,14,0,22282,0.6000000238418579,586,15,10,23.399999618530277
2017,336,조선이공대학교,전문대학,사립,광주,B그룹,1,0,1,0,2,0,2,0,1,0,1,0,1,0,1,65,17,1,0,1,0,3511,0.5,1,1,3511,0.6000000238418579,65,1,1,32.5
2017,337,주안대학원대학교,대학원대학,사립,인천,-,0,0,0,1,0,1,1,0,0,0,0,0,0,0,0,0,0,0,0,0,1,60,8.300000190734863,0,0,60,0.0,0,0,1,0.0
2017,338,중부대학교,대학,사립,충남,B그룹,3,0,9,0,12,0,12,0,3,0,3,0,9,0,9,411,101,3,0,9,0,9717,1.0,3,9,9717,1.2000000476837158,411,3,9,34.29999923706055
2017,339,중앙대학교,대학,사립,서울,A그룹,14,1,21,0,35,1,36,7,7,0,14,1,19,1,21,1093,199,14,1,21,0,28873,1.100000023841858,14,21,28873,1.2000000476837158,1093,15,21,30.399999618530277
2017,340,중앙승가대학교,대학,사립,경기,C그룹,1,1,1,1,2,2,4,0,0,1,1,0,1,0,1,13,5,1,1,1,1,273,11.399999618530272,1,1,273,7.300000190734863,13,2,2,3.299999952316284
2017,341,중원대학교,대학,사립,충북,C그룹,1,2,2,0,3,2,5,0,1,0,1,0,2,0,2,34,4,1,2,2,0,3610,1.2000000476837158,1,2,3610,0.800000011920929,34,3,2,6.800000190734863
2017,342,진주교육대학교,대학,국립,경남,C그룹,4,0,0,0,4,0,4,0,2,2,4,0,0,0,0,359,88,4,0,0,0,1769,2.299999952316284,4,0,1769,2.299999952316284,359,4,0,89.80000305175781
2017,343,진주보건대학교,전문대학,사립,경남,B그룹,2,0,1,1,3,1,4,2,0,0,2,0,1,0,1,80,6,2,0,1,1,2877,1.100000023841858,2,1,2877,1.0,80,2,2,20.0
2017,344,차의과학대학교,대학,사립,경기,C그룹,1,0,2,0,3,0,3,0,1,0,1,0,2,0,2,188,23,1,0,2,0,2695,1.0,1,2,2695,1.100000023841858,188,1,2,62.70000076293945
2017,345,창신대학교,대학,사립,경남,C그룹,1,1,1,0,2,1,3,1,0,0,1,0,1,0,1,59,3,1,1,1,0,1583,1.600000023841858,1,1,1583,1.2999999523162842,59,2,1,19.700000762939453
2017,346,창원문성대학교,전문대학,사립,경남,C그룹,1,0,1,0,2,0,2,0,1,0,1,0,0,1,1,63,3,1,0,1,0,3617,0.5,1,1,3617,0.6000000238418579,63,1,1,31.5
2017,347,청강문화산업대학교,전문대학,사립,경기,B그룹,0,0,3,0,3,0,3,0,0,0,0,0,3,0,3,65,7,0,0,3,0,3709,0.6000000238418579,0,3,3709,0.800000011920929,65,0,3,21.700000762939453
2017,348,청암대학교,전문대학,사립,전남,B그룹,1,1,0,0,1,1,2,0,1,0,1,0,0,0,0,57,1,1,1,0,0,2834,0.6000000238418579,1,0,2834,0.4000000059604645,57,2,0,28.5
2017,349,청운대학교,대학,사립,충남,B그룹,4,1,4,3,8,4,12,0,4,0,4,0,2,2,4,405,82,4,1,4,3,6957,1.399999976158142,4,4,6957,1.100000023841858,405,5,7,33.79999923706055
2017,350,청주교육대학교,대학,국립,충북,C그룹,3,0,0,0,3,0,3,0,3,0,3,0,0,0,0,299,88,3,0,0,0,1703,1.7999999523162842,3,0,1703,1.7999999523162842,299,3,0,99.6999969482422
2017,351,청주대학교,대학,사립,충북,A그룹,8,0,8,0,16,0,16,1,7,0,8,0,8,0,8,754,133,8,0,8,0,12559,1.100000023841858,8,8,12559,1.2999999523162842,754,8,8,47.09999847412109
2017,352,초당대학교,대학,사립,전남,C그룹,1,0,2,3,3,3,6,0,1,0,1,0,2,0,2,289,13,1,0,2,3,3412,1.2000000476837158,1,2,3412,0.8999999761581421,289,1,5,48.20000076293945
2017,353,총신대학교,대학,사립,서울,C그룹,1,1,4,1,5,2,7,0,1,0,1,0,4,0,4,332,31,1,1,4,1,4119,1.2999999523162842,1,4,4119,1.2000000476837158,332,2,5,47.400001525878906
2017,354,추계예술대학교,대학,사립,서울,C그룹,2,1,0,0,2,1,3,0,2,0,2,0,0,0,0,82,11,2,1,0,0,1390,2.0,2,0,1390,1.399999976158142,82,3,0,27.299999237060547
2017,355,춘천교육대학교,대학,국립,강원,C그룹,3,1,0,0,3,1,4,2,1,0,3,0,0,0,0,562,89,3,1,0,0,1837,2.0999999046325684,3,0,1837,1.600000023841858,562,4,0,140.5
2017,356,춘해보건대학교,전문대학,사립,울산,B그룹,1,1,0,0,1,1,2,0,1,0,1,0,0,0,0,56,5,1,1,0,0,2635,0.699999988079071,1,0,2635,0.4000000059604645,56,2,0,28.0
2017,357,충남대학교,대학,국립,대전,A그룹,32,1,1,3,33,4,37,18,14,0,32,0,1,0,1,2873,510,32,1,1,3,24200,1.5,32,1,24200,1.399999976158142,2873,33,4,77.5999984741211
2017,358,충남도립대학교,전문대학,공립,충남,C그룹,2,1,0,0,2,1,3,1,0,1,2,0,0,0,0,133,4,2,1,0,0,1104,2.5,2,0,1104,1.7999999523162842,133,3,0,44.29999923706055
2017,359,충북대학교,대학,국립,충북,A그룹,22,3,0,2,22,5,27,4,17,1,22,0,0,0,0,2468,512,22,3,0,2,17884,1.399999976158142,22,0,17884,1.2000000476837158,2468,25,2,91.4000015258789
2017,360,충북도립대학교,전문대학,공립,충북,C그룹,1,0,0,0,1,0,1,0,1,0,1,0,0,0,0,68,3,1,0,0,0,963,1.0,1,0,963,1.0,68,1,0,68.0
2017,361,충북보건과학대학교,전문대학,사립,충북,B그룹,2,0,0,0,2,0,2,1,1,0,2,0,0,0,0,97,4,2,0,0,0,2775,0.699999988079071,2,0,2775,0.699999988079071,97,2,0,48.5
2017,362,충청대학교,전문대학,사립,충북,B그룹,3,0,1,0,4,0,4,0,3,0,3,0,1,0,1,955,14,3,0,1,0,4837,0.800000011920929,3,1,4837,0.800000011920929,955,3,1,238.8000030517578
2017,363,치유상담대학원대학교,대학원대학,사립,서울,-,1,0,0,1,1,1,2,1,0,0,1,0,0,0,0,22,2,1,0,0,1,191,7.900000095367432,1,0,191,5.199999809265137,22,1,1,11.0
2017,364,칼빈대학교,대학,사립,경기,C그룹,2,0,0,0,2,0,2,1,1,0,2,0,0,0,0,103,12,2,0,0,0,715,2.799999952316284,2,0,715,2.799999952316284,103,2,0,51.5
2017,365,탐라대학교,대학,사립,제주,C그룹,0,0,0,0,0,0,0,0,0,0,0,0,0,0,0,0,0,0,0,0,0,0,0.0,0,0,0,0.0,0,0,0,0.0
2017,366,평택대학교,대학,사립,경기,C그룹,4,0,1,3,5,3,8,1,3,0,4,0,1,0,1,231,147,4,0,1,3,4645,1.399999976158142,4,1,4645,1.100000023841858,231,4,4,28.899999618530277
2017,367,포항공과대학교,대학,사립,경북,C그룹,6,0,1,2,7,2,9,1,3,2,6,0,1,0,1,768,203,6,0,1,2,3238,2.400000095367432,6,1,3238,2.200000047683716,768,6,3,85.30000305175781
2017,368,포항대학교,전문대학,사립,경북,C그룹,1,0,0,0,1,0,1,0,1,0,1,0,0,0,0,30,1,1,0,0,0,2224,0.4000000059604645,1,0,2224,0.4000000059604645,30,1,0,30.0
2017,369,한경국립대학교,대학,국립,경기,B그룹,6,1,1,0,7,1,8,2,4,0,6,0,1,0,1,612,78,6,1,1,0,7103,1.100000023841858,6,1,7103,1.0,612,7,1,76.5
2017,370,한국개발연구원국제정책대학원대학교,대학원대학,사립,세종,-,3,0,3,1,6,1,7,0,3,0,3,0,3,0,3,74,9,3,0,3,1,754,7.800000190734863,3,3,754,8.0,74,3,4,10.600000381469728
2017,371,한국골프과학기술대학교,전문대학,사립,강원,C그룹,1,0,0,0,1,0,1,0,1,0,1,0,0,0,0,38,3,1,0,0,0,453,2.200000047683716,1,0,453,2.200000047683716,38,1,0,38.0
2017,372,한국공학대학교,대학,사립,경기,B그룹,1,1,9,0,10,1,11,0,1,0,1,0,6,3,9,142,11,1,1,9,0,8108,1.100000023841858,1,9,8108,1.2000000476837158,142,2,9,12.899999618530272
2017,373,한국과학기술원,대학,국립,대전,A그룹,13,5,10,10,23,15,38,5,8,0,13,0,10,0,10,1296,197,13,5,10,10,10633,2.799999952316284,13,10,10633,2.200000047683716,1296,18,20,34.099998474121094
2017,374,한국관광대학교,전문대학,사립,경기,C그룹,1,2,0,0,1,2,3,0,1,0,1,0,0,0,0,57,9,1,2,0,0,2025,1.2999999523162842,1,0,2025,0.5,57,3,0,19.0
2017,375,한국교원대학교,대학,국립,충북,B그룹,12,0,0,1,12,1,13,4,8,0,12,0,0,0,0,1377,215,12,0,0,1,5709,2.200000047683716,12,0,5709,2.0999999046325684,1377,12,1,105.9000015258789
2017,376,한국국제대학교,대학,사립,경남,C그룹,2,3,0,0,2,3,5,0,2,0,2,0,0,0,0,189,10,2,3,0,0,3682,1.2000000476837158,2,0,3682,0.5,189,5,0,37.79999923706055
2017,377,한국기술교육대학교,대학,사립,충남,C그룹,4,2,3,0,7,2,9,1,3,0,4,0,3,0,3,801,101,4,2,3,0,4871,1.600000023841858,4,3,4871,1.399999976158142,801,6,3,89.0
2017,378,한국농수산대학교,전문대학,국립,전북,C그룹,1,0,2,0,3,0,3,0,1,0,1,0,2,0,2,42,2,1,0,2,0,1180,2.200000047683716,1,2,1180,2.5,42,1,2,14.0
2017,379,한국방송통신대학교,대학,국립,서울,A그룹,32,14,1,0,33,14,47,8,21,3,32,0,0,1,1,3057,164,32,14,1,0,125385,0.4000000059604645,32,1,125385,0.3000000119209289,3057,46,1,65.0
2017,380,한국복지사이버대학교,전문대학,사립,경북,B그룹,0,1,0,0,0,1,1,0,0,0,0,0,0,0,0,31,7,0,1,0,0,1675,0.5,0,0,1675,0.0,31,1,0,31.0
2017,381,한국상담대학원대학교,대학원대학,사립,서울,-,1,0,0,0,1,0,1,0,1,0,1,0,0,0,0,5,3,1,0,0,0,199,5.0,1,0,199,5.0,5,1,0,5.0
2017,382,한국성서대학교,대학,사립,서울,C그룹,2,0,1,0,3,0,3,1,1,0,2,0,1,0,1,115,16,2,0,1,0,1222,2.299999952316284,2,1,1222,2.5,115,2,1,38.29999923706055
2017,383,한국승강기대학교,전문대학,사립,경남,C그룹,1,0,0,1,1,1,2,0,1,0,1,0,0,0,0,31,2,1,0,0,1,592,2.5,1,0,592,1.7000000476837158,31,1,1,15.5
2017,384,한국에너지공과대학교,대학,국립,전남,C그룹,0,0,0,0,0,0,0,0,0,0,0,0,0,0,0,0,0,0,0,0,0,0,0.0,0,0,0,0.0,0,0,0,0.0
2017,385,한국열린사이버대학교,대학,사립,서울,B그룹,0,1,0,1,0,2,2,0,0,0,0,0,0,0,0,0,0,0,1,0,1,4003,0.3000000119209289,0,0,4003,0.0,0,1,1,0.0
2017,386,한국영상대학교,전문대학,사립,세종,B그룹,2,0,0,2,2,2,4,0,2,0,2,0,0,0,0,90,11,2,0,0,2,3445,0.8999999761581421,2,0,3445,0.6000000238418579,90,2,2,22.5
2017,387,한국예술종합학교,대학,국립,서울,C그룹,8,0,8,0,16,0,16,0,7,1,8,0,8,0,8,625,111,8,0,8,0,2583,5.599999904632568,8,8,2583,6.199999809265137,625,8,8,39.09999847412109
2017,388,한국외국어대학교,대학,사립,서울,A그룹,22,2,0,0,22,2,24,1,17,4,22,0,0,0,0,957,105,22,2,0,0,19131,1.2000000476837158,22,0,19131,1.100000023841858,957,24,0,39.900001525878906
2017,389,한국전력국제원자력대학원대학교,대학원대학,사립,울산,-,1,0,0,0,1,0,1,0,1,0,1,0,0,0,0,27,1,1,0,0,0,105,9.5,1,0,105,9.5,27,1,0,27.0
2017,390,한국전통문화대학교,대학,국립,충남,C그룹,2,0,5,0,7,0,7,1,1,0,2,0,5,0,5,182,11,2,0,5,0,676,8.899999618530273,2,5,676,10.399999618530272,182,2,5,26.0
2017,391,한국정보통신대학교,대학,사립,대전,C그룹,0,0,0,0,0,0,0,0,0,0,0,0,0,0,0,0,0,0,0,0,0,0,0.0,0,0,0,0.0,0,0,0,0.0
2017,392,한국철도대학,전문대학,국립,경기,C그룹,0,0,0,0,0,0,0,0,0,0,0,0,0,0,0,0,0,0,0,0,0,0,0.0,0,0,0,0.0,0,0,0,0.0
2017,393,한국체육대학교,대학,국립,서울,C그룹,4,0,0,0,4,0,4,3,1,0,4,0,0,0,0,523,71,4,0,0,0,3047,1.2999999523162842,4,0,3047,1.2999999523162842,523,4,0,130.8000030517578
2017,394,한국침례신학대학교,대학,사립,대전,C그룹,2,2,0,6,2,8,10,0,2,0,2,0,0,0,0,313,55,2,2,0,6,2406,2.700000047683716,2,0,2406,0.800000011920929,313,4,6,31.299999237060547
2017,395,한국폴리텍Ⅰ대학서울강서캠퍼스,전문대학,사립,서울,C그룹,0,0,0,1,0,1,1,0,0,0,0,0,0,0,0,0,0,0,0,0,1,608,0.800000011920929,0,0,608,0.0,0,0,1,0.0
2017,396,한국폴리텍Ⅰ대학서울정수캠퍼스,전문대학,사립,서울,C그룹,0,1,0,1,0,2,2,0,0,0,0,0,0,0,0,119,6,0,1,0,1,1484,0.8999999761581421,0,0,1484,0.0,119,1,1,59.5
2017,397,한국폴리텍Ⅰ대학성남캠퍼스,전문대학,사립,경기,C그룹,0,1,0,0,0,1,1,0,0,0,0,0,0,0,0,0,0,0,1,0,0,1027,0.800000011920929,0,0,1027,0.0,0,1,0,0.0
2017,398,한국폴리텍Ⅰ대학제주캠퍼스,전문대학,사립,제주,C그룹,0,1,0,0,0,1,1,0,0,0,0,0,0,0,0,0,0,0,1,0,0,17,47.09999847412109,0,0,17,0.0,0,1,0,0.0
2017,399,한국폴리텍Ⅱ대학남인천캠퍼스,전문대학,사립,인천,C그룹,0,0,0,0,0,0,0,0,0,0,0,0,0,0,0,0,0,0,0,0,0,0,0.0,0,0,0,0.0,0,0,0,0.0
2017,400,한국폴리텍Ⅱ대학인천캠퍼스,전문대학,사립,인천,C그룹,0,0,0,1,0,1,1,0,0,0,0,0,0,0,0,0,0,0,0,0,1,2360,0.2000000029802322,0,0,2360,0.0,0,0,1,0.0
2017,401,한국폴리텍Ⅱ대학화성캠퍼스,전문대학,사립,경기,C그룹,0,0,0,0,0,0,0,0,0,0,0,0,0,0,0,0,0,0,0,0,0,0,0.0,0,0,0,0.0,0,0,0,0.0
2017,402,한국폴리텍Ⅲ대학강릉캠퍼스,전문대학,사립,강원,C그룹,0,1,0,0,0,1,1,0,0,0,0,0,0,0,0,6,1,0,1,0,0,97,8.199999809265137,0,0,97,0.0,6,1,0,6.0
2017,403,한국폴리텍Ⅲ대학원주캠퍼스,전문대학,사립,강원,C그룹,0,1,0,0,0,1,1,0,0,0,0,0,0,0,0,0,0,0,1,0,0,39,20.5,0,0,39,0.0,0,1,0,0.0
2017,404,한국폴리텍Ⅲ대학춘천캠퍼스,전문대학,사립,강원,C그룹,0,0,0,1,0,1,1,0,0,0,0,0,0,0,0,0,0,0,0,0,1,386,1.2999999523162842,0,0,386,0.0,0,0,1,0.0
2017,405,한국폴리텍Ⅳ대학대전캠퍼스,전문대학,사립,대전,C그룹,0,0,0,0,0,0,0,0,0,0,0,0,0,0,0,0,0,0,0,0,0,1076,0.0,0,0,1076,0.0,0,0,0,0.0
2017,406,한국폴리텍Ⅳ대학아산캠퍼스,전문대학,사립,충남,C그룹,0,1,0,0,0,1,1,0,0,0,0,0,0,0,0,0,0,0,1,0,0,553,1.399999976158142,0,0,553,0.0,0,1,0,0.0
2017,407,한국폴리텍Ⅳ대학청주캠퍼스,전문대학,사립,충북,C그룹,0,1,0,1,0,2,2,0,0,0,0,0,0,0,0,0,0,0,1,0,1,803,1.600000023841858,0,0,803,0.0,0,1,1,0.0
2017,408,한국폴리텍Ⅳ대학충남캠퍼스,전문대학,사립,충남,C그룹,0,0,0,0,0,0,0,0,0,0,0,0,0,0,0,0,0,0,0,0,0,272,0.0,0,0,272,0.0,0,0,0,0.0
2017,409,한국폴리텍Ⅴ대학광주캠퍼스,전문대학,사립,광주,C그룹,0,1,0,0,0,1,1,0,0,0,0,0,0,0,0,27,1,0,1,0,0,808,1.0,0,0,808,0.0,27,1,0,27.0
2017,410,한국폴리텍Ⅴ대학순천캠퍼스,전문대학,사립,전남,C그룹,0,0,0,0,0,0,0,0,0,0,0,0,0,0,0,0,0,0,0,0,0,0,0.0,0,0,0,0.0,0,0,0,0.0
2017,411,한국폴리텍Ⅴ대학익산캠퍼스,전문대학,사립,전북,C그룹,0,0,0,0,0,0,0,0,0,0,0,0,0,0,0,0,0,0,0,0,0,100,0.0,0,0,100,0.0,0,0,0,0.0
2017,412,한국폴리텍Ⅴ대학전남캠퍼스,전문대학,사립,전남,C그룹,0,0,0,0,0,0,0,0,0,0,0,0,0,0,0,0,0,0,0,0,0,289,0.0,0,0,289,0.0,0,0,0,0.0
2017,413,한국폴리텍Ⅴ대학전북캠퍼스,전문대학,사립,전북,C그룹,0,0,0,1,0,1,1,0,0,0,0,0,0,0,0,0,0,0,0,0,1,547,0.8999999761581421,0,0,547,0.0,0,0,1,0.0
2017,414,한국폴리텍Ⅵ대학구미캠퍼스,전문대학,사립,경북,C그룹,0,1,0,0,0,1,1,0,0,0,0,0,0,0,0,4,1,0,1,0,0,607,1.2999999523162842,0,0,607,0.0,4,1,0,4.0
2017,415,한국폴리텍Ⅵ대학대구캠퍼스,전문대학,사립,대구,C그룹,0,1,0,0,0,1,1,0,0,0,0,0,0,0,0,6,1,0,1,0,0,1069,0.699999988079071,0,0,1069,0.0,6,1,0,6.0
2017,416,한국폴리텍Ⅵ대학영남융합기술캠퍼스,전문대학,사립,대구,C그룹,0,1,0,0,0,1,1,0,0,0,0,0,0,0,0,0,0,0,1,0,0,379,2.0999999046325684,0,0,379,0.0,0,1,0,0.0
2017,417,한국폴리텍Ⅵ대학영주캠퍼스,전문대학,사립,경북,C그룹,0,1,0,0,0,1,1,0,0,0,0,0,0,0,0,7,1,0,1,0,0,44,18.200000762939453,0,0,44,0.0,7,1,0,7.0
2017,418,한국폴리텍Ⅶ대학동부산캠퍼스,전문대학,사립,부산,C그룹,0,0,0,0,0,0,0,0,0,0,0,0,0,0,0,0,0,0,0,0,0,0,0.0,0,0,0,0.0,0,0,0,0.0
2017,419,한국폴리텍Ⅶ대학부산캠퍼스,전문대학,사립,부산,C그룹,0,0,0,1,0,1,1,0,0,0,0,0,0,0,0,0,0,0,0,0,1,1042,0.5,0,0,1042,0.0,0,0,1,0.0
2017,420,한국폴리텍Ⅶ대학울산캠퍼스,전문대학,사립,울산,C그룹,0,0,0,1,0,1,1,0,0,0,0,0,0,0,0,5,1,0,0,0,1,881,0.6000000238418579,0,0,881,0.0,5,0,1,5.0
2017,421,한국폴리텍Ⅶ대학진주캠퍼스,전문대학,사립,경남,C그룹,0,0,0,0,0,0,0,0,0,0,0,0,0,0,0,0,0,0,0,0,0,0,0.0,0,0,0,0.0,0,0,0,0.0
2017,422,한국폴리텍Ⅶ대학창원캠퍼스,전문대학,사립,경남,C그룹,0,1,0,0,0,1,1,0,0,0,0,0,0,0,0,6,1,0,1,0,0,1477,0.5,0,0,1477,0.0,6,1,0,6.0
2017,423,한국폴리텍특성화 로봇캠퍼스,전문대학,사립,경북,C그룹,0,0,0,0,0,0,0,0,0,0,0,0,0,0,0,0,0,0,0,0,0,0,0.0,0,0,0,0.0,0,0,0,0.0
2017,424,한국폴리텍특성화 바이오캠퍼스,전문대학,사립,충남,C그룹,0,0,0,0,0,0,0,0,0,0,0,0,0,0,0,0,0,0,0,0,0,377,0.0,0,0,377,0.0,0,0,0,0.0
2017,425,한국폴리텍특성화 반도체융합캠퍼스,전문대학,사립,경기,C그룹,0,1,0,1,0,2,2,0,0,0,0,0,0,0,0,0,0,0,1,0,1,545,2.400000095367432,0,0,545,0.0,0,1,1,0.0
2017,426,한국폴리텍특성화 항공캠퍼스,전문대학,사립,경남,C그룹,0,0,0,1,0,1,1,0,0,0,0,0,0,0,0,8,1,0,0,0,1,566,0.8999999761581421,0,0,566,0.0,8,0,1,8.0
2017,427,한국학대학원,대학원대학,국립,경기,-,0,0,0,0,0,0,0,0,0,0,0,0,0,0,0,0,0,0,0,0,0,0,0.0,0,0,0,0.0,0,0,0,0.0
2017,428,한국항공대학교,대학,사립,경기,C그룹,5,1,0,0,5,1,6,1,2,2,5,0,0,0,0,46,10,5,1,0,0,4616,1.2999999523162842,5,0,4616,1.100000023841858,46,6,0,7.699999809265137
2017,429,한남대학교,대학,사립,대전,A그룹,10,0,6,2,16,2,18,6,4,0,10,0,6,0,6,475,70,10,0,6,2,13290,1.2000000476837158,10,6,13290,1.2000000476837158,475,10,8,26.399999618530277
2017,430,한동대학교,대학,사립,경북,C그룹,4,1,1,0,5,1,6,0,3,1,4,0,1,0,1,155,12,4,1,1,0,4359,1.2999999523162842,4,1,4359,1.100000023841858,155,5,1,25.799999237060547
2017,431,한라대학교,대학,사립,강원,C그룹,1,1,1,1,2,2,4,1,0,0,1,0,1,0,1,75,18,1,1,1,1,4120,0.800000011920929,1,1,4120,0.5,75,2,2,18.799999237060547
2017,432,한려대학교,대학,사립,전남,C그룹,1,0,0,0,1,0,1,0,1,0,1,0,0,0,0,8,1,1,0,0,0,721,1.399999976158142,1,0,721,1.399999976158142,8,1,0,8.0
2017,433,한림국제대학원대학교,대학원대학,사립,서울,-,0,0,1,0,1,0,1,0,0,0,0,0,1,0,1,0,0,0,0,1,0,193,4.099999904632568,0,1,193,5.199999809265137,0,0,1,0.0
2017,434,한림대학교,대학,사립,강원,B그룹,9,2,0,4,9,6,15,2,5,2,9,0,0,0,0,508,64,9,2,0,4,9001,1.399999976158142,9,0,9001,1.0,508,11,4,33.900001525878906
2017,435,한림성심대학교,전문대학,사립,강원,B그룹,2,1,0,0,2,1,3,0,2,0,2,0,0,0,0,98,12,2,1,0,0,3315,0.800000011920929,2,0,3315,0.6000000238418579,98,3,0,32.70000076293945
2017,436,한민학교,대학,사립,충남,C그룹,0,0,0,0,0,0,0,0,0,0,0,0,0,0,0,0,0,0,0,0,0,0,0.0,0,0,0,0.0,0,0,0,0.0
2017,437,한반도국제대학원대학교,대학원대학,사립,서울,-,1,0,0,0,1,0,1,0,1,0,1,0,0,0,0,28,1,1,0,0,0,56,17.899999618530273,1,0,56,17.899999618530273,28,1,0,28.0
2017,438,한북대학교,대학,사립,경기,C그룹,0,0,0,0,0,0,0,0,0,0,0,0,0,0,0,0,0,0,0,0,0,0,0.0,0,0,0,0.0,0,0,0,0.0
2017,439,한서대학교,대학,사립,충남,B그룹,3,1,1,8,4,9,13,0,2,1,3,0,0,1,1,438,23,3,1,1,8,7903,1.100000023841858,3,1,7903,0.5,438,4,9,33.70000076293945
2017,440,한성대학교,대학,사립,서울,B그룹,5,0,10,0,15,0,15,0,5,0,5,0,10,0,10,500,107,5,0,10,0,7454,1.7000000476837158,5,10,7454,2.0,500,5,10,33.29999923706055
2017,441,한세대학교,대학,사립,경기,C그룹,3,1,0,1,3,2,5,0,2,1,3,0,0,0,0,178,7,3,1,0,1,3664,1.2000000476837158,3,0,3664,0.800000011920929,178,4,1,35.599998474121094
2017,442,한신대학교,대학,사립,경기,B그룹,3,2,4,0,7,2,9,1,2,0,3,0,4,0,4,314,43,3,2,4,0,5761,1.399999976158142,3,4,5761,1.2000000476837158,314,5,4,34.900001525878906
2017,443,한양대학교,대학,사립,서울,A그룹,18,1,3,0,21,1,22,10,6,2,18,0,2,1,3,751,203,18,1,3,0,22624,0.8999999761581421,18,3,22624,0.8999999761581421,751,19,3,34.099998474121094
2017,444,한양대학교(ERICA),대학,사립,경기,A그룹,8,0,2,1,10,1,11,3,4,1,8,0,2,0,2,479,18,8,0,2,1,10441,1.0,8,2,10441,1.0,479,8,3,43.5
2017,445,한양여자대학교,전문대학,사립,서울,A그룹,1,0,3,0,4,0,4,0,0,1,1,0,3,0,3,124,17,1,0,3,0,6726,0.5,1,3,6726,0.6000000238418579,124,1,3,31.0
2017,446,한영대학교,전문대학,사립,전남,C그룹,0,1,2,0,2,1,3,0,0,0,0,0,1,1,2,15,4,0,1,2,0,1386,1.7000000476837158,0,2,1386,1.399999976158142,15,1,2,5.0
2017,447,한일장신대학교,대학,사립,전북,C그룹,2,0,0,0,2,0,2,1,1,0,2,0,0,0,0,75,11,2,0,0,0,1217,1.600000023841858,2,0,1217,1.600000023841858,75,2,0,37.5
2017,448,한중대학교,대학,사립,강원,C그룹,0,1,0,0,0,1,1,0,0,0,0,0,0,0,0,0,0,0,1,0,0,1145,0.699999988079071,0,0,1145,0.0,0,1,0,0.0
2017,449,합동신학대학원대학교,대학원대학,사립,경기,-,3,0,0,0,3,0,3,0,2,1,3,0,0,0,0,106,13,3,0,0,0,304,9.899999618530272,3,0,304,9.899999618530272,106,3,0,35.29999923706055
2017,450,해군사관학교,기타,기타,경남,-,6,0,1,0,7,0,7,2,4,0,6,0,1,0,1,135,7,6,0,1,0,0,0.0,6,1,0,0.0,135,6,1,19.299999237060547
2017,451,협성대학교,대학,사립,경기,C그룹,3,0,1,2,4,2,6,1,1,1,3,0,0,1,1,181,27,3,0,1,2,4894,1.0,3,1,4894,0.800000011920929,181,3,3,30.200000762939453
2017,452,혜전대학교,전문대학,사립,충남,B그룹,1,0,2,1,3,1,4,0,1,0,1,0,2,0,2,104,5,1,0,2,1,3126,1.0,1,2,3126,1.0,104,1,3,26.0
2017,453,호남대학교,대학,사립,광주,B그룹,2,4,1,5,3,9,12,0,2,0,2,1,0,0,1,620,87,2,4,1,5,8000,1.100000023841858,2,1,8000,0.4000000059604645,620,6,6,51.70000076293945
2017,454,호남신학대학교,대학,사립,광주,C그룹,1,1,0,0,1,1,2,0,1,0,1,0,0,0,0,57,3,1,1,0,0,986,1.7999999523162842,1,0,986,1.0,57,2,0,28.5
2017,455,호산대학교,전문대학,사립,경북,C그룹,1,0,0,1,1,1,2,0,1,0,1,0,0,0,0,53,3,1,0,0,1,2001,0.699999988079071,1,0,2001,0.5,53,1,1,26.5
2017,456,호서대학교,대학,사립,충남,A그룹,4,0,19,1,23,1,24,1,3,0,4,0,19,0,19,858,111,4,0,19,1,13785,1.399999976158142,4,19,13785,1.7000000476837158,858,4,20,35.79999923706055
2017,457,호원대학교,대학,사립,전북,B그룹,4,1,0,2,4,3,7,0,3,1,4,0,0,0,0,229,48,4,1,0,2,5782,1.0,4,0,5782,0.699999988079071,229,5,2,32.70000076293945
2017,458,홍익대학교,대학,사립,서울,A그룹,16,3,11,2,27,5,32,4,11,1,16,0,11,0,11,682,111,16,3,11,2,21953,1.2999999523162842,16,11,21953,1.2000000476837158,682,19,13,21.299999237060547
2017,459,화성의과학대학교,대학,사립,경기,C그룹,0,1,0,0,0,1,1,0,0,0,0,0,0,0,0,0,0,0,1,0,0,815,1.0,0,0,815,0.0,0,1,0,0.0
2017,460,화신사이버대학교,대학,사립,부산,C그룹,0,0,0,0,0,0,0,0,0,0,0,0,0,0,0,0,0,0,0,0,0,1210,0.0,0,0,1210,0.0,0,0,0,0.0
2017,461,횃불트리니티신학대학원대학교,대학원대학,사립,서울,-,1,1,0,0,1,1,2,0,1,0,1,0,0,0,0,42,2,1,1,0,0,445,4.0,1,0,445,2.200000047683716,42,2,0,21.0
