YR,ID,SNM,STYP,FND,RGN,USC,STF_FT_HLIBC,STF_FT_NLIBC,STF_PT_HLIBC,STF_PT_NLIBC,STF_TTL_HLIBC,STF_TTL_NLIBC,STF_TTL_SUM,LIBCS_FT_SL1,LIBCS_FT_SL2,LIBCS_FT_ALIB,LIBCS_FT_TTL,LIBCS_PT_SL1,LIBCS_PT_SL2,LIBCS_PT_ALIB,LIBCS_PT_TTL,SES_PTH,SES_PTC,SPK_FT_LIB,SPK_FT_NLIB,SPK_PT_LIB,SPK_PT_NLIB,SPK_SCC,SPK_SPK,LPK_LFT2,LPK_LPT2,LPK_SCP,LPK_LPK,EHS_EH,EHS_LFT,EHS_LPT,EHS_EHS
2016,1,ICT폴리텍대학,전문대학,사립,경기,C그룹,0,1,0,0,0,1,1,0,0,0,0,0,0,0,0,0,0,0,1,0,0,311,2.5999999046325684,0,0,311,0.0,0,1,0,0.0
2016,2,가야대학교,대학,사립,경남,C그룹,2,0,1,0,3,0,3,0,2,0,2,0,1,0,1,16,3,2,0,1,0,2718,1.0,2,1,2718,1.100000023841858,16,2,1,5.300000190734863
2016,3,가천대학교,대학,사립,경기,A그룹,10,6,4,7,14,13,27,2,7,1,10,0,4,0,4,969,210,10,6,4,7,20737,1.0,10,4,20737,0.699999988079071,969,16,11,35.900001525878906
2016,4,가톨릭관동대학교,대학,사립,강원,B그룹,6,1,0,6,6,7,13,1,5,0,6,0,0,0,0,331,25,6,1,0,6,9332,1.100000023841858,6,0,9332,0.6000000238418579,331,7,6,25.5
2016,5,가톨릭꽃동네대학교,대학,사립,충북,C그룹,1,0,0,0,1,0,1,0,1,0,1,0,0,0,0,29,3,1,0,0,0,536,1.899999976158142,1,0,536,1.899999976158142,29,1,0,29.0
2016,6,가톨릭대학교,대학,사립,경기,A그룹,19,7,2,0,21,7,28,4,15,0,19,0,1,1,2,512,53,19,7,2,0,10881,2.400000095367432,19,2,10881,1.899999976158142,512,26,2,18.299999237060547
2016,7,가톨릭상지대학교,전문대학,사립,경북,C그룹,1,0,2,1,3,1,4,1,0,0,1,0,2,0,2,159,20,1,0,2,1,1975,1.600000023841858,1,2,1975,1.5,159,1,3,39.79999923706055
2016,8,감리교신학대학교,대학,사립,서울,C그룹,2,0,1,0,3,0,3,2,0,0,2,0,1,0,1,67,3,2,0,1,0,1576,1.7999999523162842,2,1,1576,1.899999976158142,67,2,1,22.299999237060547
2016,9,강남대학교,대학,사립,경기,B그룹,3,0,6,1,9,1,10,0,3,0,3,0,6,0,6,66,18,3,0,6,1,7325,1.100000023841858,3,6,7325,1.2000000476837158,66,3,7,6.599999904632568
2016,10,강동대학교,전문대학,사립,충북,B그룹,1,0,0,1,1,1,2,0,1,0,1,0,0,0,0,0,0,1,0,0,1,4027,0.4000000059604645,1,0,4027,0.2000000029802322,0,1,1,0.0
2016,11,강릉영동대학교,전문대학,사립,강원,B그룹,0,1,1,0,1,1,2,0,0,0,0,0,0,1,1,12,1,0,1,1,0,3008,0.5,0,1,3008,0.3000000119209289,12,1,1,6.0
2016,12,강서대학교,대학,사립,서울,C그룹,1,1,0,0,1,1,2,1,0,0,1,0,0,0,0,49,8,1,1,0,0,1604,1.100000023841858,1,0,1604,0.6000000238418579,49,2,0,24.5
2016,13,강원관광대학교,전문대학,사립,강원,C그룹,1,0,0,0,1,0,1,0,1,0,1,0,0,0,0,29,1,1,0,0,0,1351,0.699999988079071,1,0,1351,0.699999988079071,29,1,0,29.0
2016,14,강원대학교,대학,국립,강원,A그룹,24,3,2,3,26,6,32,10,12,2,24,1,1,0,2,2320,155,24,3,2,3,23947,1.2000000476837158,24,2,23947,1.100000023841858,2320,27,5,72.5
2016,15,강원도립대학교,전문대학,공립,강원,C그룹,1,0,0,0,1,0,1,0,0,1,1,0,0,0,0,65,3,1,0,0,0,894,1.100000023841858,1,0,894,1.100000023841858,65,1,0,65.0
2016,16,개신대학원대학교,대학원대학,사립,서울,-,1,0,0,0,1,0,1,0,0,1,1,0,0,0,0,7,1,1,0,0,0,134,7.5,1,0,134,7.5,7,1,0,7.0
2016,17,거제대학교,전문대학,사립,경남,C그룹,1,0,1,0,2,0,2,1,0,0,1,0,1,0,1,26,3,1,0,1,0,1566,1.100000023841858,1,1,1566,1.2999999523162842,26,1,1,13.0
2016,18,건국대학교,대학,사립,서울,A그룹,11,6,17,1,28,7,35,5,6,0,11,0,16,1,17,1080,42,11,6,17,1,19902,1.5,11,17,19902,1.399999976158142,1080,17,18,30.899999618530277
2016,19,건국대학교(글로컬),대학,사립,충북,B그룹,4,2,2,7,6,9,15,3,1,0,4,0,2,0,2,304,92,4,2,2,7,8761,1.2000000476837158,4,2,8761,0.699999988079071,304,6,9,20.299999237060547
2016,20,건동대학교,대학,사립,경북,C그룹,0,0,0,0,0,0,0,0,0,0,0,0,0,0,0,0,0,0,0,0,0,0,0.0,0,0,0,0.0,0,0,0,0.0
2016,21,건신대학원대학교,대학원대학,사립,대전,-,0,0,0,1,0,1,1,0,0,0,0,0,0,0,0,9,1,0,0,0,1,148,3.400000095367432,0,0,148,0.0,9,0,1,9.0
2016,22,건양대학교,대학,사립,충남,B그룹,4,4,4,0,8,4,12,0,4,0,4,0,4,0,4,804,22,4,4,4,0,8593,1.2000000476837158,4,4,8593,0.8999999761581421,804,8,4,67.0
2016,23,경기과학기술대학교,전문대학,사립,경기,A그룹,2,1,1,0,3,1,4,0,2,0,2,0,1,0,1,99,8,2,1,1,0,4483,0.800000011920929,2,1,4483,0.699999988079071,99,3,1,24.799999237060547
2016,24,경기대학교,대학,사립,경기,A그룹,14,0,1,2,15,2,17,5,9,0,14,0,1,0,1,692,62,14,0,1,2,16377,1.0,14,1,16377,0.8999999761581421,692,14,3,40.70000076293945
2016,25,경남대학교,대학,사립,경남,A그룹,7,0,0,16,7,16,23,2,5,0,7,0,0,0,0,474,69,7,0,0,16,13489,1.100000023841858,7,0,13489,0.5,474,7,16,20.600000381469727
2016,26,경남도립거창대학,전문대학,공립,경남,C그룹,1,0,0,1,1,1,2,0,1,0,1,0,0,0,0,28,1,1,0,0,1,889,1.7000000476837158,1,0,889,1.100000023841858,28,1,1,14.0
2016,27,경남도립남해대학,전문대학,공립,경남,C그룹,1,0,0,1,1,1,2,0,1,0,1,0,0,0,0,20,1,1,0,0,1,848,1.7999999523162842,1,0,848,1.2000000476837158,20,1,1,10.0
2016,28,경남정보대학교,전문대학,사립,부산,A그룹,2,1,0,0,2,1,3,1,1,0,2,0,0,0,0,69,3,2,1,0,0,6853,0.4000000059604645,2,0,6853,0.3000000119209289,69,3,0,23.0
2016,29,경동대학교,대학,사립,강원,B그룹,5,2,0,0,5,2,7,0,4,1,5,0,0,0,0,135,32,5,2,0,0,7240,0.8999999761581421,5,0,7240,0.699999988079071,135,7,0,19.299999237060547
2016,30,경민대학교,전문대학,사립,경기,B그룹,3,0,0,1,3,1,4,1,2,0,3,0,0,0,0,49,5,3,0,0,1,4661,0.800000011920929,3,0,4661,0.6000000238418579,49,3,1,12.300000190734863
2016,31,경복대학교,전문대학,사립,경기,A그룹,1,0,1,0,2,0,2,0,1,0,1,0,0,1,1,59,9,1,0,1,0,6350,0.3000000119209289,1,1,6350,0.3000000119209289,59,1,1,29.5
2016,32,경북과학대학교,전문대학,사립,경북,C그룹,1,0,0,0,1,0,1,0,1,0,1,0,0,0,0,4,1,1,0,0,0,1902,0.5,1,0,1902,0.5,4,1,0,4.0
2016,33,경북대학교,대학,국립,대구,A그룹,41,6,9,1,50,7,57,13,24,4,41,1,7,1,9,4068,450,41,6,9,1,30296,1.7999999523162842,41,9,30296,1.7000000476837158,4068,47,10,71.4000015258789
2016,34,경북보건대학교,전문대학,사립,경북,C그룹,1,0,0,0,1,0,1,0,1,0,1,0,0,0,0,28,1,1,0,0,0,1300,0.800000011920929,1,0,1300,0.800000011920929,28,1,0,28.0
2016,35,경북외국어대학교,대학,사립,대구,C그룹,0,0,0,0,0,0,0,0,0,0,0,0,0,0,0,0,0,0,0,0,0,0,0.0,0,0,0,0.0,0,0,0,0.0
2016,36,경북전문대학교,전문대학,사립,경북,B그룹,1,1,0,0,1,1,2,0,1,0,1,0,0,0,0,73,4,1,1,0,0,2562,0.699999988079071,1,0,2562,0.4000000059604645,73,2,0,36.5
2016,37,경상국립대학교,대학,국립,경남,A그룹,26,7,5,0,31,7,38,7,18,1,26,1,3,1,5,2016,384,26,7,5,0,22867,1.600000023841858,26,5,22867,1.399999976158142,2016,33,5,53.09999847412109
2016,38,경성대학교,대학,사립,부산,A그룹,11,3,1,0,12,3,15,3,8,0,11,0,1,0,1,618,222,11,3,1,0,13468,1.100000023841858,11,1,13468,0.8999999761581421,618,14,1,41.20000076293945
2016,39,경안대학원대학교,대학원대학,사립,경북,-,0,1,0,0,0,1,1,0,0,0,0,0,0,0,0,0,0,0,1,0,0,73,11.0,0,0,73,0.0,0,1,0,0.0
2016,40,경운대학교,대학,사립,경북,C그룹,3,2,0,1,3,3,6,0,3,0,3,0,0,0,0,47,8,3,2,0,1,5066,1.0,3,0,5066,0.6000000238418579,47,5,1,7.800000190734863
2016,41,경인교육대학교,대학,국립,인천,C그룹,6,1,1,0,7,1,8,1,4,1,6,0,1,0,1,803,19,6,1,1,0,4246,1.7999999523162842,6,1,4246,1.600000023841858,803,7,1,100.4000015258789
2016,42,경인여자대학교,전문대학,사립,인천,B그룹,1,0,1,0,2,0,2,0,1,0,1,0,1,0,1,24,3,1,0,1,0,4894,0.4000000059604645,1,1,4894,0.4000000059604645,24,1,1,12.0
2016,43,경일대학교,대학,사립,경북,B그룹,5,0,5,0,10,0,10,0,5,0,5,0,5,0,5,121,16,5,0,5,0,7373,1.2000000476837158,5,5,7373,1.399999976158142,121,5,5,12.100000381469728
2016,44,경찰대학,기타,기타,충남,-,4,2,0,0,4,2,6,1,3,0,4,0,0,0,0,750,12,4,2,0,0,0,0.0,4,0,0,0.0,750,6,0,125.0
2016,45,경희대학교,대학,사립,서울,A그룹,27,3,25,1,52,4,56,11,15,1,27,0,23,2,25,1467,342,27,3,25,1,33327,1.5,27,25,33327,1.600000023841858,1467,30,26,26.200000762939453
2016,46,계명대학교,대학,사립,대구,A그룹,22,1,0,13,22,14,36,9,11,2,22,0,0,0,0,1311,271,22,1,0,13,24537,1.2000000476837158,22,0,24537,0.8999999761581421,1311,23,13,36.400001525878906
2016,47,계명문화대학교,전문대학,사립,대구,A그룹,2,0,1,1,3,1,4,0,0,2,2,0,1,0,1,124,9,2,0,1,1,5179,0.6000000238418579,2,1,5179,0.6000000238418579,124,2,2,31.0
2016,48,계약신학대학원대학교,대학원대학,사립,경기,-,1,0,0,0,1,0,1,0,1,0,1,0,0,0,0,0,22,1,0,0,0,68,14.699999809265137,1,0,68,14.699999809265137,0,1,0,0.0
2016,49,계원예술대학교,전문대학,사립,경기,B그룹,1,1,1,0,2,1,3,0,1,0,1,0,0,1,1,367,34,1,1,1,0,2856,0.8999999761581421,1,1,2856,0.699999988079071,367,2,1,122.3000030517578
2016,50,고려대학교,대학,사립,서울,A그룹,30,3,15,4,45,7,52,14,15,1,30,0,14,1,15,1241,187,30,3,15,4,29540,1.600000023841858,30,15,29540,1.5,1241,33,19,23.899999618530277
2016,51,고려대학교(세종),대학,사립,세종,B그룹,3,1,4,0,7,1,8,0,3,0,3,0,4,0,4,274,18,3,1,4,0,7768,0.8999999761581421,3,4,7768,0.8999999761581421,274,4,4,34.29999923706055
2016,52,고려사이버대학교,대학,사립,서울,A그룹,1,0,0,1,1,1,2,0,1,0,1,0,0,0,0,0,0,1,0,0,1,9671,0.2000000029802322,1,0,9671,0.1000000014901161,0,1,1,0.0
2016,53,고신대학교,대학,사립,부산,C그룹,6,0,0,1,6,1,7,0,4,2,6,0,0,0,0,101,23,6,0,0,1,5064,1.2999999523162842,6,0,5064,1.2000000476837158,101,6,1,14.399999618530272
2016,54,공군사관학교,기타,기타,충북,-,6,0,1,0,7,0,7,3,3,0,6,0,1,0,1,378,10,6,0,1,0,0,0.0,6,1,0,0.0,378,6,1,54.0
2016,55,공주교육대학교,대학,국립,충남,C그룹,5,2,0,0,5,2,7,2,2,1,5,0,0,0,0,870,277,5,2,0,0,2024,3.299999952316284,5,0,2024,2.5,870,7,0,124.3000030517578
2016,56,과학기술연합대학원대학교,대학원대학,국립,대전,-,0,0,0,1,0,1,1,0,0,0,0,0,0,0,0,28,2,0,0,0,1,1235,0.4000000059604645,0,0,1235,0.0,28,0,1,28.0
2016,57,광신대학교,대학,사립,광주,C그룹,1,2,0,0,1,2,3,0,1,0,1,0,0,0,0,8,1,1,2,0,0,949,2.700000047683716,1,0,949,1.100000023841858,8,3,0,2.700000047683716
2016,58,광양보건대학교,전문대학,사립,전남,C그룹,1,0,0,0,1,0,1,0,0,1,1,0,0,0,0,20,1,1,0,0,0,1520,0.699999988079071,1,0,1520,0.699999988079071,20,1,0,20.0
2016,59,광운대학교,대학,사립,서울,B그룹,5,1,8,0,13,1,14,1,4,0,5,0,8,0,8,174,45,5,1,8,0,9807,1.2000000476837158,5,8,9807,1.2999999523162842,174,6,8,12.399999618530272
2016,60,광주가톨릭대학교,대학,사립,전남,C그룹,2,0,0,0,2,0,2,0,2,0,2,0,0,0,0,35,2,2,0,0,0,106,18.899999618530277,2,0,106,18.899999618530277,35,2,0,17.5
2016,61,광주과학기술원,대학,국립,광주,C그룹,0,0,0,0,0,0,0,0,0,0,0,0,0,0,0,0,0,0,0,0,0,0,0.0,0,0,0,0.0,0,0,0,0.0
2016,62,광주교육대학교,대학,국립,광주,C그룹,3,1,0,0,3,1,4,0,3,0,3,0,0,0,0,318,6,3,1,0,0,2190,1.7000000476837158,3,0,2190,1.399999976158142,318,4,0,79.5
2016,63,광주대학교,대학,사립,광주,B그룹,2,1,1,9,3,10,13,1,1,0,2,0,1,0,1,81,17,2,1,1,9,7747,1.0,2,1,7747,0.4000000059604645,81,3,10,6.199999809265137
2016,64,광주보건대학교,전문대학,사립,광주,B그룹,2,0,0,3,2,3,5,0,2,0,2,0,0,0,0,85,10,2,0,0,3,3968,0.8999999761581421,2,0,3968,0.5,85,2,3,17.0
2016,65,광주여자대학교,대학,사립,광주,C그룹,1,2,1,2,2,4,6,0,1,0,1,0,1,0,1,244,6,1,2,1,2,4114,1.100000023841858,1,1,4114,0.5,244,3,3,40.70000076293945
2016,66,구미대학교,전문대학,사립,경북,A그룹,1,0,1,1,2,1,3,1,0,0,1,0,1,0,1,8,4,1,0,1,1,5695,0.4000000059604645,1,1,5695,0.4000000059604645,8,1,2,2.700000047683716
2016,67,구세군사관대학원대학교,대학원대학,사립,경기,-,0,0,1,0,1,0,1,0,0,0,0,0,1,0,1,32,1,0,0,1,0,41,19.5,0,1,41,24.399999618530277,32,0,1,32.0
2016,68,국군간호사관학교,기타,기타,대전,-,1,0,1,0,2,0,2,0,1,0,1,1,0,0,1,108,6,1,0,1,0,0,0.0,1,1,0,0.0,108,1,1,54.0
2016,69,국립강릉원주대학교,대학,국립,강원,B그룹,15,1,2,1,17,2,19,3,11,1,15,0,0,2,2,1948,102,15,1,2,1,8685,2.0999999046325684,15,2,8685,2.0,1948,16,3,102.5
2016,70,국립경국대학교,대학,국립,경북,B그룹,12,0,1,1,13,1,14,3,9,0,12,0,0,1,1,1026,104,12,0,1,1,7914,1.7000000476837158,12,1,7914,1.600000023841858,1026,12,2,73.30000305175781
2016,71,국립공주대학교,대학,국립,충남,A그룹,19,2,0,0,19,2,21,8,11,0,19,0,0,0,0,2096,286,19,2,0,0,16672,1.2000000476837158,19,0,16672,1.100000023841858,2096,21,0,99.8000030517578
2016,72,국립군산대학교,대학,국립,전북,B그룹,11,1,0,2,11,3,14,3,8,0,11,0,0,0,0,1067,166,11,1,0,2,8296,1.5,11,0,8296,1.2999999523162842,1067,12,2,76.19999694824219
2016,73,국립금오공과대학교,대학,국립,경북,B그룹,5,1,2,1,7,2,9,3,2,0,5,0,2,0,2,1096,34,5,1,2,1,7131,1.100000023841858,5,2,7131,1.0,1096,6,3,121.8000030517578
2016,74,국립목포대학교,대학,국립,전남,B그룹,9,2,0,1,9,3,12,5,4,0,9,0,0,0,0,1079,149,9,2,0,1,8513,1.2999999523162842,9,0,8513,1.100000023841858,1079,11,1,89.9000015258789
2016,75,국립목포해양대학교,대학,국립,전남,C그룹,4,0,0,0,4,0,4,2,2,0,4,0,0,0,0,410,69,4,0,0,0,2748,1.5,4,0,2748,1.5,410,4,0,102.5
2016,76,국립부경대학교,대학,국립,부산,A그룹,20,0,1,0,21,0,21,6,13,1,20,0,1,0,1,1970,273,20,0,1,0,19611,1.100000023841858,20,1,19611,1.100000023841858,1970,20,1,93.8000030517578
2016,77,국립순천대학교,대학,국립,전남,B그룹,10,1,0,1,10,2,12,6,4,0,10,0,0,0,0,1083,34,10,1,0,1,8341,1.399999976158142,10,0,8341,1.2000000476837158,1083,11,1,90.3000030517578
2016,78,국립암센터국제암대학원대학교,대학원대학,국립,경기,-,0,0,0,0,0,0,0,0,0,0,0,0,0,0,0,0,0,0,0,0,0,66,0.0,0,0,66,0.0,0,0,0,0.0
2016,79,국립창원대학교,대학,국립,경남,B그룹,12,1,0,0,12,1,13,2,9,1,12,0,0,0,0,888,26,12,1,0,0,10088,1.2999999523162842,12,0,10088,1.2000000476837158,888,13,0,68.30000305175781
2016,80,국립한국교통대학교,대학,국립,충북,B그룹,9,1,0,1,9,2,11,1,8,0,9,0,0,0,0,1169,26,9,1,0,1,9302,1.100000023841858,9,0,9302,1.0,1169,10,1,106.3000030517578
2016,81,국립한국해양대학교,대학,국립,부산,B그룹,12,0,0,0,12,0,12,6,6,0,12,0,0,0,0,789,175,12,0,0,0,7840,1.5,12,0,7840,1.5,789,12,0,65.80000305175781
2016,82,국립한밭대학교,대학,국립,대전,B그룹,7,1,1,1,8,2,10,1,3,3,7,0,1,0,1,707,16,7,1,1,1,8965,1.0,7,1,8965,0.8999999761581421,707,8,2,70.69999694824219
2016,83,국민대학교,대학,사립,서울,A그룹,11,0,10,15,21,15,36,5,5,1,11,0,10,0,10,712,107,11,0,10,15,18182,1.5,11,10,18182,1.2000000476837158,712,11,25,19.799999237060547
2016,84,국방대학교,기타,기타,충남,-,7,4,1,0,8,4,12,2,5,0,7,0,1,0,1,150,4,7,4,1,0,0,0.0,7,1,0,0.0,150,11,1,12.5
2016,85,국제뇌교육종합대학원대학교,대학원대학,사립,충남,-,1,0,0,0,1,0,1,0,1,0,1,0,0,0,0,5,1,1,0,0,0,267,3.700000047683716,1,0,267,3.700000047683716,5,1,0,5.0
2016,86,국제대학교,전문대학,사립,경기,B그룹,1,0,1,0,2,0,2,0,0,1,1,0,1,0,1,117,3,1,0,1,0,4289,0.4000000059604645,1,1,4289,0.5,117,1,1,58.5
2016,87,국제문화대학원대학교,대학원대학,사립,충남,-,1,0,0,0,1,0,1,0,1,0,1,0,0,0,0,0,0,1,0,0,0,0,0.0,1,0,0,0.0,0,1,0,0.0
2016,88,국제법률경영대학원대학교,대학원대학,사립,경기,-,0,1,0,0,0,1,1,0,0,0,0,0,0,0,0,0,0,0,1,0,0,88,9.100000381469728,0,0,88,0.0,0,1,0,0.0
2016,89,국제사이버대학교,대학,사립,경기,C그룹,0,2,0,0,0,2,2,0,0,0,0,0,0,0,0,20,2,0,2,0,0,2764,0.6000000238418579,0,0,2764,0.0,20,2,0,10.0
2016,90,국제언어대학원대학교,대학원대학,사립,서울,-,1,0,0,1,1,1,2,0,1,0,1,0,0,0,0,45,1,1,0,0,1,82,18.299999237060547,1,0,82,12.199999809265137,45,1,1,22.5
2016,91,국제예술대학교,기타,기타,서울,-,0,0,0,0,0,0,0,0,0,0,0,0,0,0,0,0,0,0,0,0,0,0,0.0,0,0,0,0.0,0,0,0,0.0
2016,92,군산간호대학교,전문대학,사립,전북,C그룹,1,0,0,1,1,1,2,0,1,0,1,0,0,0,0,45,2,1,0,0,1,1112,1.2999999523162842,1,0,1112,0.8999999761581421,45,1,1,22.5
2016,93,군장대학교,전문대학,사립,전북,C그룹,1,0,0,1,1,1,2,0,1,0,1,0,0,0,0,4,1,1,0,0,1,1918,0.800000011920929,1,0,1918,0.5,4,1,1,2.0
2016,94,극동대학교,대학,사립,충북,C그룹,1,3,2,0,3,3,6,0,1,0,1,0,2,0,2,31,12,1,3,2,0,4293,1.2000000476837158,1,2,4293,0.699999988079071,31,4,2,5.199999809265137
2016,95,글로벌사이버대학교,대학,사립,충남,C그룹,0,2,0,0,0,2,2,0,0,0,0,0,0,0,0,0,0,0,2,0,0,2133,0.800000011920929,0,0,2133,0.0,0,2,0,0.0
2016,96,금강대학교,대학,사립,충남,C그룹,2,0,1,0,3,0,3,1,1,0,2,0,1,0,1,4,1,2,0,1,0,548,5.099999904632568,2,1,548,5.5,4,2,1,1.2999999523162842
2016,97,기독간호대학교,전문대학,사립,광주,C그룹,0,0,1,0,1,0,1,0,0,0,0,0,1,0,1,10,2,0,0,1,0,637,1.2999999523162842,0,1,637,1.600000023841858,10,0,1,10.0
2016,98,김천대학교,대학,사립,경북,C그룹,2,3,1,1,3,4,7,0,2,0,2,0,1,0,1,96,25,2,3,1,1,3758,1.5,2,1,3758,0.800000011920929,96,5,2,13.699999809265137
2016,99,김포대학교,전문대학,사립,경기,C그룹,0,0,1,1,1,1,2,0,0,0,0,0,1,0,1,52,11,0,0,1,1,3331,0.4000000059604645,0,1,3331,0.3000000119209289,52,0,2,26.0
2016,100,김해대학교,전문대학,사립,경남,C그룹,1,1,0,0,1,1,2,0,1,0,1,0,0,0,0,30,1,1,1,0,0,1378,1.2999999523162842,1,0,1378,0.699999988079071,30,2,0,15.0
2016,101,나사렛대학교,대학,사립,충남,B그룹,3,0,4,0,7,0,7,0,3,0,3,1,3,0,4,254,9,3,0,4,0,5861,1.100000023841858,3,4,5861,1.2000000476837158,254,3,4,36.29999923706055
2016,102,나주대학교,전문대학,사립,전남,C그룹,0,0,0,1,0,1,1,0,0,0,0,0,0,0,0,0,0,0,0,0,1,2131,0.2000000029802322,0,0,2131,0.0,0,0,1,0.0
2016,103,남부대학교,대학,사립,광주,C그룹,2,2,0,0,2,2,4,0,2,0,2,0,0,0,0,69,5,2,2,0,0,3396,1.100000023841858,2,0,3396,0.6000000238418579,69,4,0,17.299999237060547
2016,104,남서울대학교,대학,사립,충남,B그룹,3,0,5,10,8,10,18,0,3,0,3,0,5,0,5,170,18,3,0,5,10,10310,1.2000000476837158,3,5,10310,0.800000011920929,170,3,15,9.399999618530272
2016,105,농협대학교,전문대학,사립,경기,C그룹,1,1,0,0,1,1,2,0,0,1,1,0,0,0,0,0,0,1,1,0,0,523,3.400000095367432,1,0,523,1.899999976158142,0,2,0,0.0
2016,106,능인대학원대학교,대학원대학,사립,경기,-,1,0,0,0,1,0,1,0,1,0,1,0,0,0,0,5,1,1,0,0,0,72,13.899999618530272,1,0,72,13.899999618530272,5,1,0,5.0
2016,107,단국대학교,대학,사립,경기,A그룹,20,1,0,1,20,2,22,6,14,0,20,0,0,0,0,551,57,20,1,0,1,27070,0.800000011920929,20,0,27070,0.699999988079071,551,21,1,25.0
2016,108,대경대학교,전문대학,사립,경북,B그룹,1,0,0,0,1,0,1,0,1,0,1,0,0,0,0,16,2,1,0,0,0,4276,0.2000000029802322,1,0,4276,0.2000000029802322,16,1,0,16.0
2016,109,대구가톨릭대학교,대학,사립,경북,A그룹,12,0,11,0,23,0,23,0,11,1,12,0,11,0,11,323,104,12,0,11,0,15341,1.399999976158142,12,11,15341,1.5,323,12,11,14.0
2016,110,대구경북과학기술원,대학,국립,대구,C그룹,1,0,3,0,4,0,4,0,1,0,1,0,3,0,3,43,12,1,0,3,0,911,3.700000047683716,1,3,911,4.400000095367432,43,1,3,10.800000190734863
2016,111,대구공업대학교,전문대학,사립,대구,C그룹,1,0,0,3,1,3,4,0,1,0,1,0,0,0,0,15,1,1,0,0,3,1879,1.2999999523162842,1,0,1879,0.5,15,1,3,3.799999952316284
2016,112,대구과학대학교,전문대학,사립,대구,A그룹,1,1,0,0,1,1,2,0,1,0,1,0,0,0,0,34,1,1,1,0,0,4352,0.4000000059604645,1,0,4352,0.2000000029802322,34,2,0,17.0
2016,113,대구교육대학교,대학,국립,대구,C그룹,5,1,0,0,5,1,6,0,5,0,5,0,0,0,0,679,102,5,1,0,0,2718,2.0999999046325684,5,0,2718,1.7999999523162842,679,6,0,113.1999969482422
2016,114,대구대학교,대학,사립,경북,A그룹,12,3,6,8,18,11,29,2,10,0,12,0,6,0,6,832,142,12,3,6,8,20572,1.100000023841858,12,6,20572,0.8999999761581421,832,15,14,28.700000762939453
2016,115,대구미래대학교,전문대학,사립,경북,C그룹,0,0,0,1,0,1,1,0,0,0,0,0,0,0,0,0,0,0,0,0,1,760,0.699999988079071,0,0,760,0.0,0,0,1,0.0
2016,116,대구보건대학교,전문대학,사립,대구,A그룹,3,0,1,0,4,0,4,0,3,0,3,0,1,0,1,124,19,3,0,1,0,6858,0.6000000238418579,3,1,6858,0.6000000238418579,124,3,1,31.0
2016,117,대구사이버대학교,대학,사립,경북,C그룹,0,2,0,0,0,2,2,0,0,0,0,0,0,0,0,0,0,0,2,0,0,4382,0.4000000059604645,0,0,4382,0.0,0,2,0,0.0
2016,118,대구예술대학교,대학,사립,경북,C그룹,1,1,0,0,1,1,2,0,0,1,1,0,0,0,0,0,0,1,1,0,0,1432,1.2999999523162842,1,0,1432,0.699999988079071,0,2,0,0.0
2016,119,대구외국어대학교,대학,사립,경북,C그룹,1,0,0,1,1,1,2,0,1,0,1,0,0,0,0,5,1,1,0,0,1,334,4.5,1,0,334,3.0,5,1,1,2.5
2016,120,대구한의대학교,대학,사립,경북,B그룹,4,2,3,0,7,2,9,0,4,0,4,0,3,0,3,249,27,4,2,3,0,7499,1.100000023841858,4,3,7499,0.8999999761581421,249,6,3,27.700000762939453
2016,121,대덕대학교,전문대학,사립,대전,C그룹,0,0,2,1,2,1,3,0,0,0,0,0,2,0,2,97,18,0,0,2,1,4266,0.5,0,2,4266,0.5,97,0,3,32.29999923706055
2016,122,대동대학교,전문대학,사립,부산,C그룹,1,0,0,1,1,1,2,0,1,0,1,0,0,0,0,18,6,1,0,0,1,1590,0.8999999761581421,1,0,1590,0.6000000238418579,18,1,1,9.0
2016,123,대림대학교,전문대학,사립,경기,A그룹,2,1,1,0,3,1,4,0,2,0,2,0,1,0,1,279,26,2,1,1,0,6517,0.6000000238418579,2,1,6517,0.5,279,3,1,69.80000305175781
2016,124,대신대학교,대학,사립,경북,C그룹,2,0,0,1,2,1,3,0,1,1,2,0,0,0,0,43,7,2,0,0,1,493,5.099999904632568,2,0,493,4.099999904632568,43,2,1,14.300000190734863
2016,125,대원대학교,전문대학,사립,충북,C그룹,0,0,1,2,1,2,3,0,0,0,0,0,1,0,1,34,2,0,0,1,2,2667,0.699999988079071,0,1,2667,0.4000000059604645,34,0,3,11.300000190734863
2016,126,대전가톨릭대학교,대학,사립,세종,C그룹,2,1,0,0,2,1,3,1,1,0,2,0,0,0,0,155,5,2,1,0,0,116,24.100000381469727,2,0,116,17.200000762939453,155,3,0,51.70000076293945
2016,127,대전과학기술대학교,전문대학,사립,대전,B그룹,4,0,0,1,4,1,5,2,2,0,4,0,0,0,0,44,3,4,0,0,1,4696,1.0,4,0,4696,0.8999999761581421,44,4,1,8.800000190734863
2016,128,대전대학교,대학,사립,대전,B그룹,9,0,4,0,13,0,13,0,9,0,9,0,4,0,4,497,123,9,0,4,0,10612,1.100000023841858,9,4,10612,1.2000000476837158,497,9,4,38.20000076293945
2016,129,대전보건대학교,전문대학,사립,대전,A그룹,2,0,2,0,4,0,4,0,2,0,2,0,2,0,2,119,14,2,0,2,0,5901,0.6000000238418579,2,2,5901,0.699999988079071,119,2,2,29.799999237060547
2016,130,대전신학대학교,대학,사립,대전,C그룹,1,1,0,0,1,1,2,0,1,0,1,0,0,0,0,15,2,1,1,0,0,282,6.400000095367432,1,0,282,3.5,15,2,0,7.5
2016,131,대진대학교,대학,사립,경기,B그룹,4,3,3,0,7,3,10,2,2,0,4,0,3,0,3,506,59,4,3,3,0,8202,1.100000023841858,4,3,8202,0.8999999761581421,506,7,3,50.59999847412109
2016,132,대한신학대학원대학교,대학원대학,사립,경기,-,0,0,0,1,0,1,1,0,0,0,0,0,0,0,0,14,1,0,0,0,1,327,1.5,0,0,327,0.0,14,0,1,14.0
2016,133,덕성여자대학교,대학,사립,서울,B그룹,6,0,8,2,14,2,16,1,4,1,6,0,8,0,8,302,77,6,0,8,2,6284,2.0999999046325684,6,8,6284,2.200000047683716,302,6,10,18.899999618530277
2016,134,동강대학교,전문대학,사립,광주,B그룹,1,2,0,0,1,2,3,0,1,0,1,0,0,0,0,55,5,1,2,0,0,3350,0.800000011920929,1,0,3350,0.3000000119209289,55,3,0,18.299999237060547
2016,135,동국대학교,대학,사립,서울,A그룹,13,0,7,1,20,1,21,5,8,0,13,0,7,0,7,484,127,13,0,7,1,17358,1.100000023841858,13,7,17358,1.2000000476837158,484,13,8,23.0
2016,136,동국대학교 WISE캠퍼스,대학,사립,경북,B그룹,3,1,7,2,10,3,13,0,3,0,3,0,7,0,7,417,50,3,1,7,2,8669,1.2000000476837158,3,7,8669,1.2000000476837158,417,4,9,32.099998474121094
2016,137,동남보건대학교,전문대학,사립,경기,A그룹,2,1,0,1,2,2,4,1,1,0,2,0,0,0,0,66,5,2,1,0,1,4892,0.699999988079071,2,0,4892,0.4000000059604645,66,3,1,16.5
2016,138,동덕여자대학교,대학,사립,서울,B그룹,8,0,6,0,14,0,14,3,5,0,8,0,6,0,6,554,361,8,0,6,0,7397,1.7000000476837158,8,6,7397,1.899999976158142,554,8,6,39.59999847412109
2016,139,동명대학교,대학,사립,부산,B그룹,2,2,6,4,8,6,14,1,1,0,2,0,6,0,6,285,17,2,2,6,4,8709,1.2000000476837158,2,6,8709,0.8999999761581421,285,4,10,20.399999618530277
2016,140,동방문화대학원대학교,대학원대학,사립,서울,-,1,0,0,0,1,0,1,0,1,0,1,0,0,0,0,0,0,1,0,0,0,223,4.5,1,0,223,4.5,0,1,0,0.0
2016,141,동부산대학교,전문대학,사립,부산,C그룹,2,0,0,2,2,2,4,0,2,0,2,0,0,0,0,90,5,2,0,0,2,2381,1.2999999523162842,2,0,2381,0.800000011920929,90,2,2,22.5
2016,142,동서대학교,대학,사립,부산,B그룹,9,1,2,1,11,2,13,1,6,2,9,0,2,0,2,569,75,9,1,2,1,11432,1.0,9,2,11432,1.0,569,10,3,43.79999923706055
2016,143,동서울대학교,전문대학,사립,경기,A그룹,2,1,1,1,3,2,5,0,2,0,2,0,0,1,1,32,2,2,1,1,1,5715,0.699999988079071,2,1,5715,0.5,32,3,2,6.400000095367432
2016,144,동신대학교,대학,사립,전남,B그룹,1,0,2,7,3,7,10,1,0,0,1,0,2,0,2,90,13,1,0,2,7,7627,0.800000011920929,1,2,7627,0.4000000059604645,90,1,9,9.0
2016,145,동아대학교,대학,사립,부산,A그룹,19,1,11,1,30,2,32,10,8,1,19,0,11,0,11,419,98,19,1,11,1,21958,1.2999999523162842,19,11,21958,1.399999976158142,419,20,12,13.100000381469728
2016,146,동아방송예술대학교,전문대학,사립,경기,B그룹,1,0,2,0,3,0,3,0,1,0,1,0,2,0,2,71,13,1,0,2,0,3056,0.8999999761581421,1,2,3056,1.0,71,1,2,23.700000762939453
2016,147,동아보건대학교,전문대학,사립,전남,C그룹,2,0,0,0,2,0,2,0,2,0,2,0,0,0,0,0,0,2,0,0,0,2006,1.0,2,0,2006,1.0,0,2,0,0.0
2016,148,동양대학교,대학,사립,경북,C그룹,0,1,0,0,0,1,1,0,0,0,0,0,0,0,0,15,2,0,1,0,0,4585,0.2000000029802322,0,0,4585,0.0,15,1,0,15.0
2016,149,동양미래대학교,전문대학,사립,서울,A그룹,3,1,0,0,3,1,4,0,1,2,3,0,0,0,0,109,8,3,1,0,0,5950,0.6000000238418579,3,0,5950,0.5,109,4,0,27.299999237060547
2016,150,동우대학,전문대학,사립,강원,B그룹,0,0,0,0,0,0,0,0,0,0,0,0,0,0,0,0,0,0,0,0,0,0,0.0,0,0,0,0.0,0,0,0,0.0
2016,151,동원과학기술대학교,전문대학,사립,경남,B그룹,0,0,1,0,1,0,1,0,0,0,0,0,1,0,1,27,2,0,0,1,0,2088,0.4000000059604645,0,1,2088,0.5,27,0,1,27.0
2016,152,동원대학교,전문대학,사립,경기,B그룹,1,0,1,0,2,0,2,0,1,0,1,0,0,1,1,46,2,1,0,1,0,3841,0.5,1,1,3841,0.5,46,1,1,23.0
2016,153,동의과학대학교,전문대학,사립,부산,B그룹,3,0,0,0,3,0,3,1,2,0,3,0,0,0,0,40,5,3,0,0,0,5465,0.5,3,0,5465,0.5,40,3,0,13.300000190734863
2016,154,동의대학교,대학,사립,부산,A그룹,14,1,4,0,18,1,19,2,12,0,14,0,4,0,4,268,48,14,1,4,0,16555,1.100000023841858,14,4,16555,1.100000023841858,268,15,4,14.100000381469728
2016,155,두원공과대학교,전문대학,사립,경기,B그룹,1,0,1,0,2,0,2,0,1,0,1,0,1,0,1,0,0,1,0,1,0,5982,0.3000000119209289,1,1,5982,0.3000000119209289,0,1,1,0.0
2016,156,디지털서울문화예술대학교,대학,사립,서울,C그룹,0,0,0,0,0,0,0,0,0,0,0,0,0,0,0,0,0,0,0,0,0,3813,0.0,0,0,3813,0.0,0,0,0,0.0
2016,157,루터대학교,대학,사립,경기,C그룹,1,0,0,1,1,1,2,0,1,0,1,0,0,0,0,23,1,1,0,0,1,449,3.299999952316284,1,0,449,2.200000047683716,23,1,1,11.5
2016,158,마산대학교,전문대학,사립,경남,A그룹,2,0,0,3,2,3,5,0,2,0,2,0,0,0,0,39,19,2,0,0,3,5875,0.6000000238418579,2,0,5875,0.3000000119209289,39,2,3,7.800000190734863
2016,159,명신대학교,대학,사립,전남,C그룹,0,0,0,0,0,0,0,0,0,0,0,0,0,0,0,0,0,0,0,0,0,0,0.0,0,0,0,0.0,0,0,0,0.0
2016,160,명지대학교,대학,사립,서울,A그룹,12,2,2,3,14,5,19,4,5,3,12,0,2,0,2,317,36,12,2,2,3,16153,1.0,12,2,16153,0.8999999761581421,317,14,5,16.700000762939453
2016,161,명지전문대학,전문대학,사립,서울,A그룹,1,2,1,0,2,2,4,0,1,0,1,0,1,0,1,83,13,1,2,1,0,6986,0.5,1,1,6986,0.3000000119209289,83,3,1,20.799999237060547
2016,162,목원대학교,대학,사립,대전,B그룹,4,1,6,1,10,2,12,1,3,0,4,0,6,0,6,174,35,4,1,6,1,9185,1.100000023841858,4,6,9185,1.100000023841858,174,5,7,14.5
2016,163,목포가톨릭대학교,대학,사립,전남,C그룹,1,0,0,0,1,0,1,0,1,0,1,0,0,0,0,0,0,1,0,0,0,570,1.7999999523162842,1,0,570,1.7999999523162842,0,1,0,0.0
2016,164,목포과학대학교,전문대학,사립,전남,B그룹,1,0,2,0,3,0,3,1,0,0,1,0,2,0,2,28,4,1,0,2,0,2504,1.0,1,2,2504,1.2000000476837158,28,1,2,9.300000190734863
2016,165,문경대학교,전문대학,사립,경북,C그룹,1,0,0,0,1,0,1,0,1,0,1,0,0,0,0,39,5,1,0,0,0,864,1.2000000476837158,1,0,864,1.2000000476837158,39,1,0,39.0
2016,166,배재대학교,대학,사립,대전,B그룹,4,4,0,4,4,8,12,2,2,0,4,0,0,0,0,145,35,4,4,0,4,9896,0.8999999761581421,4,0,9896,0.4000000059604645,145,8,4,12.100000381469728
2016,167,배화여자대학교,전문대학,사립,서울,B그룹,2,1,0,0,2,1,3,2,0,0,2,0,0,0,0,39,2,2,1,0,0,3130,0.8999999761581421,2,0,3130,0.6000000238418579,39,3,0,13.0
2016,168,백석대학교,대학,사립,충남,A그룹,5,3,9,6,14,9,23,0,4,1,5,0,9,0,9,310,27,5,3,9,6,14788,1.2000000476837158,5,9,14788,0.8999999761581421,310,8,15,13.5
2016,169,백석문화대학교,전문대학,사립,충남,A그룹,4,0,1,0,5,0,5,1,2,1,4,0,1,0,1,223,9,4,0,1,0,5873,0.800000011920929,4,1,5873,0.8999999761581421,223,4,1,44.59999847412109
2016,170,백석예술대학,전문대학,사립,서울,A그룹,0,0,0,0,0,0,0,0,0,0,0,0,0,0,0,0,0,0,0,0,0,0,0.0,0,0,0,0.0,0,0,0,0.0
2016,171,백제예술대학교,전문대학,사립,전북,C그룹,1,0,0,0,1,0,1,0,0,1,1,0,0,0,0,27,1,1,0,0,0,1754,0.6000000238418579,1,0,1754,0.6000000238418579,27,1,0,27.0
2016,172,베뢰아국제대학원대학교,대학원대학,사립,서울,-,2,0,0,0,2,0,2,0,1,1,2,0,0,0,0,0,0,2,0,0,0,87,23.0,2,0,87,23.0,0,2,0,0.0
2016,173,벽성대학,전문대학,사립,전북,C그룹,0,0,0,0,0,0,0,0,0,0,0,0,0,0,0,0,0,0,0,0,0,0,0.0,0,0,0,0.0,0,0,0,0.0
2016,174,부산가톨릭대학교,대학,사립,부산,C그룹,3,1,0,2,3,3,6,0,3,0,3,0,0,0,0,221,28,3,1,0,2,4209,1.100000023841858,3,0,4209,0.699999988079071,221,4,2,36.79999923706055
2016,175,부산경상대학교,전문대학,사립,부산,B그룹,0,0,1,2,1,2,3,0,0,0,0,0,1,0,1,12,1,0,0,1,2,3087,0.6000000238418579,0,1,3087,0.3000000119209289,12,0,3,4.0
2016,176,부산과학기술대학교,전문대학,사립,부산,B그룹,1,1,1,1,2,2,4,0,1,0,1,0,1,0,1,15,1,1,1,1,1,4357,0.699999988079071,1,1,4357,0.5,15,2,2,3.799999952316284
2016,177,부산교육대학교,대학,국립,부산,C그룹,6,1,0,0,6,1,7,1,5,0,6,0,0,0,0,627,78,6,1,0,0,2546,2.700000047683716,6,0,2546,2.400000095367432,627,7,0,89.5999984741211
2016,178,부산대학교,대학,국립,부산,A그룹,47,1,3,2,50,3,53,17,30,0,47,0,3,0,3,3954,517,47,1,3,2,29618,1.7000000476837158,47,3,29618,1.7000000476837158,3954,48,5,74.5999984741211
2016,179,부산디지털대학교,대학,사립,부산,C그룹,0,1,0,0,0,1,1,0,0,0,0,0,0,0,0,0,0,0,1,0,0,2412,0.3000000119209289,0,0,2412,0.0,0,1,0,0.0
2016,180,부산보건대학교,전문대학,사립,부산,B그룹,1,0,1,1,2,1,3,1,0,0,1,0,1,0,1,67,21,1,0,1,1,3472,0.699999988079071,1,1,3472,0.6000000238418579,67,1,2,22.299999237060547
2016,181,부산여자대학교,전문대학,사립,부산,C그룹,3,0,0,0,3,0,3,3,0,0,3,0,0,0,0,12,3,3,0,0,0,3056,1.0,3,0,3056,1.0,12,3,0,4.0
2016,182,부산예술대학교,전문대학,사립,부산,C그룹,0,0,1,0,1,0,1,0,0,0,0,0,0,1,1,0,0,0,0,1,0,862,0.8999999761581421,0,1,862,1.2000000476837158,0,0,1,0.0
2016,183,부산외국어대학교,대학,사립,부산,B그룹,5,0,3,1,8,1,9,0,5,0,5,0,3,0,3,287,63,5,0,3,1,9538,0.800000011920929,5,3,9538,0.800000011920929,287,5,4,31.899999618530277
2016,184,부산장신대학교,대학,사립,경남,C그룹,1,0,0,0,1,0,1,1,0,0,1,0,0,0,0,51,6,1,0,0,0,512,2.0,1,0,512,2.0,51,1,0,51.0
2016,185,부천대학교,전문대학,사립,경기,A그룹,1,1,0,2,1,3,4,0,1,0,1,0,0,0,0,114,5,1,1,0,2,7669,0.4000000059604645,1,0,7669,0.1000000014901161,114,2,2,28.5
2016,186,삼육대학교,대학,사립,서울,B그룹,2,5,0,1,2,6,8,1,1,0,2,0,0,0,0,174,30,2,5,0,1,6006,1.100000023841858,2,0,6006,0.3000000119209289,174,7,1,21.799999237060547
2016,187,삼육보건대학교,전문대학,사립,서울,C그룹,1,0,1,1,2,1,3,0,1,0,1,0,1,0,1,72,5,1,0,1,1,1356,1.7000000476837158,1,1,1356,1.5,72,1,2,24.0
2016,188,상명대학교,대학,사립,서울,A그룹,10,4,4,11,14,15,29,6,4,0,10,0,4,0,4,451,29,10,4,4,11,14952,1.5,10,4,14952,0.8999999761581421,451,14,15,15.600000381469728
2016,189,상지대학교,대학,사립,강원,B그룹,4,1,6,1,10,2,12,1,2,1,4,0,4,2,6,90,19,4,1,6,1,7620,1.2999999523162842,4,6,7620,1.2999999523162842,90,5,7,7.5
2016,190,상지영서대학교,전문대학,사립,강원,B그룹,1,1,0,2,1,3,4,0,1,0,1,0,0,0,0,22,1,1,1,0,2,2854,1.0,1,0,2854,0.4000000059604645,22,2,2,5.5
2016,191,서강대학교,대학,사립,서울,A그룹,19,0,6,4,25,4,29,13,6,0,19,0,6,0,6,850,134,19,0,6,4,11174,2.299999952316284,19,6,11174,2.200000047683716,850,19,10,29.299999237060547
2016,192,서경대학교,대학,사립,서울,B그룹,2,4,0,5,2,9,11,0,2,0,2,0,0,0,0,78,14,2,4,0,5,7190,1.100000023841858,2,0,7190,0.3000000119209289,78,6,5,7.099999904632568
2016,193,서남대학교,대학,사립,전북,C그룹,0,1,0,0,0,1,1,0,0,0,0,0,0,0,0,10,1,0,1,0,0,1758,0.5,0,0,1758,0.0,10,1,0,10.0
2016,194,서라벌대학교,전문대학,사립,경북,C그룹,1,0,0,0,1,0,1,0,1,0,1,0,0,0,0,37,1,1,0,0,0,872,1.100000023841858,1,0,872,1.100000023841858,37,1,0,37.0
2016,195,서영대학교,전문대학,사립,광주,A그룹,0,2,2,0,2,2,4,0,0,0,0,1,1,0,2,27,2,0,2,2,0,5094,0.6000000238418579,0,2,5094,0.4000000059604645,27,2,2,6.800000190734863
2016,196,서울과학기술대학교,대학,국립,서울,A그룹,9,3,0,0,9,3,12,0,7,2,9,0,0,0,0,905,145,9,3,0,0,12407,0.8999999761581421,9,0,12407,0.699999988079071,905,12,0,75.4000015258789
2016,197,서울과학종합대학원대학교,대학원대학,사립,서울,-,0,1,0,0,0,1,1,0,0,0,0,0,0,0,0,4,1,0,1,0,0,368,2.200000047683716,0,0,368,0.0,4,1,0,4.0
2016,198,서울교육대학교,대학,국립,서울,C그룹,5,0,1,0,6,0,6,2,3,0,5,0,1,0,1,475,20,5,0,1,0,2996,1.899999976158142,5,1,2996,2.0,475,5,1,79.19999694824219
2016,199,서울기독대학교,대학,사립,서울,C그룹,1,1,0,1,1,2,3,1,0,0,1,0,0,0,0,22,2,1,1,0,1,761,3.0,1,0,761,1.2999999523162842,22,2,1,7.300000190734863
2016,200,서울대학교,대학,국립,서울,A그룹,87,10,9,9,96,19,115,22,54,11,87,0,7,2,9,4981,186,87,10,9,9,28630,3.700000047683716,87,9,28630,3.400000095367432,4981,97,18,43.29999923706055
2016,201,서울디지털대학교,대학,사립,서울,A그룹,0,0,0,1,0,1,1,0,0,0,0,0,0,0,0,0,0,0,0,0,1,10833,0.0,0,0,10833,0.0,0,0,1,0.0
2016,202,서울미디어대학원대학교,대학원대학,사립,서울,-,0,0,0,1,0,1,1,0,0,0,0,0,0,0,0,0,0,0,0,0,1,104,4.800000190734863,0,0,104,0.0,0,0,1,0.0
2016,203,서울벤처대학원대학교,대학원대학,사립,서울,-,0,0,0,0,0,0,0,0,0,0,0,0,0,0,0,0,0,0,0,0,0,256,0.0,0,0,256,0.0,0,0,0,0.0
2016,204,서울불교대학원대학교,대학원대학,사립,서울,-,0,1,0,0,0,1,1,0,0,0,0,0,0,0,0,0,0,0,1,0,0,172,4.699999809265137,0,0,172,0.0,0,1,0,0.0
2016,205,서울사이버대학교,대학,사립,서울,A그룹,0,1,0,1,0,2,2,0,0,0,0,0,0,0,0,0,0,0,1,0,1,11143,0.1000000014901161,0,0,11143,0.0,0,1,1,0.0
2016,206,서울사회복지대학원대학교,대학원대학,사립,서울,-,0,0,0,1,0,1,1,0,0,0,0,0,0,0,0,0,0,0,0,0,1,95,5.300000190734863,0,0,95,0.0,0,0,1,0.0
2016,207,서울상담심리대학원대학교,대학원대학,사립,서울,-,1,0,0,0,1,0,1,1,0,0,1,0,0,0,0,24,1,1,0,0,0,97,10.300000190734863,1,0,97,10.300000190734863,24,1,0,24.0
2016,208,서울성경신학대학원대학교,대학원대학,사립,서울,-,1,0,0,0,1,0,1,0,1,0,1,0,0,0,0,52,9,1,0,0,0,86,11.600000381469728,1,0,86,11.600000381469728,52,1,0,52.0
2016,209,서울시립대학교,대학,공립,서울,A그룹,21,1,5,0,26,1,27,4,13,4,21,0,4,1,5,1881,234,21,1,5,0,11793,2.200000047683716,21,5,11793,2.200000047683716,1881,22,5,69.69999694824219
2016,210,서울신학대학교,대학,사립,경기,C그룹,3,2,0,2,3,4,7,2,1,0,3,0,0,0,0,250,13,3,2,0,2,3170,1.7999999523162842,3,0,3170,0.8999999761581421,250,5,2,35.70000076293945
2016,211,서울여자간호대학교,전문대학,사립,서울,C그룹,1,0,0,0,1,0,1,0,1,0,1,0,0,0,0,33,1,1,0,0,0,966,1.0,1,0,966,1.0,33,1,0,33.0
2016,212,서울여자대학교,대학,사립,서울,B그룹,3,2,10,4,13,6,19,1,2,0,3,0,10,0,10,668,94,3,2,10,4,8058,1.7999999523162842,3,10,8058,1.600000023841858,668,5,14,35.20000076293945
2016,213,서울예술대학교,전문대학,사립,경기,B그룹,1,1,1,0,2,1,3,1,0,0,1,0,1,0,1,29,4,1,1,1,0,3136,0.800000011920929,1,1,3136,0.6000000238418579,29,2,1,9.699999809265137
2016,214,서울외국어대학원대학교,대학원대학,사립,서울,-,0,0,0,0,0,0,0,0,0,0,0,0,0,0,0,0,0,0,0,0,0,155,0.0,0,0,155,0.0,0,0,0,0.0
2016,215,서울장신대학교,대학,사립,경기,C그룹,0,2,1,0,1,2,3,0,0,0,0,0,0,1,1,127,21,0,2,1,0,852,2.799999952316284,0,1,852,1.2000000476837158,127,2,1,42.29999923706055
2016,216,서울한영대학교,대학,사립,서울,C그룹,3,0,0,1,3,1,4,0,3,0,3,0,0,0,0,117,13,3,0,0,1,1090,3.200000047683716,3,0,1090,2.799999952316284,117,3,1,29.299999237060547
2016,217,서원대학교,대학,사립,충북,B그룹,3,2,2,3,5,5,10,1,2,0,3,0,2,0,2,230,52,3,2,2,3,7493,1.0,3,2,7493,0.699999988079071,230,5,5,23.0
2016,218,서일대학교,전문대학,사립,서울,A그룹,3,0,0,0,3,0,3,0,2,1,3,0,0,0,0,216,21,3,0,0,0,6524,0.5,3,0,6524,0.5,216,3,0,72.0
2016,219,서정대학교,전문대학,사립,경기,A그룹,0,0,2,1,2,1,3,0,0,0,0,0,1,1,2,30,2,0,0,2,1,4488,0.5,0,2,4488,0.4000000059604645,30,0,3,10.0
2016,220,서해대학,전문대학,사립,전북,C그룹,1,0,0,0,1,0,1,0,1,0,1,0,0,0,0,15,1,1,0,0,0,1247,0.800000011920929,1,0,1247,0.800000011920929,15,1,0,15.0
2016,221,선교청대학교,대학,사립,충남,C그룹,0,0,0,0,0,0,0,0,0,0,0,0,0,0,0,0,0,0,0,0,0,0,0.0,0,0,0,0.0,0,0,0,0.0
2016,222,선린대학교,전문대학,사립,경북,C그룹,1,0,1,0,2,0,2,0,0,1,1,0,1,0,1,27,2,1,0,1,0,2606,0.699999988079071,1,1,2606,0.800000011920929,27,1,1,13.5
2016,223,선문대학교,대학,사립,충남,B그룹,2,1,4,9,6,10,16,0,2,0,2,0,4,0,4,365,42,2,1,4,9,10054,1.0,2,4,10054,0.6000000238418579,365,3,13,22.799999237060547
2016,224,선학유피대학원대학교,대학원대학,사립,경기,-,1,0,0,1,1,1,2,0,1,0,1,0,0,0,0,21,2,1,0,0,1,75,20.0,1,0,75,13.300000190734863,21,1,1,10.5
2016,225,성결대학교,대학,사립,경기,B그룹,3,0,4,1,7,1,8,1,2,0,3,0,4,0,4,185,27,3,0,4,1,6054,1.100000023841858,3,4,6054,1.2000000476837158,185,3,5,23.100000381469727
2016,226,성공회대학교,대학,사립,서울,C그룹,4,0,0,0,4,0,4,1,3,0,4,0,0,0,0,140,14,4,0,0,0,2516,1.600000023841858,4,0,2516,1.600000023841858,140,4,0,35.0
2016,227,성균관대학교,대학,사립,서울,A그룹,19,3,29,6,48,9,57,9,10,0,19,0,15,14,29,3478,257,19,3,29,6,26654,1.7999999523162842,19,29,26654,1.7999999523162842,3478,22,35,61.0
2016,228,성산효대학원대학교,대학원대학,사립,인천,-,1,0,0,0,1,0,1,0,1,0,1,0,0,0,0,0,0,1,0,0,0,236,4.199999809265137,1,0,236,4.199999809265137,0,1,0,0.0
2016,229,성서침례대학원대학교,대학원대학,사립,경기,-,0,1,0,0,0,1,1,0,0,0,0,0,0,0,0,0,0,0,1,0,0,49,16.299999237060547,0,0,49,0.0,0,1,0,0.0
2016,230,성신여자대학교,대학,사립,서울,A그룹,7,0,6,8,13,8,21,2,5,0,7,0,6,0,6,455,88,7,0,6,8,10445,1.5,7,6,10445,1.2000000476837158,455,7,14,21.700000762939453
2016,231,성운대학교,전문대학,사립,경북,C그룹,1,0,0,0,1,0,1,0,1,0,1,0,0,0,0,4,1,1,0,0,0,1364,0.699999988079071,1,0,1364,0.699999988079071,4,1,0,4.0
2016,232,성화대학,전문대학,사립,전남,B그룹,0,0,0,0,0,0,0,0,0,0,0,0,0,0,0,0,0,0,0,0,0,0,0.0,0,0,0,0.0,0,0,0,0.0
2016,233,세경대학교,전문대학,사립,강원,C그룹,1,0,0,0,1,0,1,0,1,0,1,0,0,0,0,3,1,1,0,0,0,941,1.100000023841858,1,0,941,1.100000023841858,3,1,0,3.0
2016,234,세계사이버대학,기타,기타,경기,-,0,1,0,0,0,1,1,0,0,0,0,0,0,0,0,0,0,0,1,0,0,0,0.0,0,0,0,0.0,0,1,0,0.0
2016,235,세명대학교,대학,사립,충북,B그룹,3,3,0,5,3,8,11,1,2,0,3,0,0,0,0,160,25,3,3,0,5,8347,0.8999999761581421,3,0,8347,0.4000000059604645,160,6,5,14.5
2016,236,세종대학교,대학,사립,서울,A그룹,8,0,0,3,8,3,11,2,6,0,8,0,0,0,0,80,20,8,0,0,3,13968,0.699999988079071,8,0,13968,0.6000000238418579,80,8,3,7.300000190734863
2016,237,세한대학교,대학,사립,충남,C그룹,3,2,0,0,3,2,5,0,3,0,3,0,0,0,0,136,28,3,2,0,0,4261,1.100000023841858,3,0,4261,0.699999988079071,136,5,0,27.200000762939453
2016,238,송곡대학교,전문대학,사립,강원,C그룹,1,0,0,0,1,0,1,0,0,1,1,0,0,0,0,0,0,1,0,0,0,751,1.2999999523162842,1,0,751,1.2999999523162842,0,1,0,0.0
2016,239,송원대학교,대학,사립,광주,C그룹,2,1,0,0,2,1,3,0,2,0,2,0,0,0,0,115,25,2,1,0,0,2587,1.100000023841858,2,0,2587,0.800000011920929,115,3,0,38.29999923706055
2016,240,송호대학교,전문대학,사립,강원,C그룹,1,0,0,0,1,0,1,0,0,1,1,0,0,0,0,0,0,1,0,0,0,1007,1.0,1,0,1007,1.0,0,1,0,0.0
2016,241,수도국제대학원대학교,대학원대학,사립,서울,-,1,1,0,0,1,1,2,0,1,0,1,0,0,0,0,0,0,1,1,0,0,303,5.900000095367432,1,0,303,3.299999952316284,0,2,0,0.0
2016,242,수성대학교,전문대학,사립,대구,B그룹,1,1,1,0,2,1,3,0,1,0,1,0,1,0,1,100,2,1,1,1,0,3715,0.699999988079071,1,1,3715,0.5,100,2,1,33.29999923706055
2016,243,수원가톨릭대학교,대학,사립,경기,C그룹,2,1,0,0,2,1,3,1,1,0,2,0,0,0,0,36,4,2,1,0,0,197,14.199999809265137,2,0,197,10.199999809265137,36,3,0,12.0
2016,244,수원과학대학교,전문대학,사립,경기,B그룹,1,1,1,1,2,2,4,0,1,0,1,0,1,0,1,97,3,1,1,1,1,6214,0.5,1,1,6214,0.3000000119209289,97,2,2,24.299999237060547
2016,245,수원대학교,대학,사립,경기,B그룹,5,1,7,8,12,9,21,3,0,2,5,0,7,0,7,725,186,5,1,7,8,10917,1.399999976158142,5,7,10917,1.100000023841858,725,6,15,34.5
2016,246,수원여자대학교,전문대학,사립,경기,B그룹,2,0,0,0,2,0,2,1,1,0,2,0,0,0,0,18,1,2,0,0,0,4466,0.4000000059604645,2,0,4466,0.4000000059604645,18,2,0,9.0
2016,247,숙명여자대학교,대학,사립,서울,A그룹,13,2,2,2,15,4,19,6,5,2,13,0,2,0,2,1020,233,13,2,2,2,12820,1.2999999523162842,13,2,12820,1.2000000476837158,1020,15,4,53.70000076293945
2016,248,순복음대학원대학교,대학원대학,사립,서울,-,0,0,0,1,0,1,1,0,0,0,0,0,0,0,0,0,0,0,0,0,1,146,3.400000095367432,0,0,146,0.0,0,0,1,0.0
2016,249,순복음총회신학교,대학,사립,충북,C그룹,0,1,0,0,0,1,1,0,0,0,0,0,0,0,0,0,0,0,1,0,0,345,2.299999952316284,0,0,345,0.0,0,1,0,0.0
2016,250,순천제일대학교,전문대학,사립,전남,B그룹,2,0,0,0,2,0,2,0,2,0,2,0,0,0,0,4,1,2,0,0,0,2576,0.800000011920929,2,0,2576,0.800000011920929,4,2,0,2.0
2016,251,순천향대학교,대학,사립,충남,A그룹,7,4,2,3,9,7,16,2,5,0,7,0,2,0,2,351,56,7,4,2,3,11771,1.100000023841858,7,2,11771,0.800000011920929,351,11,5,21.899999618530277
2016,252,숭실대학교,대학,사립,서울,A그룹,11,2,4,3,15,5,20,3,8,0,11,0,4,0,4,2006,82,11,2,4,3,15399,1.100000023841858,11,4,15399,1.0,2006,13,7,100.3000030517578
2016,253,숭실사이버대학교,대학,사립,서울,B그룹,0,0,0,0,0,0,0,0,0,0,0,0,0,0,0,0,0,0,0,0,0,5239,0.0,0,0,5239,0.0,0,0,0,0.0
2016,254,숭의여자대학교,전문대학,사립,서울,B그룹,1,0,2,0,3,0,3,0,1,0,1,0,0,2,2,91,16,1,0,2,0,3509,0.699999988079071,1,2,3509,0.8999999761581421,91,1,2,30.299999237060547
2016,255,신경주대학교,대학,사립,경북,C그룹,3,0,2,2,5,2,7,0,1,2,3,0,2,0,2,101,12,3,0,2,2,2326,2.400000095367432,3,2,2326,2.0999999046325684,101,3,4,14.399999618530272
2016,256,신구대학교,전문대학,사립,경기,A그룹,2,0,0,0,2,0,2,0,1,1,2,0,0,0,0,142,4,2,0,0,0,6761,0.3000000119209289,2,0,6761,0.3000000119209289,142,2,0,71.0
2016,257,신라대학교,대학,사립,부산,B그룹,11,0,4,0,15,0,15,5,6,0,11,0,4,0,4,474,95,11,0,4,0,10544,1.2999999523162842,11,4,10544,1.399999976158142,474,11,4,31.600000381469727
2016,258,신성대학교,전문대학,사립,충남,B그룹,2,1,0,1,2,2,4,0,2,0,2,0,0,0,0,70,5,2,1,0,1,4025,0.800000011920929,2,0,4025,0.5,70,3,1,17.5
2016,259,신안산대학교,전문대학,사립,경기,B그룹,1,1,1,1,2,2,4,0,0,1,1,0,1,0,1,10,1,1,1,1,1,4371,0.699999988079071,1,1,4371,0.5,10,2,2,2.5
2016,260,신한대학교,대학,사립,경기,B그룹,4,1,0,1,4,2,6,3,1,0,4,0,0,0,0,264,31,4,1,0,1,6047,0.8999999761581421,4,0,6047,0.699999988079071,264,5,1,44.0
2016,261,신흥대학교,전문대학,사립,경기,A그룹,0,0,0,0,0,0,0,0,0,0,0,0,0,0,0,0,0,0,0,0,0,0,0.0,0,0,0,0.0,0,0,0,0.0
2016,262,실천신학대학원대학교,대학원대학,사립,경기,-,1,0,0,0,1,0,1,1,0,0,1,0,0,0,0,5,1,1,0,0,0,57,17.5,1,0,57,17.5,5,1,0,5.0
2016,263,아신대학교,대학,사립,경기,C그룹,1,1,0,1,1,2,3,0,1,0,1,0,0,0,0,63,6,1,1,0,1,1479,1.600000023841858,1,0,1479,0.699999988079071,63,2,1,21.0
2016,264,아주대학교,대학,사립,경기,A그룹,11,3,9,2,20,5,25,3,8,0,11,0,9,0,9,876,163,11,3,9,2,14042,1.5,11,9,14042,1.399999976158142,876,14,11,35.0
2016,265,아주자동차대학교,전문대학,사립,충남,C그룹,1,0,0,0,1,0,1,0,1,0,1,0,0,0,0,8,1,1,0,0,0,1004,1.0,1,0,1004,1.0,8,1,0,8.0
2016,266,안동과학대학교,전문대학,사립,경북,B그룹,1,0,1,0,2,0,2,0,1,0,1,0,1,0,1,35,4,1,0,1,0,2813,0.6000000238418579,1,1,2813,0.699999988079071,35,1,1,17.5
2016,267,안산대학교,전문대학,사립,경기,A그룹,2,1,0,1,2,2,4,0,2,0,2,0,0,0,0,127,4,2,1,0,1,4557,0.699999988079071,2,0,4557,0.4000000059604645,127,3,1,31.799999237060547
2016,268,안양대학교,대학,사립,경기,B그룹,2,1,0,6,2,7,9,1,1,0,2,0,0,0,0,94,21,2,1,0,6,5336,1.100000023841858,2,0,5336,0.4000000059604645,94,3,6,10.399999618530272
2016,269,에스라성경대학원대학교,대학원대학,사립,경기,-,0,1,0,0,0,1,1,0,0,0,0,0,0,0,0,8,2,0,1,0,0,60,13.300000190734863,0,0,60,0.0,8,1,0,8.0
2016,270,여주대학교,전문대학,사립,경기,B그룹,2,0,0,0,2,0,2,0,2,0,2,0,0,0,0,56,2,2,0,0,0,5585,0.4000000059604645,2,0,5585,0.4000000059604645,56,2,0,28.0
2016,271,연성대학교,전문대학,사립,경기,A그룹,1,0,1,2,2,2,4,0,1,0,1,0,1,0,1,22,1,1,0,1,2,5943,0.5,1,1,5943,0.3000000119209289,22,1,3,5.5
2016,272,연세대학교,대학,사립,서울,A그룹,43,4,34,23,77,27,104,12,31,0,43,0,25,9,34,1260,190,43,4,34,23,31007,2.700000047683716,43,34,31007,2.5,1260,47,57,12.100000381469728
2016,273,연세대학교(미래),대학,사립,강원,B그룹,4,1,5,8,9,9,18,0,4,0,4,0,5,0,5,205,16,4,1,5,8,8145,1.600000023841858,4,5,8145,1.100000023841858,205,5,13,11.399999618530272
2016,274,연암공과대학교,전문대학,사립,경남,C그룹,0,0,2,0,2,0,2,0,0,0,0,0,2,0,2,18,4,0,0,2,0,1241,1.2999999523162842,0,2,1241,1.600000023841858,18,0,2,9.0
2016,275,연암대학교,전문대학,사립,충남,C그룹,1,0,0,0,1,0,1,0,0,1,1,0,0,0,0,34,1,1,0,0,0,1079,0.8999999761581421,1,0,1079,0.8999999761581421,34,1,0,34.0
2016,276,영남대학교,대학,사립,경북,A그룹,26,2,4,5,30,7,37,10,15,1,26,0,4,0,4,1513,119,26,2,4,5,25124,1.2999999523162842,26,4,25124,1.2000000476837158,1513,28,9,40.900001525878906
2016,277,영남사이버대학교,대학,사립,경북,C그룹,0,0,0,0,0,0,0,0,0,0,0,0,0,0,0,0,0,0,0,0,0,0,0.0,0,0,0,0.0,0,0,0,0.0
2016,278,영남신학대학교,대학,사립,경북,C그룹,2,0,0,0,2,0,2,0,2,0,2,0,0,0,0,45,6,2,0,0,0,701,2.900000095367432,2,0,701,2.900000095367432,45,2,0,22.5
2016,279,영남외국어대학,전문대학,사립,경북,C그룹,0,0,0,1,0,1,1,0,0,0,0,0,0,0,0,0,0,0,0,0,1,799,0.6000000238418579,0,0,799,0.0,0,0,1,0.0
2016,280,영남이공대학교,전문대학,사립,대구,A그룹,0,1,4,0,4,1,5,0,0,0,0,0,4,0,4,46,3,0,1,4,0,5980,0.699999988079071,0,4,5980,0.699999988079071,46,1,4,9.199999809265137
2016,281,영산대학교,대학,사립,경남,B그룹,8,0,2,0,10,0,10,1,7,0,8,0,1,1,2,188,7,8,0,2,0,7293,1.2999999523162842,8,2,7293,1.399999976158142,188,8,2,18.799999237060547
2016,282,영산선학대학교,대학,사립,전남,C그룹,1,0,0,0,1,0,1,1,0,0,1,0,0,0,0,0,0,1,0,0,0,38,26.299999237060547,1,0,38,26.299999237060547,0,1,0,0.0
2016,283,영진전문대학교,전문대학,사립,대구,A그룹,6,0,0,3,6,3,9,1,2,3,6,0,0,0,0,353,74,6,0,0,3,7799,1.0,6,0,7799,0.800000011920929,353,6,3,39.20000076293945
2016,284,예명대학원대학교,대학원대학,사립,서울,-,0,1,0,0,0,1,1,0,0,0,0,0,0,0,0,0,0,0,1,0,0,124,6.5,0,0,124,0.0,0,1,0,0.0
2016,285,예수대학교,대학,사립,전북,C그룹,1,0,0,1,1,1,2,0,1,0,1,0,0,0,0,44,3,1,0,0,1,575,2.5999999046325684,1,0,575,1.7000000476837158,44,1,1,22.0
2016,286,예원예술대학교,대학,사립,전북,C그룹,1,1,0,0,1,1,2,0,1,0,1,0,0,0,0,9,1,1,1,0,0,1182,1.5,1,0,1182,0.800000011920929,9,2,0,4.5
2016,287,오산대학교,전문대학,사립,경기,A그룹,1,1,1,2,2,3,5,1,0,0,1,0,0,1,1,124,5,1,1,1,2,4823,0.699999988079071,1,1,4823,0.4000000059604645,124,2,3,24.799999237060547
2016,288,온석대학원대학교,대학원대학,사립,경기,-,1,0,0,0,1,0,1,0,1,0,1,0,0,0,0,30,1,1,0,0,0,244,4.099999904632568,1,0,244,4.099999904632568,30,1,0,30.0
2016,289,용인대학교,대학,사립,경기,B그룹,6,1,0,2,6,3,9,2,4,0,6,0,0,0,0,259,25,6,1,0,2,7183,1.100000023841858,6,0,7183,0.800000011920929,259,7,2,28.799999237060547
2016,290,용인예술과학대학교,전문대학,사립,경기,B그룹,0,1,1,0,1,1,2,0,0,0,0,0,0,1,1,90,3,0,1,1,0,3980,0.4000000059604645,0,1,3980,0.3000000119209289,90,1,1,45.0
2016,291,우석대학교,대학,사립,전북,B그룹,7,1,0,2,7,3,10,1,6,0,7,0,0,0,0,506,127,7,1,0,2,8462,1.0,7,0,8462,0.800000011920929,506,8,2,50.59999847412109
2016,292,우송공업대학,전문대학,사립,대전,B그룹,0,0,0,0,0,0,0,0,0,0,0,0,0,0,0,0,0,0,0,0,0,0,0.0,0,0,0,0.0,0,0,0,0.0
2016,293,우송대학교,대학,사립,대전,A그룹,0,4,4,9,4,13,17,0,0,0,0,0,4,0,4,26,6,0,4,4,9,9836,1.100000023841858,0,4,9836,0.4000000059604645,26,4,13,1.5
2016,294,우송정보대학,전문대학,사립,대전,B그룹,0,1,2,1,2,2,4,0,0,0,0,0,2,0,2,17,6,0,1,2,1,4870,0.6000000238418579,0,2,4870,0.4000000059604645,17,1,3,4.300000190734863
2016,295,울산과학기술원,대학,국립,울산,C그룹,4,0,4,2,8,2,10,1,3,0,4,0,4,0,4,242,10,4,0,4,2,4475,1.7999999523162842,4,4,4475,1.7999999523162842,242,4,6,24.200000762939453
2016,296,울산과학대학교,전문대학,사립,울산,A그룹,4,0,1,1,5,1,6,1,2,1,4,0,1,0,1,162,12,4,0,1,1,4733,1.100000023841858,4,1,4733,1.100000023841858,162,4,2,27.0
2016,297,울산대학교,대학,사립,울산,A그룹,19,0,5,2,24,2,26,2,17,0,19,0,5,0,5,822,235,19,0,5,2,14544,1.7000000476837158,19,5,14544,1.7000000476837158,822,19,7,31.600000381469727
2016,298,웅지세무대학교,전문대학,사립,경기,C그룹,1,1,0,1,1,2,3,0,1,0,1,0,0,0,0,0,0,1,1,0,1,1758,1.2999999523162842,1,0,1758,0.6000000238418579,0,2,1,0.0
2016,299,원광대학교,대학,사립,전북,A그룹,14,2,1,14,15,16,31,6,8,0,14,0,1,0,1,652,96,14,2,1,14,17286,1.399999976158142,14,1,17286,0.8999999761581421,652,16,15,21.0
2016,300,원광보건대학교,전문대학,사립,전북,B그룹,1,1,0,0,1,1,2,0,1,0,1,0,0,0,0,74,2,1,1,0,0,4718,0.4000000059604645,1,0,4718,0.2000000029802322,74,2,0,37.0
2016,301,원불교대학원대학교,대학원대학,사립,전북,-,0,0,0,1,0,1,1,0,0,0,0,0,0,0,0,8,8,0,0,0,1,62,8.100000381469727,0,0,62,0.0,8,0,1,8.0
2016,302,웨스트민스터신학대학원대학교,대학원대학,사립,경기,-,0,0,1,0,1,0,1,0,0,0,0,0,1,0,1,24,1,0,0,1,0,401,2.0,0,1,401,2.5,24,0,1,24.0
2016,303,위덕대학교,대학,사립,경북,C그룹,4,2,1,1,5,3,8,1,1,2,4,0,1,0,1,111,20,4,2,1,1,3485,2.0,4,1,3485,1.399999976158142,111,6,2,13.899999618530272
2016,304,유원대학교,대학,사립,충북,C그룹,2,2,0,1,2,3,5,1,1,0,2,0,0,0,0,40,7,2,2,0,1,3792,1.100000023841858,2,0,3792,0.5,40,4,1,8.0
2016,305,유한대학교,전문대학,사립,경기,A그룹,2,1,0,0,2,1,3,0,2,0,2,0,0,0,0,79,5,2,1,0,0,4892,0.6000000238418579,2,0,4892,0.4000000059604645,79,3,0,26.299999237060547
2016,306,육군사관학교,기타,기타,서울,-,9,0,0,0,9,0,9,6,3,0,9,0,0,0,0,175,2,9,0,0,0,0,0.0,9,0,0,0.0,175,9,0,19.399999618530277
2016,307,을지대학교,대학,사립,대전,B그룹,1,0,4,6,5,6,11,0,1,0,1,0,4,0,4,15,6,1,0,4,6,5348,1.2999999523162842,1,4,5348,0.8999999761581421,15,1,10,1.399999976158142
2016,308,이화여자대학교,대학,사립,서울,A그룹,23,2,24,3,47,5,52,12,11,0,23,0,6,18,24,1029,177,23,2,24,3,21552,2.0999999046325684,23,24,21552,2.200000047683716,1029,25,27,19.799999237060547
2016,309,인덕대학교,전문대학,사립,서울,A그룹,2,1,0,0,2,1,3,0,1,1,2,0,0,0,0,12,1,2,1,0,0,6314,0.4000000059604645,2,0,6314,0.3000000119209289,12,3,0,4.0
2016,310,인제대학교,대학,사립,경남,B그룹,6,5,3,1,9,6,15,2,4,0,6,0,3,0,3,369,50,6,5,3,1,11407,1.100000023841858,6,3,11407,0.800000011920929,369,11,4,24.600000381469727
2016,311,인제대학원대학교,대학원대학,사립,서울,-,0,0,0,0,0,0,0,0,0,0,0,0,0,0,0,0,0,0,0,0,0,0,0.0,0,0,0,0.0,0,0,0,0.0
2016,312,인천가톨릭대학교,대학,사립,인천,C그룹,2,0,1,0,3,0,3,0,2,0,2,0,0,1,1,77,2,2,0,1,0,879,3.200000047683716,2,1,879,3.400000095367432,77,2,1,25.700000762939453
2016,313,인천대학교,대학,국립,인천,A그룹,11,10,0,0,11,10,21,3,3,5,11,0,0,0,0,1157,235,11,10,0,0,13822,1.399999976158142,11,0,13822,0.800000011920929,1157,21,0,55.09999847412109
2016,314,인천전문대학,전문대학,공립,인천,A그룹,0,0,0,0,0,0,0,0,0,0,0,0,0,0,0,0,0,0,0,0,0,0,0.0,0,0,0,0.0,0,0,0,0.0
2016,315,인하공업전문대학,전문대학,사립,인천,A그룹,1,2,2,0,3,2,5,0,1,0,1,0,1,1,2,26,1,1,2,2,0,6616,0.6000000238418579,1,2,6616,0.5,26,3,2,5.199999809265137
2016,316,인하대학교,대학,사립,인천,A그룹,16,3,13,1,29,4,33,8,7,1,16,0,13,0,13,750,232,16,3,13,1,20613,1.399999976158142,16,13,20613,1.399999976158142,750,19,14,22.700000762939453
2016,317,장로회신학대학교,대학,사립,서울,C그룹,4,1,3,0,7,1,8,0,4,0,4,0,3,0,3,137,11,4,1,3,0,2244,3.200000047683716,4,3,2244,3.0999999046325684,137,5,3,17.100000381469727
2016,318,장안대학교,전문대학,사립,경기,B그룹,1,0,1,1,2,1,3,0,0,1,1,0,0,1,1,63,5,1,0,1,1,6041,0.4000000059604645,1,1,6041,0.3000000119209289,63,1,2,21.0
2016,319,재능대학교,전문대학,사립,인천,B그룹,1,0,0,0,1,0,1,0,0,1,1,0,0,0,0,20,3,1,0,0,0,3789,0.3000000119209289,1,0,3789,0.3000000119209289,20,1,0,20.0
2016,320,전남과학대학교,전문대학,사립,전남,B그룹,2,0,0,0,2,0,2,1,1,0,2,0,0,0,0,24,3,2,0,0,0,3985,0.5,2,0,3985,0.5,24,2,0,12.0
2016,321,전남대학교,대학,국립,광주,A그룹,36,4,2,1,38,5,43,7,29,0,36,0,2,0,2,3755,784,36,4,2,1,24944,1.7000000476837158,36,2,24944,1.5,3755,40,3,87.30000305175781
2016,322,전남도립대학교,전문대학,공립,전남,C그룹,1,0,0,2,1,2,3,1,0,0,1,0,0,0,0,100,3,1,0,0,2,1513,1.2999999523162842,1,0,1513,0.699999988079071,100,1,2,33.29999923706055
2016,323,전북과학대학교,전문대학,사립,전북,C그룹,1,0,0,0,1,0,1,1,0,0,1,0,0,0,0,40,5,1,0,0,0,1647,0.6000000238418579,1,0,1647,0.6000000238418579,40,1,0,40.0
2016,324,전북대학교,대학,국립,전북,A그룹,31,2,4,0,35,2,37,11,18,2,31,0,4,0,4,4008,560,31,2,4,0,22932,1.600000023841858,31,4,22932,1.5,4008,33,4,108.3000030517578
2016,325,전주교육대학교,대학,국립,전북,C그룹,5,0,0,0,5,0,5,2,3,0,5,0,0,0,0,622,14,5,0,0,0,1468,3.400000095367432,5,0,1468,3.400000095367432,622,5,0,124.4000015258789
2016,326,전주기전대학,전문대학,사립,전북,C그룹,0,0,1,0,1,0,1,0,0,0,0,0,1,0,1,30,1,0,0,1,0,1903,0.4000000059604645,0,1,1903,0.5,30,0,1,30.0
2016,327,전주대학교,대학,사립,전북,A그룹,6,0,9,3,15,3,18,4,2,0,6,0,9,0,9,461,39,6,0,9,3,12460,1.2000000476837158,6,9,12460,1.2000000476837158,461,6,12,25.600000381469727
2016,328,전주비전대학교,전문대학,사립,전북,B그룹,1,0,1,0,2,0,2,0,1,0,1,0,1,0,1,82,2,1,0,1,0,3494,0.5,1,1,3494,0.6000000238418579,82,1,1,41.0
2016,329,제네바신학대학원대학교,대학원대학,사립,경기,-,0,1,0,0,0,1,1,0,0,0,0,0,0,0,0,24,2,0,1,0,0,0,0.0,0,0,0,0.0,24,1,0,24.0
2016,330,제주관광대학교,전문대학,사립,제주,C그룹,1,0,0,1,1,1,2,0,1,0,1,0,0,0,0,21,1,1,0,0,1,2300,0.699999988079071,1,0,2300,0.4000000059604645,21,1,1,10.5
2016,331,제주국제대학교,대학,사립,제주,C그룹,2,0,0,0,2,0,2,0,1,1,2,0,0,0,0,0,0,2,0,0,0,1764,1.100000023841858,2,0,1764,1.100000023841858,0,2,0,0.0
2016,332,제주대학교,대학,국립,제주,A그룹,19,4,2,0,21,4,25,6,8,5,19,0,0,2,2,2252,247,19,4,2,0,12421,1.899999976158142,19,2,12421,1.7000000476837158,2252,23,2,90.0999984741211
2016,333,제주한라대학교,전문대학,사립,제주,A그룹,0,1,1,1,1,2,3,0,0,0,0,0,1,0,1,46,4,0,1,1,1,4951,0.4000000059604645,0,1,4951,0.2000000029802322,46,1,2,15.300000190734863
2016,334,조선간호대학교,전문대학,사립,광주,C그룹,1,0,0,0,1,0,1,0,1,0,1,0,0,0,0,8,1,1,0,0,0,806,1.2000000476837158,1,0,806,1.2000000476837158,8,1,0,8.0
2016,335,조선대학교,대학,사립,광주,A그룹,17,1,1,3,18,4,22,3,14,0,17,0,1,0,1,1899,132,17,1,1,3,22282,0.8999999761581421,17,1,22282,0.800000011920929,1899,18,4,86.30000305175781
2016,336,조선이공대학교,전문대학,사립,광주,B그룹,1,0,1,0,2,0,2,0,1,0,1,0,1,0,1,85,18,1,0,1,0,3511,0.5,1,1,3511,0.6000000238418579,85,1,1,42.5
2016,337,주안대학원대학교,대학원대학,사립,인천,-,0,0,1,0,1,0,1,0,0,0,0,0,0,1,1,12,1,0,0,1,0,60,13.300000190734863,0,1,60,16.700000762939453,12,0,1,12.0
2016,338,중부대학교,대학,사립,충남,B그룹,3,4,5,0,8,4,12,0,3,0,3,0,5,0,5,116,39,3,4,5,0,9717,1.0,3,5,9717,0.800000011920929,116,7,5,9.699999809265137
2016,339,중앙대학교,대학,사립,서울,A그룹,14,2,12,1,26,3,29,8,6,0,14,1,10,1,12,1186,191,14,2,12,1,28873,0.8999999761581421,14,12,28873,0.8999999761581421,1186,16,13,40.900001525878906
2016,340,중앙승가대학교,대학,사립,경기,C그룹,1,1,1,1,2,2,4,0,0,1,1,0,0,1,1,31,6,1,1,1,1,273,11.399999618530272,1,1,273,7.300000190734863,31,2,2,7.800000190734863
2016,341,중원대학교,대학,사립,충북,C그룹,1,1,0,0,1,1,2,0,1,0,1,0,0,0,0,12,2,1,1,0,0,3610,0.5,1,0,3610,0.3000000119209289,12,2,0,6.0
2016,342,진주교육대학교,대학,국립,경남,C그룹,5,0,0,0,5,0,5,0,3,2,5,0,0,0,0,467,79,5,0,0,0,1769,2.799999952316284,5,0,1769,2.799999952316284,467,5,0,93.4000015258789
2016,343,진주보건대학교,전문대학,사립,경남,B그룹,2,0,1,1,3,1,4,2,0,0,2,0,1,0,1,68,6,2,0,1,1,2877,1.100000023841858,2,1,2877,1.0,68,2,2,17.0
2016,344,차의과학대학교,대학,사립,경기,C그룹,2,0,2,0,4,0,4,0,2,0,2,0,2,0,2,129,13,2,0,2,0,2695,1.2999999523162842,2,2,2695,1.5,129,2,2,32.29999923706055
2016,345,창신대학교,대학,사립,경남,C그룹,1,1,1,0,2,1,3,1,0,0,1,0,1,0,1,43,4,1,1,1,0,1583,1.600000023841858,1,1,1583,1.2999999523162842,43,2,1,14.300000190734863
2016,346,창원문성대학교,전문대학,사립,경남,C그룹,1,0,1,0,2,0,2,0,0,1,1,0,0,1,1,9,3,1,0,1,0,3617,0.5,1,1,3617,0.6000000238418579,9,1,1,4.5
2016,347,청강문화산업대학교,전문대학,사립,경기,B그룹,1,0,2,0,3,0,3,0,0,1,1,0,2,0,2,33,3,1,0,2,0,3709,0.699999988079071,1,2,3709,0.800000011920929,33,1,2,11.0
2016,348,청암대학교,전문대학,사립,전남,B그룹,1,1,0,0,1,1,2,0,1,0,1,0,0,0,0,29,1,1,1,0,0,2834,0.6000000238418579,1,0,2834,0.4000000059604645,29,2,0,14.5
2016,349,청운대학교,대학,사립,충남,B그룹,4,1,5,2,9,3,12,0,4,0,4,0,4,1,5,223,60,4,1,5,2,6957,1.399999976158142,4,5,6957,1.2999999523162842,223,5,7,18.600000381469727
2016,350,청주교육대학교,대학,국립,충북,C그룹,4,0,0,0,4,0,4,0,4,0,4,0,0,0,0,461,74,4,0,0,0,1703,2.299999952316284,4,0,1703,2.299999952316284,461,4,0,115.3000030517578
2016,351,청주대학교,대학,사립,충북,A그룹,9,0,8,0,17,0,17,1,7,1,9,0,8,0,8,249,56,9,0,8,0,12559,1.2000000476837158,9,8,12559,1.399999976158142,249,9,8,14.600000381469728
2016,352,초당대학교,대학,사립,전남,C그룹,1,1,1,2,2,3,5,1,0,0,1,0,1,0,1,140,8,1,1,1,2,3412,1.100000023841858,1,1,3412,0.6000000238418579,140,2,3,28.0
2016,353,총신대학교,대학,사립,서울,C그룹,2,1,4,1,6,2,8,1,1,0,2,0,4,0,4,229,32,2,1,4,1,4119,1.600000023841858,2,4,4119,1.5,229,3,5,28.600000381469727
2016,354,추계예술대학교,대학,사립,서울,C그룹,3,1,0,0,3,1,4,0,3,0,3,0,0,0,0,132,10,3,1,0,0,1390,2.700000047683716,3,0,1390,2.200000047683716,132,4,0,33.0
2016,355,춘천교육대학교,대학,국립,강원,C그룹,4,1,0,0,4,1,5,2,1,1,4,0,0,0,0,436,76,4,1,0,0,1837,2.5999999046325684,4,0,1837,2.200000047683716,436,5,0,87.19999694824219
2016,356,춘해보건대학교,전문대학,사립,울산,B그룹,1,1,0,0,1,1,2,0,1,0,1,0,0,0,0,63,6,1,1,0,0,2635,0.699999988079071,1,0,2635,0.4000000059604645,63,2,0,31.5
2016,357,충남대학교,대학,국립,대전,A그룹,29,1,1,6,30,7,37,18,11,0,29,0,1,0,1,2942,415,29,1,1,6,24200,1.399999976158142,29,1,24200,1.2000000476837158,2942,30,7,79.5
2016,358,충남도립대학교,전문대학,공립,충남,C그룹,2,1,0,0,2,1,3,1,0,1,2,0,0,0,0,119,3,2,1,0,0,1104,2.5,2,0,1104,1.7999999523162842,119,3,0,39.70000076293945
2016,359,충북대학교,대학,국립,충북,A그룹,22,4,0,2,22,6,28,3,17,2,22,0,0,0,0,1460,231,22,4,0,2,17884,1.5,22,0,17884,1.2000000476837158,1460,26,2,52.09999847412109
2016,360,충북도립대학교,전문대학,공립,충북,C그룹,1,0,0,0,1,0,1,1,0,0,1,0,0,0,0,80,1,1,0,0,0,963,1.0,1,0,963,1.0,80,1,0,80.0
2016,361,충북보건과학대학교,전문대학,사립,충북,B그룹,2,0,0,0,2,0,2,1,1,0,2,0,0,0,0,90,2,2,0,0,0,2775,0.699999988079071,2,0,2775,0.699999988079071,90,2,0,45.0
2016,362,충청대학교,전문대학,사립,충북,B그룹,2,0,1,0,3,0,3,0,2,0,2,0,1,0,1,169,18,2,0,1,0,4837,0.6000000238418579,2,1,4837,0.6000000238418579,169,2,1,56.29999923706055
2016,363,치유상담대학원대학교,대학원대학,사립,서울,-,1,0,0,1,1,1,2,1,0,0,1,0,0,0,0,20,1,1,0,0,1,191,7.900000095367432,1,0,191,5.199999809265137,20,1,1,10.0
2016,364,칼빈대학교,대학,사립,경기,C그룹,2,0,0,0,2,0,2,1,1,0,2,0,0,0,0,38,5,2,0,0,0,715,2.799999952316284,2,0,715,2.799999952316284,38,2,0,19.0
2016,365,탐라대학교,대학,사립,제주,C그룹,0,0,0,0,0,0,0,0,0,0,0,0,0,0,0,0,0,0,0,0,0,0,0.0,0,0,0,0.0,0,0,0,0.0
2016,366,평택대학교,대학,사립,경기,C그룹,4,0,1,3,5,3,8,1,3,0,4,0,1,0,1,146,120,4,0,1,3,4645,1.399999976158142,4,1,4645,1.100000023841858,146,4,4,18.299999237060547
2016,367,포항공과대학교,대학,사립,경북,C그룹,8,0,1,2,9,2,11,2,3,3,8,0,1,0,1,785,81,8,0,1,2,3238,3.0,8,1,3238,2.799999952316284,785,8,3,71.4000015258789
2016,368,포항대학교,전문대학,사립,경북,C그룹,1,0,0,0,1,0,1,0,1,0,1,0,0,0,0,34,1,1,0,0,0,2224,0.4000000059604645,1,0,2224,0.4000000059604645,34,1,0,34.0
2016,369,한경국립대학교,대학,국립,경기,B그룹,7,1,1,0,8,1,9,2,5,0,7,0,1,0,1,707,87,7,1,1,0,7102,1.2000000476837158,7,1,7102,1.100000023841858,707,8,1,78.5999984741211
2016,370,한국개발연구원국제정책대학원대학교,대학원대학,사립,세종,-,3,0,3,1,6,1,7,0,3,0,3,0,3,0,3,52,6,3,0,3,1,754,7.800000190734863,3,3,754,8.0,52,3,4,7.400000095367432
2016,371,한국골프과학기술대학교,전문대학,사립,강원,C그룹,1,1,0,0,1,1,2,0,1,0,1,0,0,0,0,32,4,1,1,0,0,453,4.0,1,0,453,2.200000047683716,32,2,0,16.0
2016,372,한국공학대학교,대학,사립,경기,B그룹,1,1,3,2,4,3,7,0,1,0,1,0,1,2,3,88,2,1,1,3,2,8108,0.6000000238418579,1,3,8108,0.5,88,2,5,12.600000381469728
2016,373,한국과학기술원,대학,국립,대전,A그룹,14,2,10,7,24,9,33,6,8,0,14,0,10,0,10,2294,179,14,2,10,7,10633,2.5,14,10,10633,2.299999952316284,2294,16,17,69.5
2016,374,한국관광대학교,전문대학,사립,경기,C그룹,1,2,0,0,1,2,3,0,1,0,1,0,0,0,0,109,13,1,2,0,0,2025,1.2999999523162842,1,0,2025,0.5,109,3,0,36.29999923706055
2016,375,한국교원대학교,대학,국립,충북,B그룹,12,1,0,1,12,2,14,4,8,0,12,0,0,0,0,1449,162,12,1,0,1,5709,2.299999952316284,12,0,5709,2.0999999046325684,1449,13,1,103.5
2016,376,한국국제대학교,대학,사립,경남,C그룹,2,3,0,0,2,3,5,0,2,0,2,0,0,0,0,203,10,2,3,0,0,3682,1.2000000476837158,2,0,3682,0.5,203,5,0,40.59999847412109
2016,377,한국기술교육대학교,대학,사립,충남,C그룹,3,3,2,0,5,3,8,0,3,0,3,0,2,0,2,375,18,3,3,2,0,4871,1.399999976158142,3,2,4871,1.0,375,6,2,46.900001525878906
2016,378,한국농수산대학교,전문대학,국립,전북,C그룹,1,0,2,0,3,0,3,0,1,0,1,0,2,0,2,0,0,1,0,2,0,1180,2.200000047683716,1,2,1180,2.5,0,1,2,0.0
2016,379,한국방송통신대학교,대학,국립,서울,A그룹,31,15,1,0,32,15,47,5,23,3,31,0,0,1,1,2736,111,31,15,1,0,125385,0.3000000119209289,31,1,125385,0.3000000119209289,2736,46,1,58.20000076293945
2016,380,한국복지사이버대학교,전문대학,사립,경북,B그룹,0,1,0,0,0,1,1,0,0,0,0,0,0,0,0,0,0,0,1,0,0,1675,0.5,0,0,1675,0.0,0,1,0,0.0
2016,381,한국상담대학원대학교,대학원대학,사립,서울,-,1,0,0,0,1,0,1,0,1,0,1,0,0,0,0,0,0,1,0,0,0,199,5.0,1,0,199,5.0,0,1,0,0.0
2016,382,한국성서대학교,대학,사립,서울,C그룹,2,0,0,1,2,1,3,1,1,0,2,0,0,0,0,99,19,2,0,0,1,1222,2.0,2,0,1222,1.600000023841858,99,2,1,33.0
2016,383,한국승강기대학교,전문대학,사립,경남,C그룹,1,0,0,1,1,1,2,0,1,0,1,0,0,0,0,35,3,1,0,0,1,592,2.5,1,0,592,1.7000000476837158,35,1,1,17.5
2016,384,한국에너지공과대학교,대학,국립,전남,C그룹,0,0,0,0,0,0,0,0,0,0,0,0,0,0,0,0,0,0,0,0,0,0,0.0,0,0,0,0.0,0,0,0,0.0
2016,385,한국열린사이버대학교,대학,사립,서울,B그룹,0,1,0,1,0,2,2,0,0,0,0,0,0,0,0,0,0,0,1,0,1,4003,0.3000000119209289,0,0,4003,0.0,0,1,1,0.0
2016,386,한국영상대학교,전문대학,사립,세종,B그룹,2,1,0,2,2,3,5,0,2,0,2,0,0,0,0,19,2,2,1,0,2,3445,1.100000023841858,2,0,3445,0.6000000238418579,19,3,2,3.799999952316284
2016,387,한국예술종합학교,대학,국립,서울,C그룹,8,0,8,0,16,0,16,0,7,1,8,0,6,2,8,552,70,8,0,8,0,2583,5.599999904632568,8,8,2583,6.199999809265137,552,8,8,34.5
2016,388,한국외국어대학교,대학,사립,서울,A그룹,25,0,0,2,25,2,27,3,18,4,25,0,0,0,0,587,72,25,0,0,2,19131,1.399999976158142,25,0,19131,1.2999999523162842,587,25,2,21.700000762939453
2016,389,한국전력국제원자력대학원대학교,대학원대학,사립,울산,-,1,0,0,0,1,0,1,0,1,0,1,0,0,0,0,30,2,1,0,0,0,105,9.5,1,0,105,9.5,30,1,0,30.0
2016,390,한국전통문화대학교,대학,국립,충남,C그룹,3,0,5,0,8,0,8,1,2,0,3,0,5,0,5,261,9,3,0,5,0,676,10.399999618530272,3,5,676,11.800000190734863,261,3,5,32.599998474121094
2016,391,한국정보통신대학교,대학,사립,대전,C그룹,0,0,0,0,0,0,0,0,0,0,0,0,0,0,0,0,0,0,0,0,0,0,0.0,0,0,0,0.0,0,0,0,0.0
2016,392,한국철도대학,전문대학,국립,경기,C그룹,0,0,0,0,0,0,0,0,0,0,0,0,0,0,0,0,0,0,0,0,0,0,0.0,0,0,0,0.0,0,0,0,0.0
2016,393,한국체육대학교,대학,국립,서울,C그룹,4,0,0,0,4,0,4,2,2,0,4,0,0,0,0,382,80,4,0,0,0,3047,1.2999999523162842,4,0,3047,1.2999999523162842,382,4,0,95.5
2016,394,한국침례신학대학교,대학,사립,대전,C그룹,2,2,0,6,2,8,10,0,2,0,2,0,0,0,0,67,18,2,2,0,6,2406,2.700000047683716,2,0,2406,0.800000011920929,67,4,6,6.699999809265137
2016,395,한국폴리텍Ⅰ대학서울강서캠퍼스,전문대학,사립,서울,C그룹,0,0,0,0,0,0,0,0,0,0,0,0,0,0,0,0,0,0,0,0,0,608,0.0,0,0,608,0.0,0,0,0,0.0
2016,396,한국폴리텍Ⅰ대학서울정수캠퍼스,전문대학,사립,서울,C그룹,0,1,0,0,0,1,1,0,0,0,0,0,0,0,0,67,11,0,1,0,0,1484,0.5,0,0,1484,0.0,67,1,0,67.0
2016,397,한국폴리텍Ⅰ대학성남캠퍼스,전문대학,사립,경기,C그룹,0,1,0,0,0,1,1,0,0,0,0,0,0,0,0,0,0,0,1,0,0,1027,0.800000011920929,0,0,1027,0.0,0,1,0,0.0
2016,398,한국폴리텍Ⅰ대학제주캠퍼스,전문대학,사립,제주,C그룹,0,0,0,0,0,0,0,0,0,0,0,0,0,0,0,0,0,0,0,0,0,0,0.0,0,0,0,0.0,0,0,0,0.0
2016,399,한국폴리텍Ⅱ대학남인천캠퍼스,전문대학,사립,인천,C그룹,0,0,0,0,0,0,0,0,0,0,0,0,0,0,0,0,0,0,0,0,0,0,0.0,0,0,0,0.0,0,0,0,0.0
2016,400,한국폴리텍Ⅱ대학인천캠퍼스,전문대학,사립,인천,C그룹,0,0,0,1,0,1,1,0,0,0,0,0,0,0,0,0,0,0,0,0,1,2360,0.2000000029802322,0,0,2360,0.0,0,0,1,0.0
2016,401,한국폴리텍Ⅱ대학화성캠퍼스,전문대학,사립,경기,C그룹,0,0,0,0,0,0,0,0,0,0,0,0,0,0,0,0,0,0,0,0,0,0,0.0,0,0,0,0.0,0,0,0,0.0
2016,402,한국폴리텍Ⅲ대학강릉캠퍼스,전문대학,사립,강원,C그룹,0,1,0,0,0,1,1,0,0,0,0,0,0,0,0,6,1,0,1,0,0,97,8.199999809265137,0,0,97,0.0,6,1,0,6.0
2016,403,한국폴리텍Ⅲ대학원주캠퍼스,전문대학,사립,강원,C그룹,0,0,0,0,0,0,0,0,0,0,0,0,0,0,0,0,0,0,0,0,0,0,0.0,0,0,0,0.0,0,0,0,0.0
2016,404,한국폴리텍Ⅲ대학춘천캠퍼스,전문대학,사립,강원,C그룹,0,0,0,1,0,1,1,0,0,0,0,0,0,0,0,0,0,0,0,0,1,386,1.2999999523162842,0,0,386,0.0,0,0,1,0.0
2016,405,한국폴리텍Ⅳ대학대전캠퍼스,전문대학,사립,대전,C그룹,0,0,0,0,0,0,0,0,0,0,0,0,0,0,0,0,0,0,0,0,0,1076,0.0,0,0,1076,0.0,0,0,0,0.0
2016,406,한국폴리텍Ⅳ대학아산캠퍼스,전문대학,사립,충남,C그룹,0,0,0,1,0,1,1,0,0,0,0,0,0,0,0,0,0,0,0,0,1,553,0.8999999761581421,0,0,553,0.0,0,0,1,0.0
2016,407,한국폴리텍Ⅳ대학청주캠퍼스,전문대학,사립,충북,C그룹,0,1,0,1,0,2,2,0,0,0,0,0,0,0,0,0,0,0,1,0,1,803,1.600000023841858,0,0,803,0.0,0,1,1,0.0
2016,408,한국폴리텍Ⅳ대학충남캠퍼스,전문대학,사립,충남,C그룹,0,0,0,0,0,0,0,0,0,0,0,0,0,0,0,0,0,0,0,0,0,272,0.0,0,0,272,0.0,0,0,0,0.0
2016,409,한국폴리텍Ⅴ대학광주캠퍼스,전문대학,사립,광주,C그룹,0,0,0,0,0,0,0,0,0,0,0,0,0,0,0,0,0,0,0,0,0,808,0.0,0,0,808,0.0,0,0,0,0.0
2016,410,한국폴리텍Ⅴ대학순천캠퍼스,전문대학,사립,전남,C그룹,0,0,0,0,0,0,0,0,0,0,0,0,0,0,0,0,0,0,0,0,0,0,0.0,0,0,0,0.0,0,0,0,0.0
2016,411,한국폴리텍Ⅴ대학익산캠퍼스,전문대학,사립,전북,C그룹,0,0,0,0,0,0,0,0,0,0,0,0,0,0,0,0,0,0,0,0,0,100,0.0,0,0,100,0.0,0,0,0,0.0
2016,412,한국폴리텍Ⅴ대학전남캠퍼스,전문대학,사립,전남,C그룹,0,0,0,0,0,0,0,0,0,0,0,0,0,0,0,6,1,0,0,0,0,289,0.0,0,0,289,0.0,6,0,0,0.0
2016,413,한국폴리텍Ⅴ대학전북캠퍼스,전문대학,사립,전북,C그룹,0,0,0,1,0,1,1,0,0,0,0,0,0,0,0,0,0,0,0,0,1,547,0.8999999761581421,0,0,547,0.0,0,0,1,0.0
2016,414,한국폴리텍Ⅵ대학구미캠퍼스,전문대학,사립,경북,C그룹,0,1,0,0,0,1,1,0,0,0,0,0,0,0,0,14,1,0,1,0,0,607,1.2999999523162842,0,0,607,0.0,14,1,0,14.0
2016,415,한국폴리텍Ⅵ대학대구캠퍼스,전문대학,사립,대구,C그룹,0,0,0,1,0,1,1,0,0,0,0,0,0,0,0,6,1,0,0,0,1,1069,0.5,0,0,1069,0.0,6,0,1,6.0
2016,416,한국폴리텍Ⅵ대학영남융합기술캠퍼스,전문대학,사립,대구,C그룹,0,1,0,0,0,1,1,0,0,0,0,0,0,0,0,0,0,0,1,0,0,379,2.0999999046325684,0,0,379,0.0,0,1,0,0.0
2016,417,한국폴리텍Ⅵ대학영주캠퍼스,전문대학,사립,경북,C그룹,0,1,0,0,0,1,1,0,0,0,0,0,0,0,0,0,0,0,1,0,0,44,18.200000762939453,0,0,44,0.0,0,1,0,0.0
2016,418,한국폴리텍Ⅶ대학동부산캠퍼스,전문대학,사립,부산,C그룹,0,0,0,0,0,0,0,0,0,0,0,0,0,0,0,0,0,0,0,0,0,0,0.0,0,0,0,0.0,0,0,0,0.0
2016,419,한국폴리텍Ⅶ대학부산캠퍼스,전문대학,사립,부산,C그룹,0,0,0,1,0,1,1,0,0,0,0,0,0,0,0,0,0,0,0,0,1,1042,0.5,0,0,1042,0.0,0,0,1,0.0
2016,420,한국폴리텍Ⅶ대학울산캠퍼스,전문대학,사립,울산,C그룹,0,1,0,1,0,2,2,0,0,0,0,0,0,0,0,6,1,0,1,0,1,881,1.5,0,0,881,0.0,6,1,1,3.0
2016,421,한국폴리텍Ⅶ대학진주캠퍼스,전문대학,사립,경남,C그룹,0,0,0,0,0,0,0,0,0,0,0,0,0,0,0,0,0,0,0,0,0,0,0.0,0,0,0,0.0,0,0,0,0.0
2016,422,한국폴리텍Ⅶ대학창원캠퍼스,전문대학,사립,경남,C그룹,0,0,0,0,0,0,0,0,0,0,0,0,0,0,0,0,0,0,0,0,0,1477,0.0,0,0,1477,0.0,0,0,0,0.0
2016,423,한국폴리텍특성화 로봇캠퍼스,전문대학,사립,경북,C그룹,0,0,0,0,0,0,0,0,0,0,0,0,0,0,0,0,0,0,0,0,0,0,0.0,0,0,0,0.0,0,0,0,0.0
2016,424,한국폴리텍특성화 바이오캠퍼스,전문대학,사립,충남,C그룹,0,0,0,0,0,0,0,0,0,0,0,0,0,0,0,0,0,0,0,0,0,377,0.0,0,0,377,0.0,0,0,0,0.0
2016,425,한국폴리텍특성화 반도체융합캠퍼스,전문대학,사립,경기,C그룹,0,1,0,1,0,2,2,0,0,0,0,0,0,0,0,0,0,0,1,0,1,545,2.400000095367432,0,0,545,0.0,0,1,1,0.0
2016,426,한국폴리텍특성화 항공캠퍼스,전문대학,사립,경남,C그룹,0,0,0,0,0,0,0,0,0,0,0,0,0,0,0,0,0,0,0,0,0,566,0.0,0,0,566,0.0,0,0,0,0.0
2016,427,한국학대학원,대학원대학,국립,경기,-,0,0,0,0,0,0,0,0,0,0,0,0,0,0,0,0,0,0,0,0,0,0,0.0,0,0,0,0.0,0,0,0,0.0
2016,428,한국항공대학교,대학,사립,경기,C그룹,4,3,0,0,4,3,7,1,2,1,4,0,0,0,0,20,4,4,3,0,0,4616,1.399999976158142,4,0,4616,0.8999999761581421,20,7,0,2.900000095367432
2016,429,한남대학교,대학,사립,대전,A그룹,10,0,4,3,14,3,17,6,4,0,10,0,4,0,4,497,98,10,0,4,3,13290,1.100000023841858,10,4,13290,1.100000023841858,497,10,7,29.200000762939453
2016,430,한동대학교,대학,사립,경북,C그룹,4,1,1,0,5,1,6,0,3,1,4,0,1,0,1,105,10,4,1,1,0,4359,1.2999999523162842,4,1,4359,1.100000023841858,105,5,1,17.5
2016,431,한라대학교,대학,사립,강원,C그룹,1,3,2,0,3,3,6,1,0,0,1,0,1,1,2,123,18,1,3,2,0,4120,1.2000000476837158,1,2,4120,0.699999988079071,123,4,2,20.5
2016,432,한려대학교,대학,사립,전남,C그룹,1,0,0,0,1,0,1,0,1,0,1,0,0,0,0,0,0,1,0,0,0,721,1.399999976158142,1,0,721,1.399999976158142,0,1,0,0.0
2016,433,한림국제대학원대학교,대학원대학,사립,서울,-,0,0,0,1,0,1,1,0,0,0,0,0,0,0,0,0,0,0,0,0,1,193,2.5999999046325684,0,0,193,0.0,0,0,1,0.0
2016,434,한림대학교,대학,사립,강원,B그룹,9,2,0,3,9,5,14,2,5,2,9,0,0,0,0,135,29,9,2,0,3,9001,1.2999999523162842,9,0,9001,1.0,135,11,3,9.600000381469728
2016,435,한림성심대학교,전문대학,사립,강원,B그룹,2,1,0,0,2,1,3,0,2,0,2,0,0,0,0,71,11,2,1,0,0,3315,0.800000011920929,2,0,3315,0.6000000238418579,71,3,0,23.700000762939453
2016,436,한민학교,대학,사립,충남,C그룹,0,0,0,0,0,0,0,0,0,0,0,0,0,0,0,0,0,0,0,0,0,0,0.0,0,0,0,0.0,0,0,0,0.0
2016,437,한반도국제대학원대학교,대학원대학,사립,서울,-,0,1,0,0,0,1,1,0,0,0,0,0,0,0,0,3,3,0,1,0,0,56,14.300000190734863,0,0,56,0.0,3,1,0,3.0
2016,438,한북대학교,대학,사립,경기,C그룹,0,0,0,0,0,0,0,0,0,0,0,0,0,0,0,0,0,0,0,0,0,0,0.0,0,0,0,0.0,0,0,0,0.0
2016,439,한서대학교,대학,사립,충남,B그룹,3,1,1,8,4,9,13,0,2,1,3,0,0,1,1,203,37,3,1,1,8,7903,1.100000023841858,3,1,7903,0.5,203,4,9,15.600000381469728
2016,440,한성대학교,대학,사립,서울,B그룹,7,0,9,0,16,0,16,2,5,0,7,0,9,0,9,394,45,7,0,9,0,7454,1.899999976158142,7,9,7454,2.0999999046325684,394,7,9,24.600000381469727
2016,441,한세대학교,대학,사립,경기,C그룹,3,1,0,2,3,3,6,0,2,1,3,0,0,0,0,157,6,3,1,0,2,3664,1.2999999523162842,3,0,3664,0.800000011920929,157,4,2,26.200000762939453
2016,442,한신대학교,대학,사립,경기,B그룹,2,2,3,0,5,2,7,1,1,0,2,0,3,0,3,153,7,2,2,3,0,5761,1.0,2,3,5761,0.8999999761581421,153,4,3,21.899999618530277
2016,443,한양대학교,대학,사립,서울,A그룹,22,1,3,0,25,1,26,11,9,2,22,0,2,1,3,546,134,22,1,3,0,22624,1.100000023841858,22,3,22624,1.100000023841858,546,23,3,21.0
2016,444,한양대학교(ERICA),대학,사립,경기,A그룹,8,2,3,0,11,2,13,4,3,1,8,0,3,0,3,597,23,8,2,3,0,10441,1.100000023841858,8,3,10441,1.100000023841858,597,10,3,45.900001525878906
2016,445,한양여자대학교,전문대학,사립,서울,A그룹,2,0,3,0,5,0,5,0,1,1,2,0,3,0,3,110,16,2,0,3,0,6726,0.699999988079071,2,3,6726,0.699999988079071,110,2,3,22.0
2016,446,한영대학교,전문대학,사립,전남,C그룹,0,0,0,1,0,1,1,0,0,0,0,0,0,0,0,6,2,0,0,0,1,1386,0.4000000059604645,0,0,1386,0.0,6,0,1,6.0
2016,447,한일장신대학교,대학,사립,전북,C그룹,2,1,0,0,2,1,3,1,1,0,2,0,0,0,0,52,5,2,1,0,0,1217,2.299999952316284,2,0,1217,1.600000023841858,52,3,0,17.299999237060547
2016,448,한중대학교,대학,사립,강원,C그룹,0,1,0,0,0,1,1,0,0,0,0,0,0,0,0,0,0,0,1,0,0,1145,0.699999988079071,0,0,1145,0.0,0,1,0,0.0
2016,449,합동신학대학원대학교,대학원대학,사립,경기,-,3,0,0,0,3,0,3,0,2,1,3,0,0,0,0,103,8,3,0,0,0,304,9.899999618530272,3,0,304,9.899999618530272,103,3,0,34.29999923706055
2016,450,해군사관학교,기타,기타,경남,-,6,0,0,0,6,0,6,2,4,0,6,0,0,0,0,63,3,6,0,0,0,0,0.0,6,0,0,0.0,63,6,0,10.5
2016,451,협성대학교,대학,사립,경기,C그룹,4,1,0,3,4,4,8,1,1,2,4,0,0,0,0,167,23,4,1,0,3,4894,1.2999999523162842,4,0,4894,0.800000011920929,167,5,3,20.899999618530277
2016,452,혜전대학교,전문대학,사립,충남,B그룹,1,0,2,0,3,0,3,1,0,0,1,0,2,0,2,102,3,1,0,2,0,3126,0.800000011920929,1,2,3126,1.0,102,1,2,34.0
2016,453,호남대학교,대학,사립,광주,B그룹,2,4,1,5,3,9,12,0,2,0,2,1,0,0,1,338,37,2,4,1,5,8000,1.100000023841858,2,1,8000,0.4000000059604645,338,6,6,28.200000762939453
2016,454,호남신학대학교,대학,사립,광주,C그룹,1,1,0,0,1,1,2,0,1,0,1,0,0,0,0,58,4,1,1,0,0,986,1.7999999523162842,1,0,986,1.0,58,2,0,29.0
2016,455,호산대학교,전문대학,사립,경북,C그룹,1,0,0,1,1,1,2,0,1,0,1,0,0,0,0,32,3,1,0,0,1,2001,0.699999988079071,1,0,2001,0.5,32,1,1,16.0
2016,456,호서대학교,대학,사립,충남,A그룹,4,0,14,3,18,3,21,1,3,0,4,0,14,0,14,921,97,4,0,14,3,13785,1.2000000476837158,4,14,13785,1.2999999523162842,921,4,17,43.900001525878906
2016,457,호원대학교,대학,사립,전북,B그룹,4,1,0,2,4,3,7,0,4,0,4,0,0,0,0,107,15,4,1,0,2,5782,1.0,4,0,5782,0.699999988079071,107,5,2,15.300000190734863
2016,458,홍익대학교,대학,사립,서울,A그룹,16,4,7,6,23,10,33,3,12,1,16,0,7,0,7,451,93,16,4,7,6,21953,1.2999999523162842,16,7,21953,1.0,451,20,13,13.699999809265137
2016,459,화성의과학대학교,대학,사립,경기,C그룹,0,1,0,0,0,1,1,0,0,0,0,0,0,0,0,0,0,0,1,0,0,815,1.0,0,0,815,0.0,0,1,0,0.0
2016,460,화신사이버대학교,대학,사립,부산,C그룹,0,0,0,0,0,0,0,0,0,0,0,0,0,0,0,0,0,0,0,0,0,1210,0.0,0,0,1210,0.0,0,0,0,0.0
2016,461,횃불트리니티신학대학원대학교,대학원대학,사립,서울,-,2,0,0,0,2,0,2,0,2,0,2,0,0,0,0,36,2,2,0,0,0,445,4.5,2,0,445,4.5,36,2,0,18.0
