YR,ID,SNM,STYP,FND,RGN,USC,BR_TCNT_KB,BR_TCNT_OB,BR_TCNT_SUM,BR_BCNT_KB,BR_BCNT_OB,BR_BCNT_SUM,ER_EJN_PKG,ER_WDB_PKG,ER_EB_PKG,ER_ELV_PKG,ER_TTL_PKG,SRL_KR,SRL_OT,SRL_TTL,AHC_ABI_BUY,AHC_ABI_DON,AHC_ABI_TTL,AHC_ATI,AHC_ARM,BPS_BO,BPS_SCP,BPS_BPS,GRR_AHBC,GRR_BO,GRR_GRR
2024,1,ICT폴리텍대학,전문대학,사립,경기,C그룹,7172,241,7413,9724,246,9970,0,0,0,0,0,0,0,0,152,0,152,151,0,9970,287,34.70000076293945,152,9970,1.5
2024,2,가야대학교,대학,사립,경남,C그룹,129450,49064,178514,192720,51222,243942,13,15,4,0,32,136,1,137,4878,551,5429,5003,0,243942,1787,136.5,5429,243942,2.299999952316284
2024,3,가천대학교,대학,사립,경기,A그룹,416926,165423,582349,1007351,212042,1219393,38,44,4,7,93,6,0,6,19218,7510,26728,18783,0,1219393,23393,52.09999847412109,26728,1219393,2.200000047683716
2024,4,가톨릭관동대학교,대학,사립,강원,B그룹,259315,178565,437880,535126,223500,758626,14,24,4,1,43,264,2,266,8861,2065,10926,8032,0,758626,6419,118.1999969482422,10926,758626,1.5
2024,5,가톨릭꽃동네대학교,대학,사립,충북,C그룹,39183,11536,50719,55056,11990,67046,13,14,4,0,31,27,1,28,678,69,747,437,0,67046,468,143.3000030517578,747,67046,1.100000023841858
2024,6,가톨릭대학교,대학,사립,경기,A그룹,460975,282083,743058,735232,431558,1166790,94,80,13,5,192,437,191,628,21557,2034,23591,20238,8828,1166790,10964,106.4000015258789,23591,1166790,2.0999999046325684
2024,7,가톨릭상지대학교,전문대학,사립,경북,C그룹,68232,2269,70501,105758,3943,109701,12,13,4,0,29,148,0,148,1608,157,1765,1693,2580,109701,1827,60.0,1765,109701,1.600000023841858
2024,8,감리교신학대학교,대학,사립,서울,C그룹,65186,120318,185504,97552,137443,234995,8,3,2,3,16,38,10,48,2292,1675,3967,2470,6830,234995,1202,195.5,3967,234995,1.7000000476837158
2024,9,강남대학교,대학,사립,경기,B그룹,280814,80062,360876,431354,140592,571946,34,39,5,1,79,100,0,100,6430,844,7274,4054,4800,571946,6885,83.0999984741211,7274,571946,1.2999999523162842
2024,10,강동대학교,전문대학,사립,충북,B그룹,114363,1648,116011,143871,1130,145001,11,13,5,0,29,22,0,22,3355,0,3355,1951,0,145001,2982,48.59999847412109,3355,145001,2.400000095367432
2024,11,강릉영동대학교,전문대학,사립,강원,B그룹,53401,14167,67568,81638,15001,96639,1,1,0,0,2,180,0,180,1300,932,2232,1565,6159,96639,2257,42.79999923706055,2232,96639,2.400000095367432
2024,12,강서대학교,대학,사립,서울,C그룹,78499,20594,99093,100787,22770,123557,15,21,4,3,43,125,30,155,2532,708,3240,3115,0,123557,1644,75.19999694824219,3240,123557,2.700000047683716
2024,13,강원관광대학교,전문대학,사립,강원,C그룹,0,0,0,0,0,0,0,0,0,0,0,0,0,0,0,0,0,0,0,0,0,0.0,0,0,0.0
2024,14,강원대학교,대학,국립,강원,A그룹,889428,210271,1099699,1324022,330676,1654698,35,55,6,2,98,529,165,694,38843,3858,42701,37665,0,1654698,21759,76.0,42701,1654698,2.5999999046325684
2024,15,강원도립대학교,전문대학,공립,강원,C그룹,46706,1827,48533,55977,2019,57996,7,8,3,1,19,44,0,44,1679,1,1680,1222,4182,57996,608,95.4000015258789,1680,57996,3.0
2024,16,개신대학원대학교,대학원대학,사립,서울,-,18559,1060,19619,24363,1646,26009,2,0,0,0,2,40,0,40,428,7,435,417,20,26009,175,148.60000610351562,435,26009,1.7000000476837158
2024,17,거제대학교,전문대학,사립,경남,C그룹,58341,1729,60070,73590,1837,75427,1,1,0,0,2,102,0,102,1122,188,1310,1310,1439,75427,1018,74.0999984741211,1310,75427,1.7999999523162842
2024,18,건국대학교,대학,사립,서울,A그룹,371854,192539,564393,1071638,256114,1327752,23,30,6,4,63,389,122,511,19937,3318,23255,13763,117209,1327752,19996,66.4000015258789,23255,1327752,1.7999999523162842
2024,19,건국대학교(글로컬),대학,사립,충북,B그룹,294444,112982,407426,582317,135945,718262,17,28,4,1,50,186,204,390,13510,575,14085,7196,0,718262,7287,98.5999984741211,14085,718262,2.0
2024,20,건동대학교,대학,사립,경북,C그룹,0,0,0,0,0,0,0,0,0,0,0,0,0,0,0,0,0,0,0,0,0,0.0,0,0,0.0
2024,21,건신대학원대학교,대학원대학,사립,대전,-,12659,3497,16156,18401,5081,23482,6,10,2,0,18,8,0,8,271,164,435,310,0,23482,174,135.0,435,23482,1.899999976158142
2024,22,건양대학교,대학,사립,충남,B그룹,238967,48124,287091,369020,140460,509480,21,22,6,0,49,0,0,0,7073,196,7269,6250,0,509480,7096,71.80000305175781,7269,509480,1.399999976158142
2024,23,경기과학기술대학교,전문대학,사립,경기,A그룹,85753,49025,134778,118637,49260,167897,13,12,4,0,29,48,0,48,5099,0,5099,4532,154,167897,4293,39.09999847412109,5099,167897,3.0999999046325684
2024,24,경기대학교,대학,사립,경기,A그룹,583732,94105,677837,1077259,176792,1254051,25,35,6,7,73,383,7,390,9476,3457,12933,9460,110251,1254051,16384,76.5,12933,1254051,1.0
2024,25,경남대학교,대학,사립,경남,A그룹,547617,201590,749207,811335,229783,1041118,20,26,6,1,53,306,105,411,12402,6366,18768,17527,0,1041118,10658,97.6999969482422,18768,1041118,1.7999999523162842
2024,26,경남도립거창대학,전문대학,공립,경남,C그룹,31838,620,32458,44874,666,45540,1,1,0,0,2,18,0,18,1100,0,1100,1091,2602,45540,860,53.0,1100,45540,2.5
2024,27,경남도립남해대학,전문대학,공립,경남,C그룹,31576,627,32203,37069,669,37738,0,0,1,0,1,57,0,57,1280,48,1328,1250,1735,37738,749,50.400001525878906,1328,37738,3.5999999046325684
2024,28,경남정보대학교,전문대학,사립,부산,A그룹,131704,6173,137877,222714,7186,229900,7,2,0,0,9,73,0,73,5608,469,6077,4724,16948,229900,5573,41.29999923706055,6077,229900,2.700000047683716
2024,29,경동대학교,대학,사립,강원,B그룹,280753,20090,300843,394737,30335,425072,13,12,3,2,30,9,3,12,17512,1530,19042,17351,0,425072,7060,60.20000076293945,19042,425072,4.699999809265137
2024,30,경민대학교,전문대학,사립,경기,B그룹,91042,5346,96388,137773,6216,143989,16,15,4,1,36,23,4,27,3671,279,3950,3508,0,143989,3896,37.0,3950,143989,2.799999952316284
2024,31,경복대학교,전문대학,사립,경기,A그룹,105943,29481,135424,143118,29550,172668,2,3,0,0,5,19,4,23,7031,0,7031,6466,0,172668,6104,28.299999237060547,7031,172668,4.199999809265137
2024,32,경북과학대학교,전문대학,사립,경북,C그룹,57555,11967,69522,79505,13744,93249,2,0,0,0,2,66,0,66,0,411,411,323,0,93249,1800,51.79999923706055,411,93249,0.4000000059604645
2024,33,경북대학교,대학,국립,대구,A그룹,895610,673437,1569047,2281627,1207811,3489438,43,62,12,4,121,922,335,1257,73416,8027,81443,53946,66295,3489438,27587,126.5,81443,3489438,2.400000095367432
2024,34,경북보건대학교,전문대학,사립,경북,C그룹,36993,630,37623,42850,668,43518,2,2,0,0,4,1,0,1,1597,0,1597,1403,1280,43518,1291,33.70000076293945,1597,43518,3.799999952316284
2024,35,경북외국어대학교,대학,사립,대구,C그룹,0,0,0,0,0,0,0,0,0,0,0,0,0,0,0,0,0,0,0,0,0,0.0,0,0,0.0
2024,36,경북전문대학교,전문대학,사립,경북,B그룹,131787,10099,141886,135615,12567,148182,2,1,0,0,3,126,2,128,2527,1079,3606,3587,0,148182,2521,58.79999923706055,3606,148182,2.5
2024,37,경상국립대학교,대학,국립,경남,A그룹,637412,293394,930806,1190824,457444,1648268,47,52,5,3,107,253,113,366,36477,11509,47986,33950,57540,1648268,20208,81.5999984741211,47986,1648268,3.0
2024,38,경성대학교,대학,사립,부산,A그룹,459442,176039,635481,766967,223409,990376,19,32,4,3,58,108,0,108,11019,3747,14766,12027,318,990376,12478,79.4000015258789,14766,990376,1.5
2024,39,경안대학원대학교,대학원대학,사립,경북,-,7717,0,7717,8581,0,8581,0,0,0,0,0,2,0,2,15,0,15,15,0,8581,48,178.8000030517578,15,8581,0.2000000029802322
2024,40,경운대학교,대학,사립,경북,C그룹,205170,27599,232769,420173,35644,455817,15,16,4,0,35,185,16,201,4156,780,4936,2098,0,455817,4569,99.8000030517578,4936,455817,1.100000023841858
2024,41,경인교육대학교,대학,국립,인천,C그룹,227373,32657,260030,560808,40281,601089,19,18,4,2,43,65,0,65,12326,1092,13418,6306,11049,601089,3727,161.3000030517578,13418,601089,2.299999952316284
2024,42,경인여자대학교,전문대학,사립,인천,B그룹,118962,32180,151142,227311,32546,259857,14,14,4,0,32,84,2,86,4004,397,4401,3773,0,259857,3859,67.30000305175781,4401,259857,1.7000000476837158
2024,43,경일대학교,대학,사립,경북,B그룹,198966,130833,329799,406051,140275,546326,19,20,7,8,54,197,2,199,7757,705,8462,4210,0,546326,7116,76.80000305175781,8462,546326,1.600000023841858
2024,44,경찰대학,기타,기타,충남,-,137363,38695,176058,171858,52474,224332,6,3,0,0,9,88,20,108,3174,1336,4510,4308,0,224332,0,0.0,4510,224332,2.0999999046325684
2024,45,경희대학교,대학,사립,서울,A그룹,976668,537027,1513695,1980984,670058,2651042,64,56,11,5,136,43,33,76,31478,8960,40438,36138,59461,2651042,34535,76.80000305175781,40438,2651042,1.5
2024,46,계명대학교,대학,사립,대구,A그룹,537775,354535,892310,1592706,488558,2081264,39,61,6,3,109,1344,164,1508,30890,6027,36917,27198,47069,2081264,22747,91.5,36917,2081264,1.7999999523162842
2024,47,계명문화대학교,전문대학,사립,대구,A그룹,165737,8118,173855,206289,11340,217629,13,15,5,1,34,35,0,35,2954,286,3240,3227,5151,217629,4505,48.29999923706055,3240,217629,1.5
2024,48,계약신학대학원대학교,대학원대학,사립,경기,-,0,0,0,0,0,0,0,0,0,0,0,0,0,0,0,0,0,0,0,0,0,0.0,0,0,0.0
2024,49,계원예술대학교,전문대학,사립,경기,B그룹,83968,36756,120724,94673,37575,132248,3,0,0,3,6,5,6,11,1284,31,1315,1313,0,132248,2790,47.400001525878906,1315,132248,1.0
2024,50,고려대학교,대학,사립,서울,A그룹,712649,1142590,1855239,1584155,1727722,3311877,68,104,15,8,195,564,1106,1670,42485,9591,52076,43836,2045,3311877,30320,109.1999969482422,52076,3311877,1.600000023841858
2024,51,고려대학교(세종),대학,사립,세종,B그룹,238117,52808,290925,351117,83991,435108,7,10,0,4,21,113,10,123,2574,832,3406,3102,10301,435108,7501,58.0,3406,435108,0.800000011920929
2024,52,고려사이버대학교,대학,사립,서울,A그룹,6289,38415,44704,13960,38415,52375,0,1,0,0,1,0,0,0,534,0,534,265,0,52375,10119,5.199999809265137,534,52375,1.0
2024,53,고신대학교,대학,사립,부산,C그룹,239796,135426,375222,320132,138945,459077,22,22,5,2,51,226,14,240,2717,1607,4324,4086,40,459077,4035,113.8000030517578,4324,459077,1.0
2024,54,공군사관학교,기타,기타,충북,-,0,0,0,0,0,0,0,0,0,0,0,0,0,0,0,0,0,0,0,0,0,0.0,0,0,0.0
2024,55,공주교육대학교,대학,국립,충남,C그룹,129882,7009,136891,329427,23534,352961,16,19,4,0,39,86,0,86,7009,278,7287,3171,0,352961,1916,184.1999969482422,7287,352961,2.0999999046325684
2024,56,과학기술연합대학원대학교,대학원대학,국립,대전,-,5579,122943,128522,17394,122943,140337,2,6,0,0,8,0,0,0,13376,0,13376,13313,0,140337,1352,103.8000030517578,13376,140337,10.5
2024,57,광신대학교,대학,사립,광주,C그룹,67722,58696,126418,95519,65190,160709,9,13,4,0,26,124,13,137,2552,74,2626,1864,0,160709,948,169.5,2626,160709,1.7000000476837158
2024,58,광양보건대학교,전문대학,사립,전남,C그룹,23460,476,23936,39935,542,40477,10,12,4,0,26,36,0,36,0,8,8,8,0,40477,116,348.8999938964844,8,40477,0.0
2024,59,광운대학교,대학,사립,서울,B그룹,352311,103325,455636,672844,156346,829190,24,25,6,1,56,156,19,175,16341,3073,19414,15840,12,829190,9808,84.5,19414,829190,2.400000095367432
2024,60,광주가톨릭대학교,대학,사립,전남,C그룹,95642,85091,180733,138210,100278,238488,14,15,4,0,33,45,64,109,1084,457,1541,1415,0,238488,95,2510.39990234375,1541,238488,0.699999988079071
2024,61,광주과학기술원,대학,국립,광주,C그룹,88464,85897,174361,109707,87384,197091,27,23,4,1,55,0,0,0,2588,2476,5064,4283,6328,197091,2110,93.4000015258789,5064,197091,2.5999999046325684
2024,62,광주교육대학교,대학,국립,광주,C그룹,181106,27553,208659,260044,32747,292791,13,18,4,0,35,0,0,0,5091,965,6056,4126,0,292791,1757,166.60000610351562,6056,292791,2.0999999046325684
2024,63,광주대학교,대학,사립,광주,B그룹,325921,63213,389134,566739,108607,675346,17,22,4,4,47,165,20,185,14195,3187,17382,11298,637,675346,6118,110.4000015258789,17382,675346,2.5999999046325684
2024,64,광주보건대학교,전문대학,사립,광주,B그룹,106230,5565,111795,194832,8069,202901,4,3,1,2,10,33,5,38,1065,420,1485,932,0,202901,3498,58.0,1485,202901,0.699999988079071
2024,65,광주여자대학교,대학,사립,광주,C그룹,177923,38960,216883,270855,46329,317184,17,16,4,1,38,65,0,65,7821,1082,8903,6418,11014,317184,3773,84.0999984741211,8903,317184,2.900000095367432
2024,66,구미대학교,전문대학,사립,경북,A그룹,57483,778,58261,212348,3143,215491,8,9,3,0,20,71,0,71,2808,473,3281,2680,0,215491,5256,41.0,3281,215491,1.5
2024,67,구세군사관대학원대학교,대학원대학,사립,경기,-,25423,2040,27463,25423,2040,27463,1,0,0,0,1,41,3,44,302,66,368,206,0,27463,16,1716.4000244140625,368,27463,1.399999976158142
2024,68,국군간호사관학교,기타,기타,대전,-,62985,974,63959,71286,1193,72479,12,20,4,0,36,182,9,191,1813,864,2677,2225,0,72479,0,0.0,2677,72479,3.799999952316284
2024,69,국립강릉원주대학교,대학,국립,강원,B그룹,391619,82393,474012,674881,140447,815328,18,28,5,5,56,459,12,471,12382,1661,14043,13779,0,815328,7803,104.5,14043,815328,1.7999999523162842
2024,70,국립경국대학교,대학,국립,경북,B그룹,383946,80511,464457,761522,108680,870202,20,27,5,5,57,48,0,48,14743,3422,18165,14517,60345,870202,6340,137.3000030517578,18165,870202,2.0999999046325684
2024,71,국립공주대학교,대학,국립,충남,A그룹,458036,85917,543953,1059869,156740,1216609,26,34,7,3,70,80,18,98,12578,3656,16234,11081,92666,1216609,14767,82.4000015258789,16234,1216609,1.399999976158142
2024,72,국립군산대학교,대학,국립,전북,B그룹,309659,48164,357823,643035,95943,738978,22,22,4,5,53,314,18,332,11963,3537,15500,13651,18380,738978,7245,102.0,15500,738978,2.0999999046325684
2024,73,국립금오공과대학교,대학,국립,경북,B그룹,225320,78186,303506,481295,105717,587012,25,32,6,5,68,73,11,84,16739,3237,19976,14909,6,587012,5637,104.0999984741211,19976,587012,3.5
2024,74,국립목포대학교,대학,국립,전남,B그룹,269650,124002,393652,520640,160221,680861,22,30,5,2,59,384,14,398,10289,2196,12485,10871,0,680861,6652,102.4000015258789,12485,680861,1.899999976158142
2024,75,국립목포해양대학교,대학,국립,전남,C그룹,113651,15465,129116,230734,21835,252569,12,9,4,4,29,129,0,129,4445,516,4961,2748,0,252569,2607,96.9000015258789,4961,252569,2.0
2024,76,국립부경대학교,대학,국립,부산,A그룹,393009,170466,563475,1054457,307542,1361999,35,41,7,5,88,194,52,246,22134,3720,25854,17531,0,1361999,17774,76.5999984741211,25854,1361999,1.899999976158142
2024,77,국립순천대학교,대학,국립,전남,B그룹,359942,122858,482800,660193,170010,830203,25,43,5,9,82,345,3,348,19860,3471,23331,17075,20904,830203,7392,112.3000030517578,23331,830203,2.900000095367432
2024,78,국립암센터국제암대학원대학교,대학원대학,국립,경기,-,1782,787,2569,2225,787,3012,0,0,0,0,0,0,0,0,272,0,272,193,0,3012,56,53.79999923706055,272,3012,9.899999618530272
2024,79,국립창원대학교,대학,국립,경남,B그룹,337243,153029,490272,582481,209852,792333,27,38,6,0,71,351,14,365,22985,1162,24147,23360,0,792333,8828,89.80000305175781,24147,792333,3.0999999046325684
2024,80,국립한국교통대학교,대학,국립,충북,B그룹,286479,90608,377087,669059,115930,784989,22,15,5,0,42,42,14,56,26997,89,27086,12123,0,784989,8492,92.4000015258789,27086,784989,3.5999999046325684
2024,81,국립한국해양대학교,대학,국립,부산,B그룹,217583,96335,313918,456278,153752,610030,18,35,5,1,59,193,34,227,3836,2624,6460,4889,0,610030,7063,86.4000015258789,6460,610030,1.100000023841858
2024,82,국립한밭대학교,대학,국립,대전,B그룹,267549,97673,365222,575540,120173,695713,23,36,6,2,67,111,12,123,8264,5802,14066,10024,0,695713,8927,77.9000015258789,14066,695713,2.0999999046325684
2024,83,국민대학교,대학,사립,서울,A그룹,483217,214989,698206,1163117,300301,1463418,24,25,2,4,55,633,97,730,17305,1732,19037,14044,19999,1463418,18320,79.9000015258789,19037,1463418,1.2999999523162842
2024,84,국방대학교,기타,기타,충남,-,184609,79471,264080,382981,133458,516439,4,26,4,0,34,188,59,247,6018,1172,7190,5576,0,516439,0,0.0,7190,516439,1.399999976158142
2024,85,국제뇌교육종합대학원대학교,대학원대학,사립,충남,-,5070,136,5206,6063,180,6243,3,0,0,0,3,4,0,4,45,65,110,70,0,6243,275,22.700000762939453,110,6243,1.7999999523162842
2024,86,국제대학교,전문대학,사립,경기,B그룹,55121,7726,62847,118966,34264,153230,2,1,0,1,4,99,0,99,1737,1,1738,1125,0,153230,2476,61.900001525878906,1738,153230,1.100000023841858
2024,87,국제문화대학원대학교,대학원대학,사립,충남,-,0,0,0,0,0,0,0,0,0,0,0,0,0,0,0,0,0,0,0,0,0,0.0,0,0,0.0
2024,88,국제법률경영대학원대학교,대학원대학,사립,경기,-,0,0,0,0,0,0,0,0,0,0,0,0,0,0,0,0,0,0,0,0,0,0.0,0,0,0.0
2024,89,국제사이버대학교,대학,사립,경기,C그룹,1392,0,1392,10121,0,10121,0,0,0,0,0,0,0,0,141,0,141,112,0,10121,3429,3.0,141,10121,1.399999976158142
2024,90,국제언어대학원대학교,대학원대학,사립,서울,-,2969,12338,15307,3890,13447,17337,0,0,0,0,0,0,67,67,0,0,0,0,0,17337,129,134.39999389648438,0,17337,0.0
2024,91,국제예술대학교,기타,기타,서울,-,1072,32,1104,1127,32,1159,0,0,0,0,0,0,0,0,41,0,41,41,20,1159,0,0.0,41,1159,3.700000047683716
2024,92,군산간호대학교,전문대학,사립,전북,C그룹,27086,4801,31887,35887,4846,40733,12,13,4,0,29,25,0,25,1174,21,1195,877,2678,40733,1147,35.5,1195,40733,3.0
2024,93,군장대학교,전문대학,사립,전북,C그룹,66604,248,66852,99495,312,99807,1,1,0,0,2,18,0,18,1097,0,1097,1097,0,99807,1554,64.19999694824219,1097,99807,1.100000023841858
2024,94,극동대학교,대학,사립,충북,C그룹,169275,44984,214259,275530,52783,328313,12,12,3,1,28,73,0,73,431,31,462,167,0,328313,2984,110.0,462,328313,0.1000000014901161
2024,95,글로벌사이버대학교,대학,사립,충남,C그룹,1302,0,1302,2313,0,2313,0,1,0,0,1,0,0,0,69,0,69,65,0,2313,2228,1.0,69,2313,3.0999999046325684
2024,96,금강대학교,대학,사립,충남,C그룹,69174,16339,85513,110977,29137,140114,0,3,0,0,3,22,0,22,585,871,1456,530,0,140114,203,690.2000122070312,1456,140114,1.100000023841858
2024,97,기독간호대학교,전문대학,사립,광주,C그룹,20965,2905,23870,30192,3683,33875,12,13,4,0,29,49,0,49,629,198,827,818,0,33875,583,58.09999847412109,827,33875,2.5
2024,98,김천대학교,대학,사립,경북,C그룹,122554,159327,281881,177311,160398,337709,12,14,5,0,31,80,0,80,6191,1126,7317,4630,1807,337709,2442,138.3000030517578,7317,337709,2.200000047683716
2024,99,김포대학교,전문대학,사립,경기,C그룹,73213,4995,78208,118959,5835,124794,1,0,0,1,2,0,0,0,0,0,0,0,0,124794,1609,77.5999984741211,0,124794,0.0
2024,100,김해대학교,전문대학,사립,경남,C그룹,32382,641,33023,43974,656,44630,1,1,0,0,2,0,0,0,1740,342,2082,2058,0,44630,1435,31.100000381469727,2082,44630,4.900000095367432
2024,101,나사렛대학교,대학,사립,충남,B그룹,212741,117332,330073,309054,123755,432809,17,21,5,1,44,93,1,94,7662,471,8133,7185,0,432809,5089,85.0,8133,432809,1.899999976158142
2024,102,나주대학교,전문대학,사립,전남,C그룹,28128,248,28376,32234,302,32536,0,0,0,0,0,98,1,99,21,0,21,21,0,32536,1207,27.0,21,32536,0.1000000014901161
2024,103,남부대학교,대학,사립,광주,C그룹,92996,10580,103576,126732,9288,136020,15,17,5,0,37,83,3,86,3512,616,4128,2951,0,136020,3231,42.09999847412109,4128,136020,3.0999999046325684
2024,104,남서울대학교,대학,사립,충남,B그룹,330803,123102,453905,671578,273129,944707,15,27,4,0,46,411,22,433,20660,307,20967,14566,0,944707,9640,98.0,20967,944707,2.299999952316284
2024,105,농협대학교,전문대학,사립,경기,C그룹,38368,4240,42608,41383,4543,45926,2,0,0,0,2,38,0,38,627,0,627,3448,3383,45926,376,122.0999984741211,627,45926,1.399999976158142
2024,106,능인대학원대학교,대학원대학,사립,경기,-,6266,429,6695,7748,863,8611,0,0,0,0,0,5,0,5,2,685,687,588,0,8611,23,374.3999938964844,687,8611,8.699999809265137
2024,107,단국대학교,대학,사립,경기,A그룹,995423,309474,1304897,1515971,477870,1993841,26,34,4,3,67,1010,104,1114,45271,5594,50865,41079,77222,1993841,26571,75.0,50865,1993841,2.5999999046325684
2024,108,대경대학교,전문대학,사립,경북,B그룹,59332,4538,63870,162981,4936,167917,10,13,4,2,29,48,0,48,4364,359,4723,2131,234,167917,3656,45.900001525878906,4723,167917,2.900000095367432
2024,109,대구가톨릭대학교,대학,사립,경북,A그룹,556728,270308,827036,953625,372215,1325840,41,39,4,0,84,546,62,608,9558,1349,10907,8245,47979,1325840,12358,107.3000030517578,10907,1325840,0.800000011920929
2024,110,대구경북과학기술원,대학,국립,대구,C그룹,80385,158351,238736,87009,172762,259771,46,36,11,0,93,0,0,0,2251,1820,4071,3764,0,259771,1759,147.6999969482422,4071,259771,1.600000023841858
2024,111,대구공업대학교,전문대학,사립,대구,C그룹,74738,2283,77021,112514,3340,115854,0,0,1,0,1,55,0,55,1391,164,1555,1555,0,115854,1294,89.5,1555,115854,1.399999976158142
2024,112,대구과학대학교,전문대학,사립,대구,A그룹,112017,3302,115319,166866,3823,170689,2,1,0,0,3,32,0,32,4360,5,4365,3512,0,170689,4308,39.59999847412109,4365,170689,2.5999999046325684
2024,113,대구교육대학교,대학,국립,대구,C그룹,157297,13212,170509,327932,23903,351835,17,18,4,0,39,486,0,486,6171,234,6405,3309,0,351835,2412,145.89999389648438,6405,351835,1.899999976158142
2024,114,대구대학교,대학,사립,경북,A그룹,580980,250405,831385,1154443,416573,1571016,19,25,4,1,49,310,3,313,10047,9082,19129,13923,45440,1571016,17191,91.4000015258789,19129,1571016,1.2000000476837158
2024,115,대구미래대학교,전문대학,사립,경북,C그룹,0,0,0,0,0,0,0,0,0,0,0,0,0,0,0,0,0,0,0,0,0,0.0,0,0,0.0
2024,116,대구보건대학교,전문대학,사립,대구,A그룹,111558,17700,129258,249808,21604,271412,4,4,0,0,8,66,0,66,7616,0,7616,4876,0,271412,6571,41.29999923706055,7616,271412,2.900000095367432
2024,117,대구사이버대학교,대학,사립,경북,C그룹,17130,0,17130,18200,0,18200,5,0,0,0,5,0,0,0,267,0,267,215,0,18200,4529,4.0,267,18200,1.5
2024,118,대구예술대학교,대학,사립,경북,C그룹,50536,1156,51692,121541,1933,123474,0,0,0,0,0,82,0,82,164,0,164,82,0,123474,429,287.79998779296875,164,123474,0.1000000014901161
2024,119,대구외국어대학교,대학,사립,경북,C그룹,0,0,0,0,0,0,0,0,0,0,0,0,0,0,0,0,0,0,0,0,0,0.0,0,0,0.0
2024,120,대구한의대학교,대학,사립,경북,B그룹,285498,115061,400559,525773,158685,684458,19,19,4,2,44,58,24,82,4167,3303,7470,5450,8,684458,6699,102.1999969482422,7470,684458,1.100000023841858
2024,121,대덕대학교,전문대학,사립,대전,C그룹,82435,689,83124,193399,916,194315,2,5,0,2,9,38,0,38,1970,12,1982,1311,0,194315,1777,109.4000015258789,1982,194315,1.0
2024,122,대동대학교,전문대학,사립,부산,C그룹,51314,1056,52370,56232,1128,57360,11,13,4,0,28,45,0,45,619,99,718,682,0,57360,1416,40.5,718,57360,1.2999999523162842
2024,123,대림대학교,전문대학,사립,경기,A그룹,117508,48095,165603,178439,49446,227885,9,5,1,2,17,74,0,74,6110,297,6407,3549,0,227885,6940,32.79999923706055,6407,227885,2.900000095367432
2024,124,대신대학교,대학,사립,경북,C그룹,86350,11633,97983,106193,12300,118493,8,10,2,0,20,124,5,129,1165,812,1977,1905,0,118493,616,192.3999938964844,1977,118493,1.7000000476837158
2024,125,대원대학교,전문대학,사립,충북,C그룹,64655,3633,68288,95005,4130,99135,5,3,2,1,11,36,0,36,940,0,940,903,0,99135,1789,55.400001525878906,940,99135,1.0
2024,126,대전가톨릭대학교,대학,사립,세종,C그룹,92707,39274,131981,112064,38866,150930,13,15,4,0,32,74,44,118,608,415,1023,898,2115,150930,57,2647.89990234375,1023,150930,0.699999988079071
2024,127,대전과학기술대학교,전문대학,사립,대전,B그룹,83910,99408,183318,188389,170275,358664,11,12,3,0,26,98,0,98,422,1047,1469,996,0,358664,3890,92.1999969482422,1469,358664,0.4000000059604645
2024,128,대전대학교,대학,사립,대전,B그룹,480469,147109,627578,699809,185066,884875,17,25,4,8,54,233,8,241,32125,1279,33404,28061,10000,884875,8895,99.5,33404,884875,3.900000095367432
2024,129,대전보건대학교,전문대학,사립,대전,A그룹,113658,43512,157170,241364,46454,287818,6,7,1,0,14,28,0,28,3649,12446,16095,14290,26,287818,4429,65.0,16095,287818,5.900000095367432
2024,130,대전신학대학교,대학,사립,대전,C그룹,41869,11696,53565,67590,11696,79286,0,0,0,0,0,82,0,82,150,124,274,241,0,79286,135,587.2999877929688,274,79286,0.3000000119209289
2024,131,대진대학교,대학,사립,경기,B그룹,324167,94809,418976,623700,148720,772420,21,29,6,4,60,138,5,143,15880,2653,18533,11197,0,772420,7577,101.9000015258789,18533,772420,2.5
2024,132,대한신학대학원대학교,대학원대학,사립,경기,-,7407,1931,9338,13235,2700,15935,0,0,0,0,0,0,0,0,0,0,0,0,0,15935,194,82.0999984741211,0,15935,0.0
2024,133,덕성여자대학교,대학,사립,서울,B그룹,418646,76344,494990,663552,129391,792943,27,30,5,5,67,67,21,88,8496,1800,10296,8171,5821,792943,5738,138.1999969482422,10296,792943,1.2999999523162842
2024,134,동강대학교,전문대학,사립,광주,B그룹,74774,6000,80774,106619,7318,113937,1,0,0,1,2,55,0,55,2410,50,2460,2439,0,113937,2402,47.400001525878906,2460,113937,2.200000047683716
2024,135,동국대학교,대학,사립,서울,A그룹,873687,367377,1241064,1271197,443450,1714647,32,60,4,0,96,391,260,651,17935,3902,21837,20263,2347,1714647,17607,97.4000015258789,21837,1714647,1.2999999523162842
2024,136,동국대학교 WISE캠퍼스,대학,사립,경북,B그룹,448969,86334,535303,683395,128434,811829,6,11,1,0,18,1009,26,1035,5891,1524,7415,6998,0,811829,7279,111.5,7415,811829,0.8999999761581421
2024,137,동남보건대학교,전문대학,사립,경기,A그룹,83853,6704,90557,151292,7809,159101,2,6,1,0,9,22,0,22,252,223,475,436,0,159101,4685,34.0,475,159101,0.3000000119209289
2024,138,동덕여자대학교,대학,사립,서울,B그룹,199599,141857,341456,427879,151815,579694,21,31,5,3,60,307,47,354,16477,866,17343,12981,2504,579694,7242,80.0,17343,579694,3.0999999046325684
2024,139,동명대학교,대학,사립,부산,B그룹,430302,52666,482968,554472,116754,671226,15,16,5,0,36,29,7,36,12706,1306,14012,12173,0,671226,7498,89.5,14012,671226,2.0999999046325684
2024,140,동방문화대학원대학교,대학원대학,사립,서울,-,20325,4291,24616,22850,4490,27340,15,14,4,0,33,9,0,9,40,396,436,263,65,27340,317,86.19999694824219,436,27340,1.600000023841858
2024,141,동부산대학교,전문대학,사립,부산,C그룹,0,0,0,0,0,0,0,0,0,0,0,0,0,0,0,0,0,0,0,0,0,0.0,0,0,0.0
2024,142,동서대학교,대학,사립,부산,B그룹,392219,119495,511714,723388,147672,871060,16,20,3,0,39,266,57,323,9552,1420,10972,8519,0,871060,9336,93.3000030517578,10972,871060,1.2999999523162842
2024,143,동서울대학교,전문대학,사립,경기,A그룹,121956,6807,128763,222431,7758,230189,4,10,4,4,22,65,0,65,5936,166,6102,3986,9548,230189,5701,40.400001525878906,6102,230189,2.700000047683716
2024,144,동신대학교,대학,사립,전남,B그룹,366371,149575,515946,477452,165037,642489,15,23,4,3,45,93,0,93,12377,529,12906,12137,0,642489,6530,98.4000015258789,12906,642489,2.0
2024,145,동아대학교,대학,사립,부산,A그룹,601861,255316,857177,1063045,385394,1448439,40,43,4,2,89,160,73,233,13885,2288,16173,9787,22842,1448439,19845,73.0,16173,1448439,1.100000023841858
2024,146,동아방송예술대학교,전문대학,사립,경기,B그룹,71884,23610,95494,106423,23891,130314,10,15,4,0,29,54,0,54,5179,386,5565,3676,0,130314,3054,42.70000076293945,5565,130314,4.5
2024,147,동아보건대학교,전문대학,사립,전남,C그룹,29689,0,29689,35618,0,35618,11,12,4,0,27,46,0,46,1076,52,1128,1072,14292,35618,1026,34.70000076293945,1128,35618,3.299999952316284
2024,148,동양대학교,대학,사립,경북,C그룹,171965,65203,237168,301156,80316,381472,17,15,4,4,40,6,0,6,6206,104,6310,4598,0,381472,4106,92.9000015258789,6310,381472,1.7000000476837158
2024,149,동양미래대학교,전문대학,사립,서울,A그룹,187196,19236,206432,275298,25041,300339,5,4,4,1,14,181,19,200,5790,0,5790,5616,0,300339,5783,51.900001525878906,5790,300339,2.0
2024,150,동우대학,전문대학,사립,강원,B그룹,0,0,0,0,0,0,0,0,0,0,0,0,0,0,0,0,0,0,0,0,0,0.0,0,0,0.0
2024,151,동원과학기술대학교,전문대학,사립,경남,B그룹,54407,1962,56369,83180,2209,85389,1,0,0,0,1,44,0,44,2316,9,2325,1912,0,85389,2241,38.09999847412109,2325,85389,2.799999952316284
2024,152,동원대학교,전문대학,사립,경기,B그룹,76885,2018,78903,108766,3235,112001,1,0,0,1,2,2,0,2,1714,4,1718,1488,0,112001,2547,44.0,1718,112001,1.600000023841858
2024,153,동의과학대학교,전문대학,사립,부산,B그룹,105942,5540,111482,178693,7031,185724,11,3,1,0,15,20,1,21,3802,212,4014,2911,0,185724,3813,48.70000076293945,4014,185724,2.200000047683716
2024,154,동의대학교,대학,사립,부산,A그룹,482020,198197,680217,994891,321340,1316231,17,25,4,2,48,368,11,379,19976,903,20879,17110,0,1316231,15079,87.30000305175781,20879,1316231,1.600000023841858
2024,155,두원공과대학교,전문대학,사립,경기,B그룹,65912,9196,75108,128444,10609,139053,2,1,0,0,3,0,0,0,1095,0,1095,622,0,139053,2204,63.09999847412109,1095,139053,0.800000011920929
2024,156,디지털서울문화예술대학교,대학,사립,서울,C그룹,3287,0,3287,10918,0,10918,10,14,4,0,28,0,0,0,149,0,149,135,0,10918,3187,3.400000095367432,149,10918,1.399999976158142
2024,157,루터대학교,대학,사립,경기,C그룹,24959,7975,32934,34128,10904,45032,14,13,4,0,31,42,32,74,379,32,411,406,0,45032,400,112.5999984741211,411,45032,0.8999999761581421
2024,158,마산대학교,전문대학,사립,경남,A그룹,100464,2136,102600,182465,2183,184648,13,14,4,0,31,58,0,58,3742,0,3742,3193,28274,184648,5112,36.09999847412109,3742,184648,2.0999999046325684
2024,159,명신대학교,대학,사립,전남,C그룹,0,0,0,0,0,0,0,0,0,0,0,0,0,0,0,0,0,0,0,0,0,0.0,0,0,0.0
2024,160,명지대학교,대학,사립,서울,A그룹,721057,336715,1057772,1305887,416470,1722357,27,34,4,5,70,1119,56,1175,36230,2326,38556,23019,12719,1722357,15984,107.8000030517578,38556,1722357,2.299999952316284
2024,161,명지전문대학,전문대학,사립,서울,A그룹,145540,12479,158019,259056,14880,273936,13,13,4,4,34,65,7,72,5339,488,5827,4855,23560,273936,6622,41.400001525878906,5827,273936,2.200000047683716
2024,162,목원대학교,대학,사립,대전,B그룹,262126,193242,455368,500216,246733,746949,21,29,5,7,62,310,13,323,15331,2262,17593,12975,625,746949,7706,96.9000015258789,17593,746949,2.400000095367432
2024,163,목포가톨릭대학교,대학,사립,전남,C그룹,39674,3470,43144,50261,3546,53807,14,16,4,0,34,5,0,5,1082,39,1121,1058,0,53807,509,105.6999969482422,1121,53807,2.0999999046325684
2024,164,목포과학대학교,전문대학,사립,전남,B그룹,60232,4503,64735,75689,5723,81412,3,0,0,0,3,8,0,8,1615,0,1615,1440,0,81412,2390,34.099998474121094,1615,81412,2.0
2024,165,문경대학교,전문대학,사립,경북,C그룹,35754,291,36045,43255,324,43579,0,2,0,0,2,40,0,40,409,0,409,357,310,43579,775,56.20000076293945,409,43579,0.8999999761581421
2024,166,배재대학교,대학,사립,대전,B그룹,251426,224326,475752,551289,277614,828903,16,21,4,4,45,199,23,222,14792,2463,17255,10438,52,828903,8148,101.6999969482422,17255,828903,2.0999999046325684
2024,167,배화여자대학교,전문대학,사립,서울,B그룹,76085,5192,81277,153624,6677,160301,12,12,4,2,30,23,3,26,2602,163,2765,1451,5200,160301,2741,58.5,2765,160301,1.7999999523162842
2024,168,백석대학교,대학,사립,충남,A그룹,443534,385577,829111,751215,423476,1174691,18,28,6,4,56,147,0,147,44468,159,44627,40274,91891,1174691,14031,83.69999694824219,44627,1174691,3.900000095367432
2024,169,백석문화대학교,전문대학,사립,충남,A그룹,82065,15358,97423,141405,16890,158295,1,1,0,3,5,8,0,8,3155,355,3510,2923,30349,158295,4384,36.09999847412109,3510,158295,2.299999952316284
2024,170,백석예술대학,전문대학,사립,서울,A그룹,0,0,0,0,0,0,0,0,0,0,0,0,0,0,0,0,0,0,0,0,0,0.0,0,0,0.0
2024,171,백제예술대학교,전문대학,사립,전북,C그룹,33703,1298,35001,46292,2307,48599,0,0,0,0,0,14,0,14,550,0,550,544,0,48599,835,58.20000076293945,550,48599,1.100000023841858
2024,172,베뢰아국제대학원대학교,대학원대학,사립,서울,-,28683,185,28868,38252,225,38477,0,0,0,0,0,3,0,3,103,12,115,68,0,38477,45,855.0,115,38477,0.3000000119209289
2024,173,벽성대학,전문대학,사립,전북,C그룹,0,0,0,0,0,0,0,0,0,0,0,0,0,0,0,0,0,0,0,0,0,0.0,0,0,0.0
2024,174,부산가톨릭대학교,대학,사립,부산,C그룹,204972,107258,312230,296984,116922,413906,14,24,4,0,42,314,7,321,2684,2269,4953,4364,0,413906,3775,109.5999984741211,4953,413906,1.2000000476837158
2024,175,부산경상대학교,전문대학,사립,부산,B그룹,92948,2339,95287,103952,2174,106126,4,6,2,1,13,2,0,2,183,0,183,129,841,106126,2152,49.29999923706055,183,106126,0.2000000029802322
2024,176,부산과학기술대학교,전문대학,사립,부산,B그룹,109479,4004,113483,172671,4398,177069,1,1,0,0,2,120,0,120,3323,0,3323,1608,0,177069,3188,55.5,3323,177069,1.899999976158142
2024,177,부산교육대학교,대학,국립,부산,C그룹,146003,14771,160774,282661,18120,300781,17,17,5,0,39,57,19,76,6973,1632,8605,5026,6462,300781,2203,136.5,8605,300781,2.900000095367432
2024,178,부산대학교,대학,국립,부산,A그룹,839939,600335,1440274,1677732,918540,2596272,42,59,7,3,111,430,161,591,57727,41077,98804,85239,40805,2596272,27126,95.6999969482422,98804,2596272,4.0
2024,179,부산디지털대학교,대학,사립,부산,C그룹,3287,0,3287,3550,0,3550,10,13,4,0,27,0,0,0,96,0,96,95,0,3550,2356,1.5,96,3550,2.799999952316284
2024,180,부산보건대학교,전문대학,사립,부산,B그룹,92765,12566,105331,112423,16318,128741,11,9,4,0,24,100,1,101,1124,944,2068,1960,0,128741,2445,52.70000076293945,2068,128741,1.600000023841858
2024,181,부산여자대학교,전문대학,사립,부산,C그룹,114180,23190,137370,129310,26862,156172,13,13,4,0,30,70,6,76,1415,699,2114,2082,0,156172,1882,83.0,2114,156172,1.399999976158142
2024,182,부산예술대학교,전문대학,사립,부산,C그룹,9812,0,9812,14750,0,14750,0,0,0,0,0,0,0,0,0,281,281,0,0,14750,627,23.5,281,14750,1.899999976158142
2024,183,부산외국어대학교,대학,사립,부산,B그룹,312520,233815,546335,566194,324153,890347,17,20,4,4,45,198,14,212,14675,1386,16061,15138,6080,890347,7300,122.0,16061,890347,1.7999999523162842
2024,184,부산장신대학교,대학,사립,경남,C그룹,46774,4393,51167,69882,5778,75660,2,0,0,0,2,55,0,55,308,197,505,438,291,75660,315,240.1999969482422,505,75660,0.699999988079071
2024,185,부천대학교,전문대학,사립,경기,A그룹,202032,21274,223306,308878,26052,334930,14,15,5,1,35,80,3,83,6644,641,7285,6391,0,334930,7075,47.29999923706055,7285,334930,2.200000047683716
2024,186,삼육대학교,대학,사립,서울,B그룹,234608,113138,347746,364623,170914,535537,15,31,4,4,54,12,12,24,5543,6344,11887,9976,19363,535537,6228,86.0,11887,535537,2.299999952316284
2024,187,삼육보건대학교,전문대학,사립,서울,C그룹,55343,1836,57179,69128,2706,71834,3,2,0,0,5,132,0,132,1556,84,1640,1637,0,71834,1265,56.79999923706055,1640,71834,2.299999952316284
2024,188,상명대학교,대학,사립,서울,A그룹,504707,164395,669102,943667,222907,1166574,27,43,8,5,83,198,66,264,27623,4339,31962,17264,36971,1166574,13117,88.9000015258789,31962,1166574,2.799999952316284
2024,189,상지대학교,대학,사립,강원,B그룹,318723,25018,343741,692203,47124,739327,17,16,4,4,41,361,0,361,6080,813,6893,4225,0,739327,6656,111.0999984741211,6893,739327,0.8999999761581421
2024,190,상지영서대학교,전문대학,사립,강원,B그룹,0,0,0,0,0,0,0,0,0,0,0,0,0,0,0,0,0,0,0,0,0,0.0,0,0,0.0
2024,191,서강대학교,대학,사립,서울,A그룹,466115,536351,1002466,747360,661440,1408800,44,61,6,3,114,226,151,377,29706,2196,31902,30281,0,1408800,11792,119.5,31902,1408800,2.299999952316284
2024,192,서경대학교,대학,사립,서울,B그룹,357363,51966,409329,606580,73761,680341,13,14,4,2,33,61,0,61,19289,568,19857,16264,0,680341,7178,94.8000030517578,19857,680341,3.0
2024,193,서남대학교,대학,사립,전북,C그룹,0,0,0,0,0,0,0,0,0,0,0,0,0,0,0,0,0,0,0,0,0,0.0,0,0,0.0
2024,194,서라벌대학교,전문대학,사립,경북,C그룹,32753,4148,36901,109807,16526,126333,0,0,0,0,0,22,0,22,0,0,0,0,0,126333,612,206.3999938964844,0,126333,0.0
2024,195,서영대학교,전문대학,사립,광주,A그룹,69102,1305,70407,91242,1423,92665,1,2,0,1,4,169,0,169,1033,0,1033,979,23330,92665,4798,19.299999237060547,1033,92665,1.100000023841858
2024,196,서울과학기술대학교,대학,국립,서울,A그룹,368581,115393,483974,708809,127170,835979,34,47,7,5,93,210,17,227,15541,489,16030,8450,0,835979,11800,70.80000305175781,16030,835979,2.0
2024,197,서울과학종합대학원대학교,대학원대학,사립,서울,-,1694,267,1961,2708,429,3137,14,14,5,0,33,0,0,0,8,0,8,3,0,3137,986,3.200000047683716,8,3137,0.3000000119209289
2024,198,서울교육대학교,대학,국립,서울,C그룹,170926,26491,197417,298932,36853,335785,17,24,5,0,46,205,0,205,8712,1210,9922,4322,0,335785,2708,124.0,9922,335785,3.0
2024,199,서울기독대학교,대학,사립,서울,C그룹,31055,12438,43493,41709,15419,57128,13,15,4,0,32,47,2,49,447,0,447,334,0,57128,555,102.9000015258789,447,57128,0.800000011920929
2024,200,서울대학교,대학,국립,서울,A그룹,759872,2026780,2786652,2094939,3221263,5316202,83,133,11,0,227,715,954,1669,34958,36219,71177,43370,198079,5316202,29065,182.8999938964844,71177,5316202,1.399999976158142
2024,201,서울디지털대학교,대학,사립,서울,A그룹,23688,0,23688,76159,0,76159,11,13,4,0,28,0,0,0,814,0,814,567,0,76159,10820,7.0,814,76159,1.100000023841858
2024,202,서울미디어대학원대학교,대학원대학,사립,서울,-,4575,1207,5782,5037,1371,6408,0,1,0,0,1,9,0,9,19,0,19,19,0,6408,224,28.600000381469727,19,6408,0.3000000119209289
2024,203,서울벤처대학원대학교,대학원대학,사립,서울,-,1167,390,1557,2543,1146,3689,0,0,0,0,0,0,0,0,0,0,0,0,0,3689,266,13.899999618530272,0,3689,0.0
2024,204,서울불교대학원대학교,대학원대학,사립,서울,-,8135,2415,10550,8321,2415,10736,0,2,0,0,2,2,0,2,77,2,79,43,0,10736,172,62.400001525878906,79,10736,0.699999988079071
2024,205,서울사이버대학교,대학,사립,서울,A그룹,2036,10325,12361,7933,50975,58908,0,3,0,0,3,0,0,0,0,0,0,0,0,58908,16894,3.5,0,58908,0.0
2024,206,서울사회복지대학원대학교,대학원대학,사립,서울,-,6063,0,6063,6477,0,6477,0,0,0,0,0,1,0,1,31,72,103,10,0,6477,163,39.70000076293945,103,6477,1.600000023841858
2024,207,서울상담심리대학원대학교,대학원대학,사립,서울,-,7566,485,8051,9198,508,9706,13,14,4,0,31,25,0,25,230,49,279,258,0,9706,130,74.69999694824219,279,9706,3.0
2024,208,서울성경신학대학원대학교,대학원대학,사립,서울,-,17211,3007,20218,21852,3775,25627,13,13,4,0,30,60,10,70,37,324,361,334,128,25627,77,332.79998779296875,361,25627,1.399999976158142
2024,209,서울시립대학교,대학,공립,서울,A그룹,535610,215820,751430,916711,306017,1222728,37,57,7,4,105,587,50,637,21893,5178,27071,25743,0,1222728,11568,105.6999969482422,27071,1222728,2.299999952316284
2024,210,서울신학대학교,대학,사립,경기,C그룹,126849,114968,241817,230378,135002,365380,13,20,5,3,41,48,2,50,936,1608,2544,1889,0,365380,2754,132.6999969482422,2544,365380,0.699999988079071
2024,211,서울여자간호대학교,전문대학,사립,서울,C그룹,30145,1423,31568,41045,1771,42816,6,6,2,0,14,22,1,23,893,183,1076,1000,0,42816,851,50.29999923706055,1076,42816,2.5999999046325684
2024,212,서울여자대학교,대학,사립,서울,B그룹,386398,170185,556583,556966,199746,756712,22,26,5,3,56,26,32,58,13173,520,13693,12236,17,756712,7265,104.1999969482422,13693,756712,1.7999999523162842
2024,213,서울예술대학교,전문대학,사립,경기,B그룹,88413,10907,99320,114375,11822,126197,3,9,1,4,17,68,26,94,4162,190,4352,3721,0,126197,3153,40.0,4352,126197,3.5999999046325684
2024,214,서울외국어대학원대학교,대학원대학,사립,서울,-,1873,655,2528,2702,710,3412,0,0,0,0,0,0,0,0,0,0,0,0,0,3412,188,18.100000381469727,0,3412,0.0
2024,215,서울장신대학교,대학,사립,경기,C그룹,68852,8836,77688,91071,43471,134542,7,8,1,1,17,96,1,97,693,15,708,606,0,134542,592,227.3000030517578,708,134542,0.5
2024,216,서울한영대학교,대학,사립,서울,C그룹,55666,4419,60085,86741,48946,135687,2,6,0,1,9,117,12,129,871,97,968,607,0,135687,904,150.10000610351562,968,135687,0.699999988079071
2024,217,서원대학교,대학,사립,충북,B그룹,382742,85867,468609,667063,120431,787494,17,20,4,0,41,430,0,430,15718,1855,17573,13491,0,787494,6733,117.0,17573,787494,2.299999952316284
2024,218,서일대학교,전문대학,사립,서울,A그룹,127313,16008,143321,192438,17250,209688,11,8,2,3,24,86,0,86,5665,79,5744,4769,0,209688,5939,35.29999923706055,5744,209688,2.799999952316284
2024,219,서정대학교,전문대학,사립,경기,A그룹,60335,15596,75931,84784,18732,103516,0,3,0,1,4,33,0,33,4321,4050,8371,8361,0,103516,7264,14.300000190734863,8371,103516,8.800000190734863
2024,220,서해대학,전문대학,사립,전북,C그룹,0,0,0,0,0,0,0,0,0,0,0,0,0,0,0,0,0,0,0,0,0,0.0,0,0,0.0
2024,221,선교청대학교,대학,사립,충남,C그룹,0,0,0,0,0,0,0,0,0,0,0,0,0,0,0,0,0,0,0,0,0,0.0,0,0,0.0
2024,222,선린대학교,전문대학,사립,경북,C그룹,24674,2165,26839,65903,2629,68532,2,1,0,0,3,84,0,84,1702,54,1756,1697,24233,68532,1943,35.29999923706055,1756,68532,2.5999999046325684
2024,223,선문대학교,대학,사립,충남,B그룹,368650,116308,484958,672543,146951,819494,19,24,4,5,52,192,30,222,21094,15437,36531,13793,0,819494,9409,87.0999984741211,36531,819494,4.699999809265137
2024,224,선학유피대학원대학교,대학원대학,사립,경기,-,25015,7251,32266,35368,8504,43872,4,8,2,0,14,22,5,27,371,372,743,580,0,43872,79,555.2999877929688,743,43872,1.7000000476837158
2024,225,성결대학교,대학,사립,경기,B그룹,255777,129753,385530,430507,147999,578506,16,20,4,4,44,88,32,120,6923,427,7350,6645,25798,578506,5690,101.6999969482422,7350,578506,1.2999999523162842
2024,226,성공회대학교,대학,사립,서울,C그룹,135794,82791,218585,173180,102108,275288,19,20,7,0,46,59,18,77,2352,185,2537,2257,209,275288,2305,119.4000015258789,2537,275288,0.8999999761581421
2024,227,성균관대학교,대학,사립,서울,A그룹,762823,619266,1382089,1397953,901746,2299699,48,75,14,3,140,198,99,297,31613,10740,42353,19318,753,2299699,27941,82.30000305175781,42353,2299699,1.899999976158142
2024,228,성산효대학원대학교,대학원대학,사립,인천,-,22918,5495,28413,23240,5495,28735,1,0,0,0,1,15,0,15,104,23,127,116,0,28735,199,144.39999389648438,127,28735,0.4000000059604645
2024,229,성서침례대학원대학교,대학원대학,사립,경기,-,18202,6591,24793,18390,6637,25027,0,1,0,0,1,35,6,41,222,100,322,322,0,25027,56,446.8999938964844,322,25027,1.2999999523162842
2024,230,성신여자대학교,대학,사립,서울,A그룹,365740,242557,608297,577826,273397,851223,22,27,4,4,57,138,7,145,22532,1147,23679,22352,104517,851223,10046,84.69999694824219,23679,851223,2.900000095367432
2024,231,성운대학교,전문대학,사립,경북,C그룹,31151,5467,36618,52793,5467,58260,0,0,0,0,0,34,0,34,1786,0,1786,1470,0,58260,1557,37.400001525878906,1786,58260,3.200000047683716
2024,232,성화대학,전문대학,사립,전남,B그룹,0,0,0,0,0,0,0,0,0,0,0,0,0,0,0,0,0,0,0,0,0,0.0,0,0,0.0
2024,233,세경대학교,전문대학,사립,강원,C그룹,46915,1469,48384,48620,1469,50089,0,2,0,0,2,81,0,81,1237,151,1388,1388,1500,50089,860,58.20000076293945,1388,50089,2.900000095367432
2024,234,세계사이버대학,기타,기타,경기,-,0,0,0,0,0,0,0,0,0,0,0,0,0,0,0,0,0,0,0,0,0,0.0,0,0,0.0
2024,235,세명대학교,대학,사립,충북,B그룹,311260,80781,392041,592402,138280,730682,15,17,7,3,42,116,0,116,18972,406,19378,18921,94631,730682,6868,106.4000015258789,19378,730682,2.700000047683716
2024,236,세종대학교,대학,사립,서울,A그룹,387247,216210,603457,670896,325065,995961,33,34,4,5,76,95,65,160,8794,1110,9904,7480,0,995961,15495,64.30000305175781,9904,995961,1.0
2024,237,세한대학교,대학,사립,충남,C그룹,189936,61021,250957,293420,82407,375827,17,13,4,3,37,45,0,45,7086,695,7781,5839,0,375827,4023,93.4000015258789,7781,375827,2.0999999046325684
2024,238,송곡대학교,전문대학,사립,강원,C그룹,17168,44,17212,19490,98,19588,1,0,0,0,1,8,0,8,454,19,473,472,0,19588,846,23.200000762939453,473,19588,2.5
2024,239,송원대학교,대학,사립,광주,C그룹,129423,24711,154134,243324,29866,273190,14,21,5,3,43,83,2,85,2617,607,3224,3010,0,273190,2989,91.4000015258789,3224,273190,1.2000000476837158
2024,240,송호대학교,전문대학,사립,강원,C그룹,34107,1610,35717,46962,2245,49207,7,5,1,0,13,38,0,38,916,23,939,937,0,49207,804,61.20000076293945,939,49207,1.899999976158142
2024,241,수도국제대학원대학교,대학원대학,사립,서울,-,20302,4219,24521,20895,4224,25119,5,10,4,0,19,28,0,28,109,54,163,162,211,25119,394,63.79999923706055,163,25119,0.699999988079071
2024,242,수성대학교,전문대학,사립,대구,B그룹,61042,2845,63887,131462,4273,135735,1,0,0,0,1,46,0,46,2643,87,2730,1477,0,135735,3332,40.70000076293945,2730,135735,2.0999999046325684
2024,243,수원가톨릭대학교,대학,사립,경기,C그룹,71221,27264,98485,110595,42633,153228,14,17,4,0,35,122,112,234,1071,1537,2608,1932,0,153228,176,870.5999755859375,2608,153228,1.7000000476837158
2024,244,수원과학대학교,전문대학,사립,경기,B그룹,129829,7810,137639,224009,9703,233712,8,2,0,2,12,49,1,50,2300,6,2306,1855,0,233712,3416,68.4000015258789,2306,233712,1.0
2024,245,수원대학교,대학,사립,경기,B그룹,306951,143214,450165,654336,265840,920176,20,24,4,4,52,189,9,198,2391,2632,5023,3959,15879,920176,9204,100.0,5023,920176,0.5
2024,246,수원여자대학교,전문대학,사립,경기,B그룹,91597,3892,95489,161047,4987,166034,9,13,5,1,28,60,0,60,3839,51,3890,2358,2749,166034,3736,44.400001525878906,3890,166034,2.400000095367432
2024,247,숙명여자대학교,대학,사립,서울,A그룹,438789,290713,729502,935817,333988,1269805,36,42,4,3,85,147,52,199,27723,723,28446,18389,46627,1269805,12710,99.9000015258789,28446,1269805,2.299999952316284
2024,248,순복음대학원대학교,대학원대학,사립,서울,-,17710,0,17710,30859,0,30859,0,0,0,0,0,19,0,19,0,774,774,491,0,30859,110,280.5,774,30859,2.5999999046325684
2024,249,순복음총회신학교,대학,사립,충북,C그룹,14017,0,14017,25444,0,25444,0,0,0,0,0,0,0,0,0,0,0,0,0,25444,115,221.3000030517578,0,25444,0.0
2024,250,순천제일대학교,전문대학,사립,전남,B그룹,64951,758,65709,88627,806,89433,1,2,0,0,3,39,0,39,1595,33,1628,1613,33791,89433,2391,37.400001525878906,1628,89433,1.899999976158142
2024,251,순천향대학교,대학,사립,충남,A그룹,318841,407574,726415,513605,428821,942426,34,42,5,3,84,99,6,105,15651,618,16269,14158,38,942426,12236,77.0,16269,942426,1.7999999523162842
2024,252,숭실대학교,대학,사립,서울,A그룹,482534,384931,867465,817146,427545,1244691,32,31,5,1,69,65,0,65,31712,914,32626,21185,0,1244691,17277,72.0,32626,1244691,2.700000047683716
2024,253,숭실사이버대학교,대학,사립,서울,B그룹,2203,0,2203,9519,0,9519,1,6,3,0,10,0,0,0,0,0,0,0,0,9519,7413,1.2999999523162842,0,9519,0.0
2024,254,숭의여자대학교,전문대학,사립,서울,B그룹,104831,3328,108159,149404,3699,153103,12,12,5,3,32,70,9,79,5378,14,5392,4405,0,153103,3059,50.09999847412109,5392,153103,3.700000047683716
2024,255,신경주대학교,대학,사립,경북,C그룹,216411,34828,251239,354218,58292,412510,6,10,3,0,19,257,0,257,0,0,0,0,0,412510,891,463.0,0,412510,0.0
2024,256,신구대학교,전문대학,사립,경기,A그룹,145068,8490,153558,208108,10716,218824,2,1,0,4,7,60,16,76,6269,719,6988,6843,0,218824,6108,35.79999923706055,6988,218824,3.299999952316284
2024,257,신라대학교,대학,사립,부산,B그룹,270002,70589,340591,637737,117213,754950,15,18,5,3,41,88,0,88,8401,1743,10144,5456,16900,754950,7655,98.5999984741211,10144,754950,1.399999976158142
2024,258,신성대학교,전문대학,사립,충남,B그룹,131825,12953,144778,179830,19935,199765,14,14,4,0,32,9,0,9,3020,1,3021,2931,0,199765,2650,75.4000015258789,3021,199765,1.5
2024,259,신안산대학교,전문대학,사립,경기,B그룹,94854,2118,96972,143657,2227,145884,2,0,0,0,2,18,0,18,2106,672,2778,2590,0,145884,2289,63.70000076293945,2778,145884,1.899999976158142
2024,260,신한대학교,대학,사립,경기,B그룹,283634,116274,399908,403227,118735,521962,15,20,4,3,42,151,11,162,17042,2753,19795,14191,0,521962,6486,80.5,19795,521962,3.900000095367432
2024,261,신흥대학교,전문대학,사립,경기,A그룹,0,0,0,0,0,0,0,0,0,0,0,0,0,0,0,0,0,0,0,0,0,0.0,0,0,0.0
2024,262,실천신학대학원대학교,대학원대학,사립,경기,-,6458,5452,11910,7572,5791,13363,0,0,0,0,0,8,0,8,13,107,120,120,130,13363,83,161.0,120,13363,0.8999999761581421
2024,263,아신대학교,대학,사립,경기,C그룹,56306,33836,90142,93623,54075,147698,5,8,4,0,17,173,49,222,1684,184,1868,1415,0,147698,920,160.5,1868,147698,1.2999999523162842
2024,264,아주대학교,대학,사립,경기,A그룹,386839,265389,652228,681244,464763,1146007,57,57,5,3,122,157,31,188,17085,694,17779,16307,13569,1146007,13842,82.80000305175781,17779,1146007,1.600000023841858
2024,265,아주자동차대학교,전문대학,사립,충남,C그룹,48153,257,48410,48348,280,48628,1,3,2,0,6,60,0,60,744,15,759,718,0,48628,742,65.5,759,48628,1.600000023841858
2024,266,안동과학대학교,전문대학,사립,경북,B그룹,83105,2890,85995,145115,3408,148523,12,13,4,1,30,120,1,121,2225,1790,4015,3443,0,148523,2101,70.69999694824219,4015,148523,2.799999952316284
2024,267,안산대학교,전문대학,사립,경기,A그룹,95321,31123,126444,178519,34406,212925,9,7,2,1,19,88,9,97,2840,0,2840,2804,0,212925,4349,49.0,2840,212925,1.399999976158142
2024,268,안양대학교,대학,사립,경기,B그룹,284495,82786,367281,411604,88334,499938,16,20,4,4,44,75,12,87,2993,1178,4171,2300,0,499938,5228,95.5999984741211,4171,499938,0.800000011920929
2024,269,에스라성경대학원대학교,대학원대학,사립,경기,-,3731,2786,6517,7634,2290,9924,0,0,0,0,0,8,0,8,86,0,86,52,0,9924,53,187.1999969482422,86,9924,0.8999999761581421
2024,270,여주대학교,전문대학,사립,경기,B그룹,157261,54407,211668,164889,54616,219505,3,1,0,0,4,32,0,32,4735,37,4772,4368,0,219505,3609,60.79999923706055,4772,219505,2.200000047683716
2024,271,연성대학교,전문대학,사립,경기,A그룹,154457,19854,174311,197271,36599,233870,4,1,0,0,5,92,7,99,5827,33,5860,5227,2,233870,5705,41.0,5860,233870,2.5999999046325684
2024,272,연세대학교,대학,사립,서울,A그룹,934164,1185102,2119266,1597731,1336918,2934649,92,116,17,1,226,723,550,1273,44776,10560,55336,46152,31134,2934649,32413,90.5,55336,2934649,1.899999976158142
2024,273,연세대학교(미래),대학,사립,강원,B그룹,384443,72674,457117,516139,129906,646045,31,16,3,4,54,252,8,260,21005,313,21318,17282,20929,646045,8120,79.5999984741211,21318,646045,3.400000095367432
2024,274,연암공과대학교,전문대학,사립,경남,C그룹,52258,111,52369,71939,197,72136,5,1,3,0,9,83,0,83,1301,0,1301,1144,0,72136,1217,59.29999923706055,1301,72136,1.7999999523162842
2024,275,연암대학교,전문대학,사립,충남,C그룹,52469,2240,54709,72991,2812,75803,0,1,0,0,1,36,1,37,1553,22,1575,1477,3000,75803,1152,65.80000305175781,1575,75803,2.0999999046325684
2024,276,영남대학교,대학,사립,경북,A그룹,630548,446288,1076836,1136711,667710,1804421,58,52,7,0,117,563,68,631,17848,2838,20686,19407,97774,1804421,22779,79.19999694824219,20686,1804421,1.2000000476837158
2024,277,영남사이버대학교,대학,사립,경북,C그룹,0,0,0,0,0,0,0,0,0,0,0,0,0,0,0,0,0,0,0,0,0,0.0,0,0,0.0
2024,278,영남신학대학교,대학,사립,경북,C그룹,69260,35400,104660,102221,46637,148858,13,16,4,0,33,38,14,52,850,88,938,571,0,148858,594,250.6000061035156,938,148858,0.6000000238418579
2024,279,영남외국어대학,전문대학,사립,경북,C그룹,25123,1024,26147,25606,1026,26632,1,1,0,0,2,0,0,0,0,0,0,0,0,26632,423,63.0,0,26632,0.0
2024,280,영남이공대학교,전문대학,사립,대구,A그룹,112470,4229,116699,228415,5846,234261,14,13,4,2,33,146,0,146,5775,295,6070,3783,0,234261,5634,41.59999847412109,6070,234261,2.700000047683716
2024,281,영산대학교,대학,사립,경남,B그룹,215273,45340,260613,382653,52962,435615,16,21,4,7,48,72,0,72,4095,331,4426,3218,65709,435615,5970,73.0,4426,435615,1.0
2024,282,영산선학대학교,대학,사립,전남,C그룹,33466,2940,36406,48990,1043,50033,0,0,0,0,0,19,0,19,118,500,618,299,2984,50033,34,1471.5999755859375,618,50033,1.2999999523162842
2024,283,영진전문대학교,전문대학,사립,대구,A그룹,180126,26170,206296,369722,40383,410105,4,11,1,3,19,143,0,143,23564,0,23564,12612,0,410105,6973,58.79999923706055,23564,410105,6.099999904632568
2024,284,예명대학원대학교,대학원대학,사립,서울,-,9700,1275,10975,16228,1612,17840,0,0,0,0,0,0,0,0,189,0,189,188,0,17840,298,59.900001525878906,189,17840,1.100000023841858
2024,285,예수대학교,대학,사립,전북,C그룹,38722,3347,42069,48161,3999,52160,12,16,4,0,32,19,6,25,369,280,649,626,285,52160,501,104.0999984741211,649,52160,1.2999999523162842
2024,286,예원예술대학교,대학,사립,전북,C그룹,32275,149,32424,42845,189,43034,9,12,4,0,25,2,0,2,318,444,762,578,0,43034,1394,30.899999618530277,762,43034,1.7999999523162842
2024,287,오산대학교,전문대학,사립,경기,A그룹,138226,6866,145092,179928,7512,187440,13,11,4,2,30,39,1,40,4542,0,4542,3859,0,187440,4205,44.59999847412109,4542,187440,2.5
2024,288,온석대학원대학교,대학원대학,사립,경기,-,12552,4448,17000,22238,9207,31445,0,0,0,0,0,0,0,0,20,0,20,1,0,31445,269,116.9000015258789,20,31445,0.1000000014901161
2024,289,용인대학교,대학,사립,경기,B그룹,186073,24300,210373,393673,40534,434207,8,12,2,3,25,227,1,228,7672,240,7912,6044,25523,434207,6020,72.0999984741211,7912,434207,1.899999976158142
2024,290,용인예술과학대학교,전문대학,사립,경기,B그룹,92514,11645,104159,144410,11859,156269,12,12,4,0,28,16,0,16,2632,486,3118,2906,18010,156269,2641,59.20000076293945,3118,156269,2.0
2024,291,우석대학교,대학,사립,전북,B그룹,278674,127111,405785,638514,200352,838866,17,19,4,4,44,241,1,242,4519,1457,5976,3239,0,838866,7520,111.5999984741211,5976,838866,0.699999988079071
2024,292,우송공업대학,전문대학,사립,대전,B그룹,0,0,0,0,0,0,0,0,0,0,0,0,0,0,0,0,0,0,0,0,0,0.0,0,0,0.0
2024,293,우송대학교,대학,사립,대전,A그룹,179751,167042,346793,472715,179830,652545,18,24,4,1,47,23,4,27,8228,692,8920,4972,0,652545,10345,63.09999847412109,8920,652545,1.399999976158142
2024,294,우송정보대학,전문대학,사립,대전,B그룹,88061,9668,97729,172390,13751,186141,10,12,4,0,26,20,4,24,2532,408,2940,1266,0,186141,3228,57.70000076293945,2940,186141,1.600000023841858
2024,295,울산과학기술원,대학,국립,울산,C그룹,103882,145822,249704,116975,168284,285259,45,31,7,1,84,0,0,0,6392,119,6511,6366,0,285259,3980,71.69999694824219,6511,285259,2.299999952316284
2024,296,울산과학대학교,전문대학,사립,울산,A그룹,137308,3404,140712,203115,5706,208821,6,11,2,1,20,21,0,21,5935,51,5986,4243,0,208821,5237,39.900001525878906,5986,208821,3.0
2024,297,울산대학교,대학,사립,울산,A그룹,356750,141543,498293,521282,271952,793234,53,43,8,0,104,21,0,21,6513,4080,10593,7496,295393,793234,13066,60.70000076293945,10593,793234,1.399999976158142
2024,298,웅지세무대학교,전문대학,사립,경기,C그룹,0,0,0,0,0,0,0,0,0,0,0,0,0,0,0,0,0,0,0,0,0,0.0,0,0,0.0
2024,299,원광대학교,대학,사립,전북,A그룹,461135,260924,722059,1051825,484722,1536547,28,36,4,3,71,521,13,534,28580,2571,31151,18585,83366,1536547,14248,107.8000030517578,31151,1536547,2.0999999046325684
2024,300,원광보건대학교,전문대학,사립,전북,B그룹,74044,9736,83780,190117,16358,206475,4,4,2,2,12,95,0,95,5979,379,6358,3535,0,206475,3920,52.70000076293945,6358,206475,3.200000047683716
2024,301,원불교대학원대학교,대학원대학,사립,전북,-,14343,1926,16269,24764,2271,27035,0,0,0,0,0,4,0,4,93,98,191,132,290,27035,34,795.0999755859375,191,27035,0.699999988079071
2024,302,웨스트민스터신학대학원대학교,대학원대학,사립,경기,-,32736,8632,41368,44610,10441,55051,8,8,2,0,18,323,1,324,938,516,1454,1206,0,55051,492,111.9000015258789,1454,55051,2.700000047683716
2024,303,위덕대학교,대학,사립,경북,C그룹,114372,70580,184952,220473,86687,307160,15,19,4,2,40,58,5,63,3550,714,4264,3156,0,307160,2652,115.8000030517578,4264,307160,1.399999976158142
2024,304,유원대학교,대학,사립,충북,C그룹,243729,6155,249884,715551,22562,738113,10,18,4,0,32,86,0,86,4830,0,4830,4212,0,738113,3319,222.3999938964844,4830,738113,0.699999988079071
2024,305,유한대학교,전문대학,사립,경기,A그룹,132833,15893,148726,211926,17734,229660,11,7,3,0,21,76,6,82,3979,302,4281,3894,0,229660,4486,51.20000076293945,4281,229660,1.899999976158142
2024,306,육군사관학교,기타,기타,서울,-,174396,74718,249114,223329,83220,306549,22,14,3,0,39,122,15,137,3129,1772,4901,4446,0,306549,0,0.0,4901,306549,1.600000023841858
2024,307,을지대학교,대학,사립,대전,B그룹,126723,61049,187772,202928,62837,265765,11,7,0,1,19,35,0,35,6280,1566,7846,4705,361,265765,5096,52.20000076293945,7846,265765,3.0
2024,308,이화여자대학교,대학,사립,서울,A그룹,650945,550484,1201429,953827,761694,1715521,42,89,7,7,145,227,534,761,39750,2738,42488,37384,43159,1715521,21848,78.5,42488,1715521,2.5
2024,309,인덕대학교,전문대학,사립,서울,A그룹,129212,42662,171874,224471,46792,271263,14,12,5,2,33,58,0,58,6130,157,6287,5741,0,271263,5888,46.09999847412109,6287,271263,2.400000095367432
2024,310,인제대학교,대학,사립,경남,B그룹,434485,168857,603342,692379,244277,936656,26,29,6,0,61,78,10,88,7753,1311,9064,7162,0,936656,8747,107.0999984741211,9064,936656,1.0
2024,311,인제대학원대학교,대학원대학,사립,서울,-,0,0,0,0,0,0,0,0,0,0,0,0,0,0,0,0,0,0,0,0,0,0.0,0,0,0.0
2024,312,인천가톨릭대학교,대학,사립,인천,C그룹,66545,39211,105756,103344,46779,150123,19,19,4,2,44,105,83,188,2420,764,3184,2530,0,150123,729,205.8999938964844,3184,150123,2.200000047683716
2024,313,인천대학교,대학,국립,인천,A그룹,481527,169164,650691,1121297,257876,1379173,40,41,4,5,90,305,35,340,28278,5109,33387,21049,0,1379173,12716,108.5,33387,1379173,2.5
2024,314,인천전문대학,전문대학,공립,인천,A그룹,0,0,0,0,0,0,0,0,0,0,0,0,0,0,0,0,0,0,0,0,0,0.0,0,0,0.0
2024,315,인하공업전문대학,전문대학,사립,인천,A그룹,104676,16259,120935,198887,19182,218069,12,12,4,1,29,36,7,43,6841,0,6841,3487,24607,218069,6745,32.29999923706055,6841,218069,3.200000047683716
2024,316,인하대학교,대학,사립,인천,A그룹,608027,343881,951908,1235156,402515,1637671,49,49,5,3,106,441,67,508,11781,2814,14595,12996,2285,1637671,21092,77.5999984741211,14595,1637671,0.8999999761581421
2024,317,장로회신학대학교,대학,사립,서울,C그룹,141448,127570,269018,215287,158560,373847,11,11,1,2,25,126,101,227,1346,20,1366,1228,28790,373847,2054,182.0,1366,373847,0.4000000059604645
2024,318,장안대학교,전문대학,사립,경기,B그룹,128552,24188,152740,194496,25604,220100,13,12,6,2,33,51,0,51,6218,1144,7362,7289,0,220100,2381,92.4000015258789,7362,220100,3.5
2024,319,재능대학교,전문대학,사립,인천,B그룹,82588,946,83534,130543,982,131525,2,1,1,0,4,83,0,83,3583,148,3731,3642,0,131525,2958,44.5,3731,131525,2.900000095367432
2024,320,전남과학대학교,전문대학,사립,전남,B그룹,110059,1096,111155,149068,1208,150276,5,8,0,0,13,95,0,95,4858,798,5656,4451,0,150276,3340,45.0,5656,150276,3.900000095367432
2024,321,전남대학교,대학,국립,광주,A그룹,903591,488853,1392444,1381217,611311,1992528,40,47,5,0,92,478,193,671,27030,11880,38910,24699,25180,1992528,23747,83.9000015258789,38910,1992528,2.0
2024,322,전남도립대학교,전문대학,공립,전남,C그룹,71756,1251,73007,101797,1429,103226,2,4,0,1,7,136,0,136,2746,0,2746,2746,1997,103226,986,104.6999969482422,2746,103226,2.700000047683716
2024,323,전북과학대학교,전문대학,사립,전북,C그룹,61638,1583,63221,64848,4222,69070,0,3,1,0,4,94,1,95,1633,0,1633,1633,0,69070,1611,42.900001525878906,1633,69070,2.400000095367432
2024,324,전북대학교,대학,국립,전북,A그룹,576323,254223,830546,1317600,435093,1752693,38,49,5,5,97,322,235,557,30180,11630,41810,30979,69384,1752693,21683,80.80000305175781,41810,1752693,2.400000095367432
2024,325,전주교육대학교,대학,국립,전북,C그룹,131202,11570,142772,283742,15864,299606,14,15,4,0,33,56,0,56,4104,246,4350,1683,22500,299606,1279,234.3000030517578,4350,299606,1.5
2024,326,전주기전대학,전문대학,사립,전북,C그룹,58691,2375,61066,97438,3663,101101,0,1,0,0,1,16,1,17,2310,0,2310,2158,906,101101,1526,66.30000305175781,2310,101101,2.299999952316284
2024,327,전주대학교,대학,사립,전북,A그룹,360706,63412,424118,624225,133675,757900,19,22,8,5,54,213,2,215,8692,196,8888,5114,95,757900,11406,66.4000015258789,8888,757900,1.2000000476837158
2024,328,전주비전대학교,전문대학,사립,전북,B그룹,83596,7158,90754,153297,8674,161971,1,1,0,0,2,24,0,24,3321,141,3462,2679,0,161971,3061,52.900001525878906,3462,161971,2.200000047683716
2024,329,제네바신학대학원대학교,대학원대학,사립,경기,-,21129,7138,28267,37758,9609,47367,0,0,0,0,0,59,29,88,446,2949,3395,2643,0,47367,7,6766.7001953125,3395,47367,7.699999809265137
2024,330,제주관광대학교,전문대학,사립,제주,C그룹,47768,1273,49041,80726,1543,82269,1,1,0,0,2,89,1,90,1132,92,1224,810,0,82269,1499,54.900001525878906,1224,82269,1.5
2024,331,제주국제대학교,대학,사립,제주,C그룹,54086,7706,61792,74413,8319,82732,0,0,0,0,0,135,0,135,0,32,32,32,0,82732,554,149.3000030517578,32,82732,0.0
2024,332,제주대학교,대학,국립,제주,A그룹,481998,323088,805086,980062,431751,1411813,29,48,6,2,85,633,78,711,23548,4844,28392,20163,0,1411813,11340,124.5,28392,1411813,2.0999999046325684
2024,333,제주한라대학교,전문대학,사립,제주,A그룹,90585,13039,103624,130892,14724,145616,5,7,2,1,15,97,0,97,1014,490,1504,1469,0,145616,4635,31.399999618530277,1504,145616,1.0
2024,334,조선간호대학교,전문대학,사립,광주,C그룹,31937,1900,33837,37251,2037,39288,11,7,3,0,21,29,0,29,784,34,818,754,0,39288,745,52.70000076293945,818,39288,2.0999999046325684
2024,335,조선대학교,대학,사립,광주,A그룹,500827,249085,749912,1030045,419302,1449347,34,32,5,0,71,93,33,126,15340,3444,18784,14090,634,1449347,19626,73.80000305175781,18784,1449347,1.2999999523162842
2024,336,조선이공대학교,전문대학,사립,광주,B그룹,71159,15666,86825,103240,20083,123323,0,0,1,0,1,37,0,37,2420,0,2420,2218,0,123323,2878,42.900001525878906,2420,123323,2.0
2024,337,주안대학원대학교,대학원대학,사립,인천,-,6079,3143,9222,12872,3451,16323,3,5,2,0,10,18,0,18,414,0,414,320,0,16323,74,220.6000061035156,414,16323,2.5999999046325684
2024,338,중부대학교,대학,사립,충남,B그룹,314333,79578,393911,688995,93383,782378,17,26,4,2,49,235,0,235,20626,5090,25716,14883,0,782378,8995,87.0,25716,782378,3.400000095367432
2024,339,중앙대학교,대학,사립,서울,A그룹,541838,610401,1152239,1502794,838391,2341185,42,76,6,2,126,135,104,239,31671,3011,34682,24213,20305,2341185,29912,78.30000305175781,34682,2341185,1.5
2024,340,중앙승가대학교,대학,사립,경기,C그룹,63339,6801,70140,82676,9673,92349,3,0,0,0,3,1218,0,1218,160,520,680,471,0,92349,142,650.2999877929688,680,92349,0.699999988079071
2024,341,중원대학교,대학,사립,충북,C그룹,85678,134173,219851,97674,134923,232597,12,14,4,0,30,19,0,19,259,297,556,561,0,232597,3401,68.4000015258789,556,232597,0.2000000029802322
2024,342,진주교육대학교,대학,국립,경남,C그룹,125026,9574,134600,312252,11962,324214,16,16,5,0,37,17,0,17,6190,205,6395,3100,0,324214,1468,220.8999938964844,6395,324214,2.0
2024,343,진주보건대학교,전문대학,사립,경남,B그룹,77466,1995,79461,106418,2446,108864,7,6,2,0,15,115,0,115,3695,160,3855,2983,0,108864,2501,43.5,3855,108864,3.700000047683716
2024,344,차의과학대학교,대학,사립,경기,C그룹,49256,17406,66662,93033,19294,112327,15,23,4,0,42,120,0,120,2105,716,2821,2384,0,112327,3442,32.599998474121094,2821,112327,2.5999999046325684
2024,345,창신대학교,대학,사립,경남,C그룹,107206,5051,112257,158158,6692,164850,13,18,4,2,37,37,0,37,727,1677,2404,2295,0,164850,1952,84.5,2404,164850,1.5
2024,346,창원문성대학교,전문대학,사립,경남,C그룹,95203,2640,97843,188343,5613,193956,1,1,0,0,2,9,0,9,918,0,918,713,0,193956,1287,150.6999969482422,918,193956,0.5
2024,347,청강문화산업대학교,전문대학,사립,경기,B그룹,106998,11804,118802,184297,13382,197679,2,0,0,1,3,91,37,128,4677,375,5052,4369,11015,197679,3774,52.400001525878906,5052,197679,2.5999999046325684
2024,348,청암대학교,전문대학,사립,전남,B그룹,65285,7287,72572,92461,10785,103246,2,0,2,0,4,4,0,4,723,0,723,447,0,103246,2193,47.09999847412109,723,103246,0.699999988079071
2024,349,청운대학교,대학,사립,충남,B그룹,312509,69636,382145,629446,79908,709354,18,21,6,1,46,91,0,91,13204,266,13470,9985,0,709354,5871,120.8000030517578,13470,709354,1.899999976158142
2024,350,청주교육대학교,대학,국립,충북,C그룹,158473,17184,175657,301637,26654,328291,17,15,5,0,37,0,0,0,9831,2866,12697,8996,0,328291,1443,227.5,12697,328291,4.0
2024,351,청주대학교,대학,사립,충북,A그룹,498826,193051,691877,1073655,292205,1365860,18,30,4,3,55,462,34,496,25358,2720,28078,16032,1,1365860,11498,118.8000030517578,28078,1365860,2.0999999046325684
2024,352,초당대학교,대학,사립,전남,C그룹,206949,46904,253853,345508,53778,399286,17,16,4,2,39,75,5,80,7051,622,7673,6603,0,399286,3178,125.5999984741211,7673,399286,2.0
2024,353,총신대학교,대학,사립,서울,C그룹,129099,355247,484346,297725,418224,715949,16,30,4,3,53,105,38,143,9463,1345,10808,8844,0,715949,3186,224.6999969482422,10808,715949,1.5
2024,354,추계예술대학교,대학,사립,서울,C그룹,107002,10186,117188,136017,11015,147032,15,17,5,0,37,51,8,59,2373,211,2584,2552,103,147032,1367,107.5999984741211,2584,147032,1.7999999523162842
2024,355,춘천교육대학교,대학,국립,강원,C그룹,221824,7307,229131,347633,9419,357052,17,18,4,1,40,30,0,30,5240,332,5572,3864,0,357052,1592,224.3000030517578,5572,357052,1.600000023841858
2024,356,춘해보건대학교,전문대학,사립,울산,B그룹,86480,1775,88255,98512,2224,100736,7,5,2,0,14,74,1,75,2448,359,2807,2772,0,100736,2515,40.09999847412109,2807,100736,2.900000095367432
2024,357,충남대학교,대학,국립,대전,A그룹,647129,312057,959186,1384573,506935,1891508,39,54,6,4,103,56,314,370,15538,20225,35763,26690,11997,1891508,22305,84.80000305175781,35763,1891508,1.899999976158142
2024,358,충남도립대학교,전문대학,공립,충남,C그룹,51045,1648,52693,71640,1980,73620,4,0,0,2,6,81,3,84,1624,846,2470,2754,0,73620,1000,73.5999984741211,2470,73620,3.5
2024,359,충북대학교,대학,국립,충북,A그룹,475493,183747,659240,1162508,274629,1437137,50,51,7,6,114,591,138,729,24791,5245,30036,19397,24,1437137,16271,88.30000305175781,30036,1437137,2.0999999046325684
2024,360,충북도립대학교,전문대학,공립,충북,C그룹,31600,358,31958,64376,490,64866,0,1,0,0,1,56,0,56,455,291,746,464,4158,64866,756,85.80000305175781,746,64866,1.2000000476837158
2024,361,충북보건과학대학교,전문대학,사립,충북,B그룹,69765,4052,73817,108205,4692,112897,4,4,1,0,9,144,0,144,1476,0,1476,902,0,112897,2145,52.59999847412109,1476,112897,1.2999999523162842
2024,362,충청대학교,전문대학,사립,충북,B그룹,101192,20243,121435,160557,22380,182937,14,14,4,4,36,83,0,83,3785,194,3979,3809,5209,182937,3080,59.400001525878906,3979,182937,2.200000047683716
2024,363,치유상담대학원대학교,대학원대학,사립,서울,-,14732,3156,17888,14852,3184,18036,0,2,0,0,2,5,0,5,81,37,118,116,0,18036,121,149.10000610351562,118,18036,0.699999988079071
2024,364,칼빈대학교,대학,사립,경기,C그룹,48274,59663,107937,81218,64599,145817,13,22,5,2,42,113,4,117,22456,237,22693,22473,0,145817,1567,93.0999984741211,22693,145817,18.399999618530277
2024,365,탐라대학교,대학,사립,제주,C그룹,0,0,0,0,0,0,0,0,0,0,0,0,0,0,0,0,0,0,0,0,0,0.0,0,0,0.0
2024,366,평택대학교,대학,사립,경기,C그룹,247814,74070,321884,376627,89010,465637,15,17,4,1,37,70,0,70,8197,2651,10848,9179,0,465637,3581,130.0,10848,465637,2.400000095367432
2024,367,포항공과대학교,대학,사립,경북,C그룹,103799,180440,284239,121597,266084,387681,41,24,11,1,77,74,2,76,4269,730,4999,4413,20,387681,3475,111.5999984741211,4999,387681,1.2999999523162842
2024,368,포항대학교,전문대학,사립,경북,C그룹,48484,15392,63876,81825,24505,106330,1,1,0,0,2,45,0,45,1785,0,1785,1698,0,106330,1505,70.69999694824219,1785,106330,1.7000000476837158
2024,369,한경국립대학교,대학,국립,경기,B그룹,249187,43919,293106,509696,58740,568436,22,22,4,2,50,48,22,70,12017,418,12435,8018,0,568436,6026,94.3000030517578,12435,568436,2.200000047683716
2024,370,한국개발연구원국제정책대학원대학교,대학원대학,사립,세종,-,88393,148985,237378,100063,176257,276320,16,32,10,0,58,1,8,9,1331,1467,2798,2449,30,276320,749,368.8999938964844,2798,276320,1.0
2024,371,한국골프과학기술대학교,전문대학,사립,강원,C그룹,16374,47,16421,17158,47,17205,9,10,4,0,23,16,0,16,429,0,429,423,0,17205,427,40.29999923706055,429,17205,2.5999999046325684
2024,372,한국공학대학교,대학,사립,경기,B그룹,138180,10600,148780,215431,14033,229464,17,16,4,4,41,80,13,93,4706,1626,6332,5841,0,229464,7573,30.299999237060547,6332,229464,2.799999952316284
2024,373,한국과학기술원,대학,국립,대전,A그룹,331008,460742,791750,469402,501522,970924,66,80,8,2,156,82,10,92,43004,24010,67014,50338,11720,970924,11503,84.4000015258789,67014,970924,7.400000095367432
2024,374,한국관광대학교,전문대학,사립,경기,C그룹,58462,1671,60133,107697,2126,109823,7,8,4,1,20,62,0,62,1530,127,1657,893,0,109823,1194,92.0,1657,109823,1.5
2024,375,한국교원대학교,대학,국립,충북,B그룹,266700,128044,394744,553947,165862,719809,26,23,4,0,53,147,28,175,7784,1857,9641,5576,0,719809,5644,127.5,9641,719809,1.399999976158142
2024,376,한국국제대학교,대학,사립,경남,C그룹,0,0,0,0,0,0,0,0,0,0,0,0,0,0,0,0,0,0,0,0,0,0.0,0,0,0.0
2024,377,한국기술교육대학교,대학,사립,충남,C그룹,195076,38447,233523,407037,48480,455517,22,33,5,5,65,97,5,102,11323,722,12045,5921,0,455517,4681,97.3000030517578,12045,455517,2.700000047683716
2024,378,한국농수산대학교,전문대학,국립,전북,C그룹,60543,4212,64755,71336,5055,76391,1,3,0,2,6,120,20,140,2540,27,2567,2540,0,76391,1718,44.5,2567,76391,3.5
2024,379,한국방송통신대학교,대학,국립,서울,A그룹,218000,80919,298919,876865,97370,974235,21,28,4,4,57,82,0,82,15426,699,16125,12817,34591,974235,94635,10.300000190734863,16125,974235,1.7000000476837158
2024,380,한국복지사이버대학교,전문대학,사립,경북,B그룹,3442,5491,8933,6707,5491,12198,0,0,0,0,0,0,0,0,139,90,229,210,0,12198,2426,5.0,229,12198,1.899999976158142
2024,381,한국상담대학원대학교,대학원대학,사립,서울,-,13927,2131,16058,20722,2552,23274,3,1,0,0,4,0,0,0,271,53,324,280,0,23274,158,147.3000030517578,324,23274,1.399999976158142
2024,382,한국성서대학교,대학,사립,서울,C그룹,100175,17060,117235,150411,18729,169140,12,20,4,3,39,64,5,69,1078,595,1673,1959,1307,169140,1178,143.60000610351562,1673,169140,1.0
2024,383,한국승강기대학교,전문대학,사립,경남,C그룹,16001,375,16376,24232,539,24771,0,1,0,0,1,0,0,0,1641,0,1641,1201,0,24771,587,42.20000076293945,1641,24771,7.099999904632568
2024,384,한국에너지공과대학교,대학,국립,전남,C그룹,21767,1497,23264,22414,1974,24388,21,12,5,0,38,0,0,0,4235,11981,16216,16073,0,24388,283,86.19999694824219,16216,24388,198.3999938964844
2024,385,한국열린사이버대학교,대학,사립,서울,B그룹,2137,367,2504,2314,1835,4149,0,0,0,0,0,0,0,0,44,0,44,44,0,4149,5753,0.699999988079071,44,4149,1.100000023841858
2024,386,한국영상대학교,전문대학,사립,세종,B그룹,78875,1630,80505,137955,2415,140370,2,3,0,2,7,66,1,67,3244,129,3373,3174,0,140370,2951,47.59999847412109,3373,140370,2.5
2024,387,한국예술종합학교,대학,국립,서울,C그룹,178627,101214,279841,248394,117376,365770,22,27,6,2,57,153,149,302,9038,1213,10251,8513,0,365770,2699,135.5,10251,365770,2.900000095367432
2024,388,한국외국어대학교,대학,사립,서울,A그룹,631492,411743,1043235,1478392,628475,2106867,34,53,6,5,98,1309,333,1642,30990,3444,34434,22247,31,2106867,19228,109.5999984741211,34434,2106867,1.7000000476837158
2024,389,한국전력국제원자력대학원대학교,대학원대학,사립,울산,-,4669,5570,10239,4669,5570,10239,0,2,0,0,2,7,12,19,441,38,479,339,0,10239,110,93.0999984741211,479,10239,4.900000095367432
2024,390,한국전통문화대학교,대학,국립,충남,C그룹,133051,25691,158742,254171,38092,292263,18,22,4,0,44,47,18,65,6118,2828,8946,6092,17529,292263,849,344.20001220703125,8946,292263,3.200000047683716
2024,391,한국정보통신대학교,대학,사립,대전,C그룹,0,0,0,0,0,0,0,0,0,0,0,0,0,0,0,0,0,0,0,0,0,0.0,0,0,0.0
2024,392,한국철도대학,전문대학,국립,경기,C그룹,0,0,0,0,0,0,0,0,0,0,0,0,0,0,0,0,0,0,0,0,0,0.0,0,0,0.0
2024,393,한국체육대학교,대학,국립,서울,C그룹,99233,10617,109850,153613,16319,169932,19,22,4,0,45,90,0,90,4068,837,4905,3855,0,169932,3007,56.5,4905,169932,3.0
2024,394,한국침례신학대학교,대학,사립,대전,C그룹,109379,72315,181694,185889,86061,271950,15,21,4,0,40,87,22,109,3435,1455,4890,3280,0,271950,1498,181.5,4890,271950,1.7999999523162842
2024,395,한국폴리텍Ⅰ대학서울강서캠퍼스,전문대학,사립,서울,C그룹,8412,0,8412,8685,0,8685,0,0,0,0,0,0,0,0,265,0,265,0,0,8685,497,17.5,265,8685,3.0999999046325684
2024,396,한국폴리텍Ⅰ대학서울정수캠퍼스,전문대학,사립,서울,C그룹,14725,15,14740,14710,15,14725,0,0,0,0,0,0,0,0,315,0,315,315,38,14725,1158,12.699999809265137,315,14725,2.200000047683716
2024,397,한국폴리텍Ⅰ대학성남캠퍼스,전문대학,사립,경기,C그룹,9778,0,9778,12551,0,12551,0,0,0,0,0,0,0,0,242,0,242,242,0,12551,613,20.5,242,12551,2.0
2024,398,한국폴리텍Ⅰ대학제주캠퍼스,전문대학,사립,제주,C그룹,8190,0,8190,8259,0,8259,0,0,0,0,0,0,0,0,67,0,67,0,0,8259,48,172.10000610351562,67,8259,0.800000011920929
2024,399,한국폴리텍Ⅱ대학남인천캠퍼스,전문대학,사립,인천,C그룹,4622,0,4622,5315,0,5315,0,0,0,0,0,0,0,0,81,0,81,81,0,5315,101,52.59999847412109,81,5315,1.5
2024,400,한국폴리텍Ⅱ대학인천캠퍼스,전문대학,사립,인천,C그룹,16038,0,16038,19875,0,19875,0,0,0,0,0,0,0,0,445,0,445,445,18032,19875,1546,12.899999618530272,445,19875,2.299999952316284
2024,401,한국폴리텍Ⅱ대학화성캠퍼스,전문대학,사립,경기,C그룹,2365,0,2365,3628,0,3628,0,0,0,0,0,0,0,0,0,0,0,0,0,3628,36,100.8000030517578,0,3628,0.0
2024,402,한국폴리텍Ⅲ대학강릉캠퍼스,전문대학,사립,강원,C그룹,6292,0,6292,6301,0,6301,0,0,0,0,0,5,0,5,23,0,23,448,0,6301,117,53.900001525878906,23,6301,0.4000000059604645
2024,403,한국폴리텍Ⅲ대학원주캠퍼스,전문대학,사립,강원,C그룹,4270,0,4270,4907,0,4907,0,0,0,0,0,0,0,0,0,0,0,0,0,4907,107,45.900001525878906,0,4907,0.0
2024,404,한국폴리텍Ⅲ대학춘천캠퍼스,전문대학,사립,강원,C그룹,9578,0,9578,11990,0,11990,0,0,0,0,0,0,0,0,65,0,65,65,3,11990,214,56.0,65,11990,0.5
2024,405,한국폴리텍Ⅳ대학대전캠퍼스,전문대학,사립,대전,C그룹,7714,0,7714,7714,0,7714,0,0,0,0,0,0,0,0,0,0,0,0,0,7714,717,10.800000190734863,0,7714,0.0
2024,406,한국폴리텍Ⅳ대학아산캠퍼스,전문대학,사립,충남,C그룹,7574,0,7574,13976,0,13976,0,0,0,0,0,16,0,16,101,0,101,101,2196,13976,431,32.400001525878906,101,13976,0.699999988079071
2024,407,한국폴리텍Ⅳ대학청주캠퍼스,전문대학,사립,충북,C그룹,5572,0,5572,9941,0,9941,0,0,0,0,0,0,0,0,102,0,102,102,0,9941,718,13.800000190734863,102,9941,1.0
2024,408,한국폴리텍Ⅳ대학충남캠퍼스,전문대학,사립,충남,C그룹,0,0,0,5034,0,5034,0,0,0,0,0,0,0,0,0,0,0,0,382,5034,159,31.700000762939453,0,5034,0.0
2024,409,한국폴리텍Ⅴ대학광주캠퍼스,전문대학,사립,광주,C그룹,12613,0,12613,15484,0,15484,0,0,0,0,0,0,0,0,420,0,420,420,0,15484,826,18.700000762939453,420,15484,2.799999952316284
2024,410,한국폴리텍Ⅴ대학순천캠퍼스,전문대학,사립,전남,C그룹,5466,0,5466,5467,0,5467,0,0,0,0,0,0,0,0,109,18,127,127,666,5467,8,683.4000244140625,127,5467,2.400000095367432
2024,411,한국폴리텍Ⅴ대학익산캠퍼스,전문대학,사립,전북,C그룹,4548,0,4548,4549,0,4549,0,0,0,0,0,0,0,0,30,0,30,30,0,4549,112,40.59999847412109,30,4549,0.699999988079071
2024,412,한국폴리텍Ⅴ대학전남캠퍼스,전문대학,사립,전남,C그룹,2500,0,2500,4338,0,4338,0,0,0,0,0,0,0,0,21,0,21,3,0,4338,137,31.700000762939453,21,4338,0.5
2024,413,한국폴리텍Ⅴ대학전북캠퍼스,전문대학,사립,전북,C그룹,6251,56,6307,6269,56,6325,0,0,0,0,0,0,0,0,0,0,0,0,0,6325,411,15.399999618530272,0,6325,0.0
2024,414,한국폴리텍Ⅵ대학구미캠퍼스,전문대학,사립,경북,C그룹,2500,0,2500,7757,0,7757,0,0,0,0,0,11,0,11,176,0,176,282,0,7757,486,16.0,176,7757,2.299999952316284
2024,415,한국폴리텍Ⅵ대학대구캠퍼스,전문대학,사립,대구,C그룹,11571,0,11571,11571,0,11571,0,0,0,0,0,30,0,30,0,0,0,0,0,11571,502,23.0,0,11571,0.0
2024,416,한국폴리텍Ⅵ대학영남융합기술캠퍼스,전문대학,사립,대구,C그룹,8900,0,8900,8900,0,8900,0,0,0,0,0,0,0,0,231,0,231,231,0,8900,171,52.0,231,8900,2.700000047683716
2024,417,한국폴리텍Ⅵ대학영주캠퍼스,전문대학,사립,경북,C그룹,3191,0,3191,3191,0,3191,0,0,0,0,0,0,0,0,0,0,0,0,0,3191,38,84.0,0,3191,0.0
2024,418,한국폴리텍Ⅶ대학동부산캠퍼스,전문대학,사립,부산,C그룹,4105,809,4914,3975,779,4754,0,0,0,0,0,0,0,0,0,0,0,0,0,4754,17,279.6000061035156,0,4754,0.0
2024,419,한국폴리텍Ⅶ대학부산캠퍼스,전문대학,사립,부산,C그룹,13711,0,13711,13784,0,13784,0,0,0,0,0,0,0,0,73,0,73,73,0,13784,690,20.0,73,13784,0.5
2024,420,한국폴리텍Ⅶ대학울산캠퍼스,전문대학,사립,울산,C그룹,10552,0,10552,10552,0,10552,0,0,0,0,0,0,0,0,74,0,74,74,0,10552,644,16.399999618530273,74,10552,0.699999988079071
2024,421,한국폴리텍Ⅶ대학진주캠퍼스,전문대학,사립,경남,C그룹,352,0,352,2436,0,2436,0,0,0,0,0,0,0,0,35,0,35,0,0,2436,9,270.70001220703125,35,2436,1.5
2024,422,한국폴리텍Ⅶ대학창원캠퍼스,전문대학,사립,경남,C그룹,0,0,0,0,0,0,0,0,0,0,0,0,0,0,0,0,0,0,0,0,0,0.0,0,0,0.0
2024,423,한국폴리텍특성화 로봇캠퍼스,전문대학,사립,경북,C그룹,2655,0,2655,2799,0,2799,0,0,0,0,0,0,0,0,117,0,117,117,0,2799,120,23.299999237060547,117,2799,4.400000095367432
2024,424,한국폴리텍특성화 바이오캠퍼스,전문대학,사립,충남,C그룹,4833,0,4833,6053,0,6053,0,0,0,0,0,4,0,4,161,0,161,0,0,6053,347,17.399999618530273,161,6053,2.700000047683716
2024,425,한국폴리텍특성화 반도체융합캠퍼스,전문대학,사립,경기,C그룹,1325,0,1325,1613,0,1613,0,0,0,0,0,0,0,0,282,0,282,0,8344,1613,460,3.5,282,1613,21.200000762939453
2024,426,한국폴리텍특성화 항공캠퍼스,전문대학,사립,경남,C그룹,5429,200,5629,5429,200,5629,0,0,0,0,0,0,0,0,75,0,75,75,12,5629,304,18.5,75,5629,1.399999976158142
2024,427,한국학대학원,대학원대학,국립,경기,-,219087,105286,324373,346282,155644,501926,14,20,6,0,40,401,221,622,3574,3828,7402,5982,4886,501926,253,1983.9000244140625,7402,501926,1.5
2024,428,한국항공대학교,대학,사립,경기,C그룹,136595,104154,240749,206492,117861,324353,14,10,5,0,29,56,11,67,2151,256,2407,2362,0,324353,4646,69.80000305175781,2407,324353,0.699999988079071
2024,429,한남대학교,대학,사립,대전,A그룹,377043,146108,523151,759713,235749,995462,18,27,4,0,49,194,7,201,7426,2698,10124,6976,0,995462,12397,80.30000305175781,10124,995462,1.0
2024,430,한동대학교,대학,사립,경북,C그룹,131758,106863,238621,188950,129779,318729,21,22,5,1,49,62,37,99,4068,1604,5672,4844,0,318729,4333,73.5999984741211,5672,318729,1.7999999523162842
2024,431,한라대학교,대학,사립,강원,C그룹,132203,76553,208756,195728,77062,272790,17,18,6,5,46,75,6,81,8095,584,8679,8604,0,272790,3200,85.19999694824219,8679,272790,3.299999952316284
2024,432,한려대학교,대학,사립,전남,C그룹,0,0,0,0,0,0,0,0,0,0,0,0,0,0,0,0,0,0,0,0,0,0.0,0,0,0.0
2024,433,한림국제대학원대학교,대학원대학,사립,서울,-,2402,1230,3632,3907,1314,5221,0,0,0,0,0,0,0,0,99,45,144,144,0,5221,250,20.899999618530277,144,5221,2.799999952316284
2024,434,한림대학교,대학,사립,강원,B그룹,268787,148866,417653,548868,238519,787387,27,25,4,0,56,313,31,344,7119,1049,8168,5323,88890,787387,8280,95.0999984741211,8168,787387,1.0
2024,435,한림성심대학교,전문대학,사립,강원,B그룹,84967,4737,89704,153924,7583,161507,14,13,4,0,31,47,0,47,1370,1439,2809,2262,0,161507,2577,62.70000076293945,2809,161507,1.7999999523162842
2024,436,한민학교,대학,사립,충남,C그룹,0,0,0,0,0,0,0,0,0,0,0,0,0,0,0,0,0,0,0,0,0,0.0,0,0,0.0
2024,437,한반도국제대학원대학교,대학원대학,사립,서울,-,11465,1492,12957,11699,1518,13217,0,0,0,0,0,0,0,0,49,41,90,64,0,13217,71,186.1999969482422,90,13217,0.699999988079071
2024,438,한북대학교,대학,사립,경기,C그룹,0,0,0,0,0,0,0,0,0,0,0,0,0,0,0,0,0,0,0,0,0,0.0,0,0,0.0
2024,439,한서대학교,대학,사립,충남,B그룹,254171,273577,527748,390256,363750,754006,16,17,6,4,43,39,1,40,10287,496,10783,9218,0,754006,6993,107.8000030517578,10783,754006,1.5
2024,440,한성대학교,대학,사립,서울,B그룹,420226,159924,580150,575813,189029,764842,21,26,4,6,57,145,0,145,15877,1583,17460,16753,13021,764842,7868,97.1999969482422,17460,764842,2.299999952316284
2024,441,한세대학교,대학,사립,경기,C그룹,147999,128577,276576,268236,137188,405424,15,19,4,2,40,147,19,166,9060,0,9060,7638,0,405424,3111,130.3000030517578,9060,405424,2.299999952316284
2024,442,한신대학교,대학,사립,경기,B그룹,222581,97834,320415,398640,145034,543674,18,22,4,0,44,109,42,151,6882,1396,8278,6513,30,543674,5780,94.0999984741211,8278,543674,1.5
2024,443,한양대학교,대학,사립,서울,A그룹,733734,486331,1220065,1134915,686115,1821030,52,77,6,4,139,246,162,408,40880,4365,45245,40867,36773,1821030,24707,73.69999694824219,45245,1821030,2.5
2024,444,한양대학교(ERICA),대학,사립,경기,A그룹,567613,164763,732376,781443,260018,1041461,17,24,11,2,54,61,68,129,10871,889,11760,11072,3923,1041461,12178,85.5,11760,1041461,1.100000023841858
2024,445,한양여자대학교,전문대학,사립,서울,A그룹,113649,60288,173937,235251,65330,300581,17,13,5,3,38,119,5,124,8091,63,8154,4375,0,300581,6998,43.0,8154,300581,2.799999952316284
2024,446,한영대학교,전문대학,사립,전남,C그룹,40761,1043,41804,48181,1129,49310,3,0,0,0,3,21,0,21,1463,355,1818,1592,3619,49310,1458,33.79999923706055,1818,49310,3.799999952316284
2024,447,한일장신대학교,대학,사립,전북,C그룹,105414,19584,124998,189466,26689,216155,4,9,2,0,15,55,5,60,1088,315,1403,1132,4119,216155,974,221.8999938964844,1403,216155,0.699999988079071
2024,448,한중대학교,대학,사립,강원,C그룹,0,0,0,0,0,0,0,0,0,0,0,0,0,0,0,0,0,0,0,0,0,0.0,0,0,0.0
2024,449,합동신학대학원대학교,대학원대학,사립,경기,-,79122,64548,143670,115137,79666,194803,14,17,4,0,35,125,74,199,1339,1425,2764,2240,0,194803,254,766.9000244140625,2764,194803,1.399999976158142
2024,450,해군사관학교,기타,기타,경남,-,163845,51156,215001,208712,56862,265574,16,15,5,2,38,122,77,199,2801,834,3635,3313,0,265574,0,0.0,3635,265574,1.399999976158142
2024,451,협성대학교,대학,사립,경기,C그룹,212834,114646,327480,314710,152993,467703,18,19,4,4,45,112,9,121,7506,945,8451,4726,0,467703,4213,111.0,8451,467703,1.7999999523162842
2024,452,혜전대학교,전문대학,사립,충남,B그룹,108981,4198,113179,201774,4856,206630,4,1,0,1,6,100,0,100,1426,616,2042,1368,0,206630,2629,78.5999984741211,2042,206630,1.0
2024,453,호남대학교,대학,사립,광주,B그룹,288690,176433,465123,481151,285328,766479,17,20,5,4,46,123,40,163,16584,1416,18000,11028,9209,766479,7506,102.0999984741211,18000,766479,2.400000095367432
2024,454,호남신학대학교,대학,사립,광주,C그룹,86195,93117,179312,117646,98300,215946,11,11,3,0,25,190,22,212,1641,133,1774,1771,0,215946,713,302.8999938964844,1774,215946,0.800000011920929
2024,455,호산대학교,전문대학,사립,경북,C그룹,48811,392,49203,86222,945,87167,5,10,3,0,18,44,0,44,1795,371,2166,1592,4424,87167,1931,45.09999847412109,2166,87167,2.5
2024,456,호서대학교,대학,사립,충남,A그룹,314755,274816,589571,711334,358984,1070318,20,34,8,6,68,193,0,193,11688,1977,13665,11612,0,1070318,13802,77.5,13665,1070318,1.2999999523162842
2024,457,호원대학교,대학,사립,전북,B그룹,273758,81764,355522,400857,93116,493973,18,19,4,3,44,118,2,120,14891,1084,15975,9289,0,493973,5349,92.3000030517578,15975,493973,3.299999952316284
2024,458,홍익대학교,대학,사립,서울,A그룹,963089,273553,1236642,1420314,425338,1845652,48,58,5,3,114,661,172,833,18834,2970,21804,19572,53218,1845652,21967,84.0,21804,1845652,1.2000000476837158
2024,459,화성의과학대학교,대학,사립,경기,C그룹,9689,5,9694,12886,5,12891,1,1,0,1,3,0,0,0,31,329,360,360,0,12891,388,33.20000076293945,360,12891,2.900000095367432
2024,460,화신사이버대학교,대학,사립,부산,C그룹,8530,0,8530,24416,0,24416,0,0,0,0,0,0,0,0,377,1362,1739,1612,0,24416,1733,14.100000381469728,1739,24416,7.699999809265137
2024,461,횃불트리니티신학대학원대학교,대학원대학,사립,서울,-,34049,34848,68897,45221,43519,88740,11,13,3,1,28,63,46,109,754,356,1110,1014,0,88740,345,257.20001220703125,1110,88740,1.2999999523162842
