YR,ID,SNM,STYP,FND,RGN,USC,BR_TCNT_KB,BR_TCNT_OB,BR_TCNT_SUM,BR_BCNT_KB,BR_BCNT_OB,BR_BCNT_SUM,ER_EJN_PKG,ER_WDB_PKG,ER_EB_TCNT,ER_ELV_PKG,ER_TTL_PKG,ER_TTL_TCNT,SRL_KR,SRL_OT,SRL_TTL,AHC_ABI_BUY,AHC_ABI_DON,AHC_ABI_TTL,AHC_ATI,AHC_ARM,BPS_BO,BPS_SCP,BPS_BPS,GRR_AHBC,GRR_BO,GRR_GRR
2021,1,ICT폴리텍대학,전문대학,사립,경기,C그룹,6774,241,7015,9302,246,9548,0,0,0,0,0,0,0,0,0,173,0,173,172,0,9548,307,31.100000381469727,173,9548,1.7999999523162842
2021,2,가야대학교,대학,사립,경남,C그룹,119043,43813,162856,180946,45965,226911,6,5,53706,0,11,53706,1516,52,1568,5125,837,5962,5608,0,226911,2277,99.6999969482422,5962,226911,2.700000047683716
2021,3,가천대학교,대학,사립,경기,A그룹,385493,146008,531501,947382,190376,1137758,33,37,70347,6,76,70347,6,0,6,18459,6171,24630,14049,0,1137758,21077,54.0,24630,1137758,2.200000047683716
2021,4,가톨릭관동대학교,대학,사립,강원,B그룹,242284,172184,414468,530956,225071,756027,11,24,146578,4,39,146578,288,0,288,17884,1986,19870,13004,17122,756027,8518,88.80000305175781,19870,756027,2.700000047683716
2021,5,가톨릭꽃동네대학교,대학,사립,충북,C그룹,38308,11536,49844,53167,11990,65157,6,11,56327,1,18,56327,36,1,37,371,44,415,312,0,65157,524,124.3000030517578,415,65157,0.6000000238418579
2021,6,가톨릭대학교,대학,사립,경기,A그룹,435353,265630,700983,765834,405961,1171795,87,64,180836,5,156,180836,2088,297,2385,21248,2458,23706,16368,16999,1171795,10484,111.8000030517578,23706,1171795,2.0999999046325684
2021,7,가톨릭상지대학교,전문대학,사립,경북,C그룹,68035,2989,71024,110996,4160,115156,9,7,52010,2,18,52010,143,0,143,2755,251,3006,2440,0,115156,1860,61.900001525878906,3006,115156,2.700000047683716
2021,8,감리교신학대학교,대학,사립,서울,C그룹,62611,118305,180916,97972,135341,233313,7,9,75643,4,20,75643,50,17,67,8404,1445,9849,9379,0,233313,1526,152.89999389648438,9849,233313,4.400000095367432
2021,9,강남대학교,대학,사립,경기,B그룹,271815,79546,351361,413712,140444,554156,10,11,38516,1,22,38516,89,44,133,8177,992,9169,5411,0,554156,7101,78.0,9169,554156,1.7000000476837158
2021,10,강동대학교,전문대학,사립,충북,B그룹,66211,33175,99386,99772,33919,133691,0,4,92531,0,4,92531,30,0,30,2356,0,2356,4611,0,133691,3534,37.79999923706055,2356,133691,1.7999999523162842
2021,11,강릉영동대학교,전문대학,사립,강원,B그룹,54073,14122,68195,82956,14946,97902,1,1,23012,0,2,23012,145,0,145,2142,0,2142,1441,0,97902,2663,36.79999923706055,2142,97902,2.200000047683716
2021,12,강서대학교,대학,사립,서울,C그룹,71340,20450,91790,93009,22598,115607,11,14,61934,2,27,61934,125,30,155,2069,971,3040,2692,1,115607,1490,77.5999984741211,3040,115607,2.700000047683716
2021,13,강원관광대학교,전문대학,사립,강원,C그룹,38903,235,39138,48029,272,48301,1,0,2237,0,1,2237,39,0,39,427,510,937,860,1069,48301,1012,47.70000076293945,937,48301,2.0
2021,14,강원대학교,대학,국립,강원,A그룹,775217,187434,962651,1287797,322509,1610306,32,43,153103,0,75,153103,467,182,649,25681,5236,30917,19756,35351,1610306,22114,72.80000305175781,30917,1610306,2.0
2021,15,강원도립대학교,전문대학,공립,강원,C그룹,48330,1949,50279,59767,2169,61936,6,5,52706,1,12,52706,60,0,60,1684,466,2150,1854,1028,61936,635,97.5,2150,61936,3.5999999046325684
2021,16,개신대학원대학교,대학원대학,사립,서울,-,17574,1059,18633,23608,1647,25255,1,0,82,0,1,82,45,1,46,258,5,263,248,0,25255,145,174.1999969482422,263,25255,1.100000023841858
2021,17,거제대학교,전문대학,사립,경남,C그룹,54987,1713,56700,71092,1822,72914,4,5,2609,0,9,2609,98,0,98,1481,176,1657,1594,0,72914,1181,61.70000076293945,1657,72914,2.299999952316284
2021,18,건국대학교,대학,사립,서울,A그룹,528569,181569,710138,1106953,253276,1360229,31,31,65388,1,63,65388,790,188,978,18566,6697,25263,15081,13692,1360229,20087,67.69999694824219,25263,1360229,1.899999976158142
2021,19,건국대학교(글로컬),대학,사립,충북,B그룹,280141,113412,393553,569387,151560,720947,13,19,188042,3,35,188042,174,26,200,16920,0,16920,8610,0,720947,7402,97.4000015258789,16920,720947,2.400000095367432
2021,20,건동대학교,대학,사립,경북,C그룹,0,0,0,0,0,0,0,0,0,0,0,0,0,0,0,0,0,0,0,0,0,0,0.0,0,0,0.0
2021,21,건신대학원대학교,대학원대학,사립,대전,-,11833,3408,15241,16992,4941,21933,2,0,8,0,2,8,7,0,7,213,58,271,259,0,21933,169,129.8000030517578,271,21933,1.2999999523162842
2021,22,건양대학교,대학,사립,충남,B그룹,214000,45036,259036,344048,138036,482084,18,14,274846,0,32,274846,0,0,0,15038,2187,17225,15970,0,482084,7603,63.400001525878906,17225,482084,3.700000047683716
2021,23,경기과학기술대학교,전문대학,사립,경기,A그룹,90361,48886,139247,104891,49164,154055,6,1,76019,1,8,76019,95,0,95,4717,29,4746,4209,54,154055,4712,32.70000076293945,4746,154055,3.200000047683716
2021,24,경기대학교,대학,사립,경기,A그룹,627136,89925,717061,1148604,172937,1321541,28,21,90037,7,56,90037,484,5,489,11315,4236,15551,12181,0,1321541,15975,82.69999694824219,15551,1321541,1.2000000476837158
2021,25,경남대학교,대학,사립,경남,A그룹,521512,176107,697619,811361,204388,1015749,21,20,154160,0,41,154160,316,113,429,17390,4174,21564,19163,0,1015749,12302,82.5999984741211,21564,1015749,2.200000047683716
2021,26,경남도립거창대학,전문대학,공립,경남,C그룹,29603,847,30450,43520,833,44353,1,1,3042,0,2,3042,21,0,21,1134,0,1134,928,1532,44353,856,51.79999923706055,1134,44353,2.5999999046325684
2021,27,경남도립남해대학,전문대학,공립,경남,C그룹,30938,686,31624,36648,732,37380,0,0,393,0,0,393,61,0,61,1374,10,1384,1153,2776,37380,783,47.70000076293945,1384,37380,3.799999952316284
2021,28,경남정보대학교,전문대학,사립,부산,A그룹,131854,6206,138060,230181,7378,237559,0,4,17582,0,4,17582,117,0,117,7028,2144,9172,5870,0,237559,6665,35.599998474121094,9172,237559,4.0
2021,29,경동대학교,대학,사립,강원,B그룹,236000,18382,254382,332305,28096,360401,5,9,47392,2,16,47392,240,0,240,33886,3024,36910,34910,0,360401,7814,46.09999847412109,36910,360401,11.399999618530272
2021,30,경민대학교,전문대학,사립,경기,B그룹,95716,6933,102649,157242,8927,166169,5,5,11704,2,12,11704,47,13,60,5187,320,5507,3207,0,166169,4432,37.5,5507,166169,3.400000095367432
2021,31,경복대학교,전문대학,사립,경기,A그룹,89319,25138,114457,118065,25475,143540,0,3,41794,0,3,41794,209,1,210,7852,2832,10684,9301,0,143540,6455,22.200000762939453,10684,143540,8.0
2021,32,경북과학대학교,전문대학,사립,경북,C그룹,56310,11967,68277,77808,13744,91552,2,0,3925,0,2,3925,67,0,67,0,524,524,502,0,91552,1655,55.29999923706055,524,91552,0.6000000238418579
2021,33,경북대학교,대학,국립,대구,A그룹,848290,683385,1531675,2231796,1172551,3404347,49,49,549649,2,100,549649,1099,525,1624,40680,10808,51488,29032,9748,3404347,27862,122.1999969482422,51488,3404347,1.5
2021,34,경북보건대학교,전문대학,사립,경북,C그룹,38784,1287,40071,45977,1529,47506,2,2,8889,0,4,8889,0,2,2,1548,1,1549,1287,0,47506,1250,38.0,1549,47506,3.400000095367432
2021,35,경북외국어대학교,대학,사립,대구,C그룹,0,0,0,0,0,0,0,0,0,0,0,0,0,0,0,0,0,0,0,0,0,0,0.0,0,0,0.0
2021,36,경북전문대학교,전문대학,사립,경북,B그룹,93071,10099,103170,124972,12567,137539,1,1,9309,0,2,9309,129,2,131,6693,395,7088,3143,0,137539,2853,48.20000076293945,7088,137539,5.400000095367432
2021,37,경상국립대학교,대학,국립,경남,A그룹,591709,280738,872447,1221873,450851,1672724,37,54,91077,7,98,91077,491,147,638,20353,15760,36113,28298,98707,1672724,21509,77.80000305175781,36113,1672724,2.200000047683716
2021,38,경성대학교,대학,사립,부산,A그룹,440038,167559,607597,797722,219762,1017484,18,26,107959,3,47,107959,416,29,445,17974,1214,19188,13267,19662,1017484,13025,78.0999984741211,19188,1017484,1.899999976158142
2021,39,경안대학원대학교,대학원대학,사립,경북,-,7579,0,7579,8438,0,8438,0,0,0,0,0,0,2,0,2,21,76,97,78,0,8438,56,150.6999969482422,97,8438,1.2000000476837158
2021,40,경운대학교,대학,사립,경북,C그룹,194792,26938,221730,397141,34978,432119,14,8,109327,0,22,109327,260,41,301,9799,1867,11666,5184,3,432119,4464,96.8000030517578,11666,432119,2.799999952316284
2021,41,경인교육대학교,대학,국립,인천,C그룹,206579,29461,236040,566684,37288,603972,16,11,75051,2,29,75051,165,15,180,16526,2380,18906,11843,23826,603972,3913,154.39999389648438,18906,603972,3.200000047683716
2021,42,경인여자대학교,전문대학,사립,인천,B그룹,106983,33082,140065,209961,33953,243914,9,8,91588,0,17,91588,33,13,46,5684,5090,10774,8914,8752,243914,4722,51.70000076293945,10774,243914,4.599999904632568
2021,43,경일대학교,대학,사립,경북,B그룹,198158,135228,333386,396896,153842,550738,16,11,138078,5,32,138078,353,2,355,9948,6221,16169,10059,0,550738,7141,77.0999984741211,16169,550738,3.0
2021,44,경찰대학,기타,기타,충남,-,153380,49950,203330,156910,50956,207866,0,11,2457,0,11,2457,143,55,198,5460,759,6219,6219,0,207866,0,0.0,6219,207866,3.0999999046325684
2021,45,경희대학교,대학,사립,서울,A그룹,952808,403017,1355825,1982815,624039,2606854,59,40,385170,5,104,385170,50,58,108,29461,5726,35187,31041,9757,2606854,33373,78.0999984741211,35187,2606854,1.399999976158142
2021,46,계명대학교,대학,사립,대구,A그룹,526700,351938,878638,1663930,495613,2159543,38,52,384156,3,93,384156,1552,213,1765,60614,5807,66421,57217,24031,2159543,22930,94.1999969482422,66421,2159543,3.200000047683716
2021,47,계명문화대학교,전문대학,사립,대구,A그룹,158236,8127,166363,212667,11362,224029,9,9,47324,1,19,47324,38,0,38,4457,274,4731,4688,28643,224029,5008,44.70000076293945,4731,224029,2.200000047683716
2021,48,계약신학대학원대학교,대학원대학,사립,경기,-,14791,4246,19037,20408,4388,24796,0,0,691,0,0,691,3,0,3,191,1,192,107,0,24796,37,670.2000122070312,192,24796,0.800000011920929
2021,49,계원예술대학교,전문대학,사립,경기,B그룹,82342,36455,118797,91840,37275,129115,4,4,6825,3,11,6825,10,30,40,2136,14,2150,2145,0,129115,3009,42.900001525878906,2150,129115,1.7000000476837158
2021,50,고려대학교,대학,사립,서울,A그룹,662026,1093013,1755039,1519406,1663061,3182467,126,108,1006977,1,235,1006977,988,1255,2243,134372,16134,150506,136232,15545,3182467,29580,107.5999984741211,150506,3182467,5.0
2021,51,고려대학교(세종),대학,사립,세종,B그룹,274697,66978,341675,451276,102753,554029,4,9,12148,0,13,12148,106,18,124,6065,365,6430,5661,7387,554029,7096,78.0999984741211,6430,554029,1.2000000476837158
2021,52,고려사이버대학교,대학,사립,서울,A그룹,5256,38358,43614,12376,38358,50734,0,1,43614,0,1,43614,0,0,0,596,0,596,393,0,50734,9468,5.400000095367432,596,50734,1.2000000476837158
2021,53,고신대학교,대학,사립,부산,C그룹,225769,137593,363362,304373,170956,475329,11,8,10776,0,19,10776,433,97,530,5067,2299,7366,5877,1090,475329,4788,99.3000030517578,7366,475329,1.600000023841858
2021,54,공군사관학교,기타,기타,충북,-,208264,38564,246828,208264,38564,246828,12,8,4226,0,20,4226,153,10,163,4525,3276,7801,6700,406,246828,0,0.0,7801,246828,3.299999952316284
2021,55,공주교육대학교,대학,국립,충남,C그룹,122881,6605,129486,309745,21661,331406,11,11,52412,0,22,52412,97,0,97,6202,529,6731,3613,0,331406,1921,172.5,6731,331406,2.0999999046325684
2021,56,과학기술연합대학원대학교,대학원대학,국립,대전,-,7573,25027,32600,15423,63739,79162,2,8,106076,0,10,106076,0,0,0,669,0,669,496,10605,79162,1304,60.70000076293945,669,79162,0.8999999761581421
2021,57,광신대학교,대학,사립,광주,C그룹,58900,58678,117578,84204,64705,148909,5,6,14136,0,11,14136,158,13,171,1940,486,2426,2226,0,148909,986,151.0,2426,148909,1.7000000476837158
2021,58,광양보건대학교,전문대학,사립,전남,C그룹,23423,476,23899,39887,542,40429,0,1,451,0,1,451,52,0,52,0,60,60,60,0,40429,648,62.400001525878906,60,40429,0.1000000014901161
2021,59,광운대학교,대학,사립,서울,B그룹,321257,86864,408121,628220,138908,767128,21,19,106561,1,41,106561,173,24,197,19202,1610,20812,15448,59,767128,9609,79.80000305175781,20812,767128,2.799999952316284
2021,60,광주가톨릭대학교,대학,사립,전남,C그룹,91686,59019,150705,133085,73770,206855,7,7,42733,5,19,42733,48,67,115,1128,603,1731,1639,0,206855,121,1709.5,1731,206855,0.800000011920929
2021,61,광주과학기술원,대학,국립,광주,C그룹,66501,85146,151647,86000,100999,186999,22,11,56428,2,35,56428,0,0,0,2983,1093,4076,2984,82913,186999,2042,91.5999984741211,4076,186999,2.200000047683716
2021,62,광주교육대학교,대학,국립,광주,C그룹,185689,29524,215213,282306,35641,317947,0,19,12463,0,19,12463,69,9,78,2915,3422,6337,4810,0,317947,1882,168.89999389648438,6337,317947,2.0
2021,63,광주대학교,대학,사립,광주,B그룹,290220,59329,349549,513200,98037,611237,10,11,90158,5,26,90158,232,25,257,16135,5857,21992,15239,0,611237,7391,82.69999694824219,21992,611237,3.700000047683716
2021,64,광주보건대학교,전문대학,사립,광주,B그룹,106860,5832,112692,200566,10729,211295,2,2,12143,2,6,12143,28,18,46,1145,951,2096,1248,0,211295,3733,56.59999847412109,2096,211295,1.0
2021,65,광주여자대학교,대학,사립,광주,C그룹,186185,36196,222381,284179,44386,328565,13,12,129438,0,25,129438,63,0,63,8378,1248,9626,8016,0,328565,3951,83.19999694824219,9626,328565,3.0
2021,66,구미대학교,전문대학,사립,경북,A그룹,48759,481,49240,201527,2846,204373,1,1,128436,0,2,128436,105,0,105,8782,13,8795,2986,0,204373,5066,40.29999923706055,8795,204373,4.5
2021,67,구세군사관대학원대학교,대학원대학,사립,경기,-,24376,2011,26387,24376,2011,26387,1,0,0,0,1,0,48,4,52,297,114,411,243,0,26387,28,942.4000244140624,411,26387,1.600000023841858
2021,68,국군간호사관학교,기타,기타,대전,-,55996,3165,59161,62106,3446,65552,10,12,46363,0,22,46363,141,6,147,1807,1515,3322,2785,7813,65552,0,0.0,3322,65552,5.300000190734863
2021,69,국립강릉원주대학교,대학,국립,강원,B그룹,412146,90401,502547,699858,150638,850496,16,21,63590,2,39,63590,685,14,699,13579,3424,17003,16860,0,850496,8487,100.1999969482422,17003,850496,2.0
2021,70,국립경국대학교,대학,국립,경북,B그룹,366937,78661,445598,769868,120148,890016,14,12,34999,4,30,34999,120,6,126,13941,5025,18966,10559,524,890016,7285,122.1999969482422,18966,890016,2.200000047683716
2021,71,국립공주대학교,대학,국립,충남,A그룹,461038,105651,566689,1118596,173226,1291822,27,30,120964,1,58,120964,352,40,392,13332,4404,17736,8885,58876,1291822,15426,83.69999694824219,17736,1291822,1.399999976158142
2021,72,국립군산대학교,대학,국립,전북,B그룹,287432,48308,335740,614557,96395,710952,18,14,67999,6,38,67999,295,103,398,11558,3680,15238,12243,0,710952,8105,87.69999694824219,15238,710952,2.200000047683716
2021,73,국립금오공과대학교,대학,국립,경북,B그룹,205222,56482,261704,444108,83491,527599,24,21,73933,5,50,73933,157,19,176,22935,3528,26463,18714,6,527599,6101,86.5,26463,527599,5.300000190734863
2021,74,국립목포대학교,대학,국립,전남,B그룹,249436,86989,336425,499101,130188,629289,17,19,61662,0,36,61662,322,14,336,6416,2171,8587,5100,30356,629289,8142,77.30000305175781,8587,629289,1.399999976158142
2021,75,국립목포해양대학교,대학,국립,전남,C그룹,106330,15221,121551,217598,20411,238009,11,7,64279,0,18,64279,121,0,121,1902,259,2161,914,0,238009,2639,90.1999969482422,2161,238009,0.8999999761581421
2021,76,국립부경대학교,대학,국립,부산,A그룹,367212,154491,521703,1076403,244455,1320858,30,27,124097,4,61,124097,492,133,625,17453,6543,23996,17896,0,1320858,18376,71.9000015258789,23996,1320858,1.899999976158142
2021,77,국립순천대학교,대학,국립,전남,B그룹,345265,100112,445377,683838,148929,832767,23,32,41875,8,63,41875,397,5,402,17369,2996,20365,14066,53927,832767,7737,107.5999984741211,20365,832767,2.5
2021,78,국립암센터국제암대학원대학교,대학원대학,국립,경기,-,1093,735,1828,1251,735,1986,0,0,558,0,0,558,0,0,0,334,0,334,230,0,1986,67,29.600000381469727,334,1986,20.200000762939453
2021,79,국립창원대학교,대학,국립,경남,B그룹,299942,133593,433535,540181,186423,726604,23,24,101030,2,49,101030,499,125,624,18011,2608,20619,19082,0,726604,9100,79.80000305175781,20619,726604,2.900000095367432
2021,80,국립한국교통대학교,대학,국립,충북,B그룹,253894,57282,311176,624465,90895,715360,17,18,101675,0,35,101675,60,22,82,22792,3275,26067,15542,17143,715360,8820,81.0999984741211,26067,715360,3.799999952316284
2021,81,국립한국해양대학교,대학,국립,부산,B그룹,195297,97106,292403,432402,154900,587302,12,26,17276,2,40,17276,214,38,252,5489,10278,15767,9307,0,587302,7325,80.19999694824219,15767,587302,2.799999952316284
2021,82,국립한밭대학교,대학,국립,대전,B그룹,248731,81041,329772,539297,103064,642361,16,26,303568,3,45,303568,123,40,163,13684,7008,20692,13724,0,642361,9305,69.0,20692,642361,3.299999952316284
2021,83,국민대학교,대학,사립,서울,A그룹,454321,223451,677772,1144945,308621,1453566,29,32,150932,7,68,150932,506,160,666,16426,4409,20835,15105,128,1453566,18122,80.19999694824219,20835,1453566,1.5
2021,84,국방대학교,기타,기타,충남,-,189659,68897,258556,303115,89873,392988,1,33,1014,0,34,1014,177,94,271,7497,2651,10148,7433,0,392988,0,0.0,10148,392988,2.700000047683716
2021,85,국제뇌교육종합대학원대학교,대학원대학,사립,충남,-,4670,126,4796,5515,165,5680,2,0,0,0,2,0,4,0,4,33,115,148,148,0,5680,270,21.0,148,5680,2.700000047683716
2021,86,국제대학교,전문대학,사립,경기,B그룹,66722,7723,74445,112441,34261,146702,4,10,68016,3,17,68016,88,0,88,4469,96,4565,3034,0,146702,3857,38.0,4565,146702,3.200000047683716
2021,87,국제문화대학원대학교,대학원대학,사립,충남,-,0,0,0,0,0,0,0,0,0,0,0,0,0,0,0,0,0,0,0,0,0,0,0.0,0,0,0.0
2021,88,국제법률경영대학원대학교,대학원대학,사립,경기,-,1289,2708,3997,2148,4565,6713,0,0,0,0,0,0,0,0,0,0,0,0,0,0,6713,84,79.9000015258789,0,6713,0.0
2021,89,국제사이버대학교,대학,사립,경기,C그룹,1200,0,1200,9798,0,9798,0,0,1200,0,0,1200,0,0,0,0,0,0,0,0,9798,3119,3.0999999046325684,0,9798,0.0
2021,90,국제언어대학원대학교,대학원대학,사립,서울,-,2953,12338,15291,3870,13447,17317,0,0,130,0,0,130,0,7,7,24,18,42,42,0,17317,44,393.6000061035156,42,17317,0.2000000029802322
2021,91,국제예술대학교,기타,기타,서울,-,1040,32,1072,1054,32,1086,0,0,0,0,0,0,0,0,0,9,2,11,11,9,1086,0,0.0,11,1086,1.0
2021,92,군산간호대학교,전문대학,사립,전북,C그룹,24561,3703,28264,34887,4825,39712,1,5,12250,0,6,12250,25,0,25,1189,207,1396,905,34,39712,1152,34.5,1396,39712,3.5999999046325684
2021,93,군장대학교,전문대학,사립,전북,C그룹,58899,244,59143,91833,322,92155,0,0,11920,12,12,11920,15,0,15,1826,0,1826,1826,0,92155,1904,48.400001525878906,1826,92155,2.0
2021,94,극동대학교,대학,사립,충북,C그룹,168281,45363,213644,270471,52051,322522,8,8,161072,1,17,161072,96,0,96,8112,553,8665,8532,0,322522,3792,85.0999984741211,8665,322522,2.799999952316284
2021,95,글로벌사이버대학교,대학,사립,충남,C그룹,1054,0,1054,2038,0,2038,0,1,1054,0,1,1054,0,0,0,183,0,183,159,0,2038,2454,0.800000011920929,183,2038,9.899999618530272
2021,96,금강대학교,대학,사립,충남,C그룹,66769,15827,82596,104864,25890,130754,0,3,358,0,3,358,80,12,92,1337,1915,3252,2930,0,130754,410,318.8999938964844,3252,130754,2.5999999046325684
2021,97,기독간호대학교,전문대학,사립,광주,C그룹,28452,5389,33841,31072,5427,36499,3,1,452,0,4,452,55,0,55,827,102,929,731,0,36499,595,61.29999923706055,929,36499,2.5999999046325684
2021,98,김천대학교,대학,사립,경북,C그룹,113459,149322,262781,162276,150391,312667,9,13,225043,0,22,225043,118,0,118,9343,538,9881,8418,0,312667,3110,100.5,9881,312667,3.299999952316284
2021,99,김포대학교,전문대학,사립,경기,C그룹,72316,4984,77300,117936,5824,123760,1,11,9681,1,13,9681,72,2,74,1178,1215,2393,1826,0,123760,3424,36.09999847412109,2393,123760,2.0
2021,100,김해대학교,전문대학,사립,경남,C그룹,28917,337,29254,37879,350,38229,1,1,831,0,2,831,9,0,9,1158,710,1868,1569,0,38229,1471,26.0,1868,38229,5.099999904632568
2021,101,나사렛대학교,대학,사립,충남,B그룹,196219,111878,308097,288300,118358,406658,15,12,166155,3,30,166155,134,3,137,11336,1440,12776,10539,0,406658,5440,74.80000305175781,12776,406658,3.200000047683716
2021,102,나주대학교,전문대학,사립,전남,C그룹,23959,220,24179,30920,299,31219,0,0,2449,1,1,2449,108,1,109,2449,485,2934,2934,0,31219,1903,16.399999618530273,2934,31219,10.399999618530272
2021,103,남부대학교,대학,사립,광주,C그룹,93368,9000,102368,111244,9168,120412,15,10,62864,2,27,62864,122,6,128,10763,1631,12394,5803,0,120412,3433,35.099998474121094,12394,120412,11.5
2021,104,남서울대학교,대학,사립,충남,B그룹,316379,159009,475388,647957,245653,893610,12,18,163297,0,30,163297,620,28,648,23405,1082,24487,16644,0,893610,10078,88.69999694824219,24487,893610,2.799999952316284
2021,105,농협대학교,전문대학,사립,경기,C그룹,33010,4502,37512,39556,4905,44461,2,0,1204,0,2,1204,32,3,35,1175,128,1303,963,863,44461,444,100.0999984741211,1303,44461,3.0
2021,106,능인대학원대학교,대학원대학,사립,경기,-,4031,247,4278,5316,675,5991,3,2,46363,0,5,46363,21,0,21,46,973,1019,470,0,5991,80,74.9000015258789,1019,5991,20.5
2021,107,단국대학교,대학,사립,경기,A그룹,984398,292299,1276697,1521705,476656,1998361,24,20,124201,4,48,124201,1070,134,1204,28147,5273,33420,25232,15188,1998361,26716,74.80000305175781,33420,1998361,1.7000000476837158
2021,108,대경대학교,전문대학,사립,경북,B그룹,53132,4485,57617,149252,4883,154135,0,14,26410,2,16,26410,51,1,52,4894,458,5352,2171,0,154135,4072,37.900001525878906,5352,154135,3.5999999046325684
2021,109,대구가톨릭대학교,대학,사립,경북,A그룹,539635,264767,804402,1030642,368697,1399339,42,30,99223,0,72,99223,591,65,656,22228,3638,25866,18122,13668,1399339,13771,101.5999984741211,25866,1399339,1.899999976158142
2021,110,대구경북과학기술원,대학,국립,대구,C그룹,66698,16905,83603,73024,68677,141701,42,33,320032,1,76,320032,0,0,0,4118,0,4118,3860,0,141701,1527,92.8000030517578,4118,141701,3.0
2021,111,대구공업대학교,전문대학,사립,대구,C그룹,69416,2272,71688,107142,3329,110471,0,0,13527,2,2,13527,89,0,89,2020,362,2382,2382,0,110471,1661,66.5,2382,110471,2.200000047683716
2021,112,대구과학대학교,전문대학,사립,대구,A그룹,82606,3151,85757,153961,3828,157789,2,3,13540,2,7,13540,36,0,36,4105,0,4105,3559,0,157789,4093,38.59999847412109,4105,157789,2.700000047683716
2021,113,대구교육대학교,대학,국립,대구,C그룹,146967,12866,159833,307017,23284,330301,12,11,55032,0,23,55032,488,58,546,4578,383,4961,2631,0,330301,2434,135.6999969482422,4961,330301,1.5
2021,114,대구대학교,대학,사립,경북,A그룹,552212,228441,780653,1159269,394507,1553776,14,18,73008,2,34,73008,906,12,918,18741,3771,22512,13077,51368,1553776,18521,83.9000015258789,22512,1553776,1.5
2021,115,대구미래대학교,전문대학,사립,경북,C그룹,0,0,0,0,0,0,0,0,0,0,0,0,0,0,0,0,0,0,0,0,0,0,0.0,0,0,0.0
2021,116,대구보건대학교,전문대학,사립,대구,A그룹,97265,17617,114882,226346,21341,247687,2,5,26123,0,7,26123,109,14,123,7644,66,7710,4780,0,247687,6959,35.599998474121094,7710,247687,3.200000047683716
2021,117,대구사이버대학교,대학,사립,경북,C그룹,16696,0,16696,17463,0,17463,6,0,16696,0,6,16696,0,0,0,370,0,370,316,0,17463,4136,4.199999809265137,370,17463,2.200000047683716
2021,118,대구예술대학교,대학,사립,경북,C그룹,49968,1156,51124,120208,1933,122141,0,0,14525,0,0,14525,87,4,91,2039,0,2039,1016,0,122141,948,128.8000030517578,2039,122141,1.7000000476837158
2021,119,대구외국어대학교,대학,사립,경북,C그룹,0,0,0,0,0,0,0,0,0,0,0,0,0,0,0,0,0,0,0,0,0,0,0.0,0,0,0.0
2021,120,대구한의대학교,대학,사립,경북,B그룹,268002,95587,363589,503243,139255,642498,15,15,89949,3,33,89949,283,28,311,7475,1693,9168,6505,19,642498,7166,89.69999694824219,9168,642498,1.399999976158142
2021,121,대덕대학교,전문대학,사립,대전,C그룹,77980,688,78668,186420,914,187334,2,5,47600,1,8,47600,64,1,65,4065,67,4132,3181,976,187334,3741,50.09999847412109,4132,187334,2.299999952316284
2021,122,대동대학교,전문대학,사립,부산,C그룹,49004,1053,50057,53692,1125,54817,7,7,52731,0,14,52731,55,3,58,942,79,1021,934,1410,54817,1518,36.09999847412109,1021,54817,1.899999976158142
2021,123,대림대학교,전문대학,사립,경기,A그룹,106357,48046,154403,156484,49365,205849,3,2,60682,2,7,60682,115,0,115,7419,386,7805,4258,0,205849,7325,28.100000381469727,7805,205849,3.900000095367432
2021,124,대신대학교,대학,사립,경북,C그룹,81365,10995,92360,102648,11659,114307,5,5,8323,0,10,8323,169,5,174,763,843,1606,1510,0,114307,611,187.1000061035156,1606,114307,1.399999976158142
2021,125,대원대학교,전문대학,사립,충북,C그룹,60005,3593,63598,89828,4090,93918,2,0,13103,2,4,13103,110,0,110,3226,495,3721,3408,0,93918,2400,39.09999847412109,3721,93918,4.099999904632568
2021,126,대전가톨릭대학교,대학,사립,세종,C그룹,91192,37790,128982,110481,39010,149491,0,3,2250,0,3,2250,114,45,159,665,2944,3609,2985,40,149491,76,1967.0,3609,149491,2.5
2021,127,대전과학기술대학교,전문대학,사립,대전,B그룹,81664,99378,181042,183889,170239,354128,10,6,51271,3,19,51271,100,0,100,2567,1565,4132,2257,0,354128,4446,79.69999694824219,4132,354128,1.2000000476837158
2021,128,대전대학교,대학,사립,대전,B그룹,430703,121451,552154,647862,167013,814875,15,19,133543,9,43,133543,299,12,311,26164,2996,29160,25206,0,814875,9759,83.5,29160,814875,3.700000047683716
2021,129,대전보건대학교,전문대학,사립,대전,A그룹,103704,31031,134735,210904,33990,244894,7,18,93246,0,25,93246,82,0,82,4389,2527,6916,4664,0,244894,5697,43.0,6916,244894,2.900000095367432
2021,130,대전신학대학교,대학,사립,대전,C그룹,41114,9289,50403,66566,11679,78245,0,1,4338,0,1,4338,103,0,103,338,116,454,382,0,78245,182,429.8999938964844,454,78245,0.6000000238418579
2021,131,대진대학교,대학,사립,경기,B그룹,286931,93713,380644,566944,145350,712294,17,21,83232,7,45,83232,263,6,269,18037,1458,19495,13740,0,712294,7851,90.6999969482422,19495,712294,2.799999952316284
2021,132,대한신학대학원대학교,대학원대학,사립,경기,-,7407,1931,9338,13167,2700,15867,0,0,0,0,0,0,0,0,0,10,0,10,2,0,15867,245,64.80000305175781,10,15867,0.1000000014901161
2021,133,덕성여자대학교,대학,사립,서울,B그룹,398725,75011,473736,640502,127559,768061,22,21,61949,6,49,61949,446,61,507,11279,2460,13739,10724,11836,768061,5806,132.3000030517578,13739,768061,1.7999999523162842
2021,134,동강대학교,전문대학,사립,광주,B그룹,114574,8646,123220,162203,10106,172309,1,0,19866,1,2,19866,71,0,71,3734,246,3980,3346,0,172309,3133,55.0,3980,172309,2.400000095367432
2021,135,동국대학교,대학,사립,서울,A그룹,828871,340403,1169274,1219507,415152,1634659,38,40,210268,0,78,210268,649,381,1030,25188,5901,31089,26855,2109,1634659,17539,93.1999969482422,31089,1634659,1.899999976158142
2021,136,동국대학교 WISE캠퍼스,대학,사립,경북,B그룹,431473,85773,517246,669162,128356,797518,16,20,58121,2,38,58121,1047,81,1128,10848,2339,13187,12811,15810,797518,8285,96.3000030517578,13187,797518,1.7000000476837158
2021,137,동남보건대학교,전문대학,사립,경기,A그룹,59243,6756,65999,145798,7867,153665,2,5,23025,1,8,23025,22,0,22,100,42,142,32,0,153665,4794,32.099998474121094,142,153665,0.1000000014901161
2021,138,동덕여자대학교,대학,사립,서울,B그룹,203675,123435,327110,408744,145547,554291,17,22,131918,2,41,131918,323,122,445,42795,1896,44691,38918,19954,554291,7211,76.9000015258789,44691,554291,8.800000190734863
2021,139,동명대학교,대학,사립,부산,B그룹,383880,46187,430067,507562,52416,559978,7,9,34752,0,16,34752,37,9,46,17030,2162,19192,16114,0,559978,8135,68.80000305175781,19192,559978,3.5
2021,140,동방문화대학원대학교,대학원대학,사립,서울,-,20088,4126,24214,21841,4252,26093,12,6,47399,1,19,47399,11,0,11,62,771,833,604,534,26093,301,86.69999694824219,833,26093,3.299999952316284
2021,141,동부산대학교,전문대학,사립,부산,C그룹,0,0,0,0,0,0,0,0,0,0,0,0,0,0,0,0,0,0,0,0,0,0,0.0,0,0,0.0
2021,142,동서대학교,대학,사립,부산,B그룹,346768,114677,461445,667191,142519,809710,15,16,189641,0,31,189641,283,64,347,26023,5304,31327,30964,73,809710,10710,75.5999984741211,31327,809710,4.0
2021,143,동서울대학교,전문대학,사립,경기,A그룹,119373,9045,128418,222501,10374,232875,3,4,57695,3,10,57695,77,0,77,6053,2,6055,3464,1502,232875,6045,38.5,6055,232875,2.700000047683716
2021,144,동신대학교,대학,사립,전남,B그룹,473933,132310,606243,592875,148120,740995,8,17,40122,5,30,40122,235,26,261,14826,1764,16590,15462,0,740995,6817,108.6999969482422,16590,740995,2.299999952316284
2021,145,동아대학교,대학,사립,부산,A그룹,585594,257353,842947,1050016,368491,1418507,31,19,97208,0,50,97208,314,121,435,16217,4831,21048,12402,0,1418507,20331,69.80000305175781,21048,1418507,1.5
2021,146,동아방송예술대학교,전문대학,사립,경기,B그룹,64942,18417,83359,93528,18698,112226,7,11,68828,0,18,68828,65,0,65,5792,653,6445,4199,0,112226,3104,36.20000076293945,6445,112226,6.099999904632568
2021,147,동아보건대학교,전문대학,사립,전남,C그룹,46753,0,46753,61880,0,61880,7,7,53905,0,14,53905,40,0,40,657,1321,1978,1978,221,61880,1699,36.400001525878906,1978,61880,3.299999952316284
2021,148,동양대학교,대학,사립,경북,C그룹,155045,64474,219519,276581,80223,356804,12,8,80911,4,24,80911,70,0,70,9337,480,9817,7845,0,356804,4200,85.0,9817,356804,2.799999952316284
2021,149,동양미래대학교,전문대학,사립,서울,A그룹,169020,19061,188081,256860,24865,281725,5,4,25218,2,11,25218,208,22,230,5856,0,5856,5682,0,281725,5854,48.09999847412109,5856,281725,2.0999999046325684
2021,150,동우대학,전문대학,사립,강원,B그룹,0,0,0,0,0,0,0,0,0,0,0,0,0,0,0,0,0,0,0,0,0,0,0.0,0,0,0.0
2021,151,동원과학기술대학교,전문대학,사립,경남,B그룹,48506,1898,50404,80327,2195,82522,1,0,0,0,1,0,54,0,54,2823,0,2823,1452,657,82522,2285,36.09999847412109,2823,82522,3.5
2021,152,동원대학교,전문대학,사립,경기,B그룹,91739,2102,93841,133497,3363,136860,0,1,18786,0,1,18786,39,0,39,3910,3,3913,3541,0,136860,3514,38.900001525878906,3913,136860,2.900000095367432
2021,153,동의과학대학교,전문대학,사립,부산,B그룹,97173,5704,102877,166801,7239,174040,4,3,14791,1,8,14791,104,11,115,5263,51,5314,3814,0,174040,5307,32.79999923706055,5314,174040,3.0999999046325684
2021,154,동의대학교,대학,사립,부산,A그룹,452620,172028,624648,952937,295133,1248070,16,19,86097,4,39,86097,533,15,548,28460,1627,30087,23995,0,1248070,15711,79.4000015258789,30087,1248070,2.5
2021,155,두원공과대학교,전문대학,사립,경기,B그룹,62791,9193,71984,122476,10606,133082,2,3,4932,0,5,4932,149,0,149,1470,0,1470,380,6866,133082,4222,31.5,1470,133082,1.100000023841858
2021,156,디지털서울문화예술대학교,대학,사립,서울,C그룹,2851,0,2851,10407,0,10407,2,5,2851,0,7,2851,0,0,0,272,0,272,224,0,10407,3553,2.900000095367432,272,10407,2.700000047683716
2021,157,루터대학교,대학,사립,경기,C그룹,23193,7825,31018,30433,9892,40325,2,16,2360,1,19,2360,51,46,97,1892,12,1904,1598,0,40325,411,98.0999984741211,1904,40325,5.0
2021,158,마산대학교,전문대학,사립,경남,A그룹,101141,2694,103835,195459,2944,198403,9,8,83093,0,17,83093,127,0,127,7869,0,7869,4887,0,198403,5571,35.599998474121094,7869,198403,4.099999904632568
2021,159,명신대학교,대학,사립,전남,C그룹,0,0,0,0,0,0,0,0,0,0,0,0,0,0,0,0,0,0,0,0,0,0,0.0,0,0,0.0
2021,160,명지대학교,대학,사립,서울,A그룹,668280,291238,959518,1218318,360348,1578666,12,15,257724,4,31,257724,1171,56,1227,17871,2797,20668,18073,0,1578666,15634,101.0,20668,1578666,1.2999999523162842
2021,161,명지전문대학,전문대학,사립,서울,A그룹,129027,12422,141449,239169,14820,253989,6,7,58057,3,16,58057,89,6,95,8729,312,9041,7869,10,253989,7068,35.900001525878906,9041,253989,3.700000047683716
2021,162,목원대학교,대학,사립,대전,B그룹,247255,172982,420237,468129,226231,694360,16,19,137189,7,42,137189,306,28,334,17165,1740,18905,13866,129,694360,8276,83.9000015258789,18905,694360,2.799999952316284
2021,163,목포가톨릭대학교,대학,사립,전남,C그룹,36584,3462,40046,46842,3538,50380,10,9,51686,0,19,51686,10,1,11,1132,137,1269,1076,0,50380,509,99.0,1269,50380,2.5999999046325684
2021,164,목포과학대학교,전문대학,사립,전남,B그룹,62312,4472,66784,70362,5718,76080,3,0,6378,0,3,6378,12,0,12,1493,0,1493,1287,0,76080,2334,32.599998474121094,1493,76080,2.0
2021,165,문경대학교,전문대학,사립,경북,C그룹,32998,294,33292,41974,325,42299,0,2,2468,0,2,2468,37,1,38,664,0,664,542,0,42299,890,47.5,664,42299,1.600000023841858
2021,166,배재대학교,대학,사립,대전,B그룹,226326,216911,443237,502541,269823,772364,12,12,214511,4,28,214511,233,25,258,20581,2252,22833,12490,25,772364,8915,86.5999984741211,22833,772364,3.0
2021,167,배화여자대학교,전문대학,사립,서울,B그룹,72742,5691,78433,146072,7267,153339,2,0,6316,2,4,6316,35,3,38,3195,418,3613,1648,4863,153339,2874,53.400001525878906,3613,153339,2.400000095367432
2021,168,백석대학교,대학,사립,충남,A그룹,415354,365969,781323,774875,409321,1184196,8,6,452407,4,18,452407,214,28,242,33274,1967,35241,34742,36429,1184196,14059,84.19999694824219,35241,1184196,3.0999999046325684
2021,169,백석문화대학교,전문대학,사립,충남,A그룹,83430,15246,98676,166613,20629,187242,0,0,18432,6,6,18432,18,0,18,4435,153,4588,3850,11812,187242,5754,32.5,4588,187242,2.5
2021,170,백석예술대학,전문대학,사립,서울,A그룹,0,0,0,0,0,0,0,0,0,0,0,0,0,0,0,0,0,0,0,0,0,0,0.0,0,0,0.0
2021,171,백제예술대학교,전문대학,사립,전북,C그룹,32492,1298,33790,44725,2241,46966,0,0,2025,0,0,2025,17,0,17,447,0,447,447,0,46966,1214,38.70000076293945,447,46966,1.0
2021,172,베뢰아국제대학원대학교,대학원대학,사립,서울,-,18120,184,18304,37808,220,38028,0,0,0,0,0,0,14,14,28,169,7,176,92,0,38028,56,679.0999755859375,176,38028,0.5
2021,173,벽성대학,전문대학,사립,전북,C그룹,0,0,0,0,0,0,0,0,0,0,0,0,0,0,0,0,0,0,0,0,0,0,0.0,0,0,0.0
2021,174,부산가톨릭대학교,대학,사립,부산,C그룹,192911,107104,300015,282582,116754,399336,8,13,84877,0,21,84877,408,15,423,3918,3716,7634,6650,0,399336,4085,97.8000030517578,7634,399336,1.899999976158142
2021,175,부산경상대학교,전문대학,사립,부산,B그룹,89593,2943,92536,129346,3081,132427,0,1,8076,1,2,8076,92,0,92,2691,437,3128,2656,0,132427,2625,50.400001525878906,3128,132427,2.400000095367432
2021,176,부산과학기술대학교,전문대학,사립,부산,B그룹,106849,4004,110853,161160,4399,165559,1,2,17694,0,3,17694,120,0,120,5792,0,5792,3376,0,165559,3563,46.5,5792,165559,3.5999999046325684
2021,177,부산교육대학교,대학,국립,부산,C그룹,170071,14631,184702,318167,17979,336146,12,10,23952,1,23,23952,224,20,244,9328,438,9766,4384,0,336146,2457,136.8000030517578,9766,336146,3.0
2021,178,부산대학교,대학,국립,부산,A그룹,766651,405119,1171770,1697955,853792,2551747,50,55,676616,5,110,676616,657,508,1165,49638,7012,56650,43800,52934,2551747,27831,91.6999969482422,56650,2551747,2.299999952316284
2021,179,부산디지털대학교,대학,사립,부산,C그룹,3210,0,3210,3446,0,3446,1,0,1321,0,1,1321,0,0,0,432,0,432,344,0,3446,2442,1.399999976158142,432,3446,14.300000190734863
2021,180,부산보건대학교,전문대학,사립,부산,B그룹,81537,13097,94634,104219,17440,121659,7,5,80100,0,12,80100,163,0,163,2931,824,3755,3147,996,121659,3101,39.20000076293945,3755,121659,3.200000047683716
2021,181,부산여자대학교,전문대학,사립,부산,C그룹,116915,25847,142762,135723,30635,166358,5,7,691,0,12,691,103,7,110,2526,268,2794,2633,0,166358,2677,62.09999847412109,2794,166358,1.7000000476837158
2021,182,부산예술대학교,전문대학,사립,부산,C그룹,9812,0,9812,14099,0,14099,0,0,0,0,0,0,0,0,0,379,87,466,440,0,14099,682,20.700000762939453,466,14099,3.400000095367432
2021,183,부산외국어대학교,대학,사립,부산,B그룹,295704,210182,505886,546196,298876,845072,15,14,111471,6,35,111471,379,19,398,17642,3405,21047,17079,1954,845072,8570,98.5999984741211,21047,845072,2.5999999046325684
2021,184,부산장신대학교,대학,사립,경남,C그룹,40727,5220,45947,61749,6662,68411,3,6,4948,1,10,4948,49,0,49,788,60,848,701,0,68411,417,164.10000610351562,848,68411,1.2999999523162842
2021,185,부천대학교,전문대학,사립,경기,A그룹,179918,21050,200968,284617,25851,310468,11,10,44317,0,21,44317,71,27,98,10978,124,11102,7837,0,310468,7705,40.29999923706055,11102,310468,3.700000047683716
2021,186,삼육대학교,대학,사립,서울,B그룹,228173,72813,300986,360426,132664,493090,10,22,95145,4,36,95145,51,35,86,13067,1272,14339,10692,62,493090,5975,82.5,14339,493090,3.0
2021,187,삼육보건대학교,전문대학,사립,서울,C그룹,49422,1826,51248,62726,2696,65422,1,2,4970,0,3,4970,143,0,143,2529,170,2699,2620,0,65422,1331,49.20000076293945,2699,65422,4.300000190734863
2021,188,상명대학교,대학,사립,서울,A그룹,483193,177655,660848,941588,248098,1189686,27,30,215701,6,63,215701,323,83,406,27053,10691,37744,19981,16225,1189686,13594,87.5,37744,1189686,3.299999952316284
2021,189,상지대학교,대학,사립,강원,B그룹,305982,24985,330967,669894,47086,716980,15,11,60180,6,32,60180,463,1,464,7118,1038,8156,5011,0,716980,8273,86.69999694824219,8156,716980,1.2000000476837158
2021,190,상지영서대학교,전문대학,사립,강원,B그룹,0,0,0,0,0,0,0,0,0,0,0,0,0,0,0,0,0,0,0,0,0,0,0.0,0,0,0.0
2021,191,서강대학교,대학,사립,서울,A그룹,414901,469048,883949,680434,593204,1273638,42,53,319985,6,101,319985,234,172,406,31572,2265,33837,31618,24751,1273638,11053,115.1999969482422,33837,1273638,2.700000047683716
2021,192,서경대학교,대학,사립,서울,B그룹,318662,49585,368247,560617,71096,631713,11,7,74741,3,21,74741,300,50,350,28059,818,28877,26610,0,631713,6665,94.8000030517578,28877,631713,4.800000190734863
2021,193,서남대학교,대학,사립,전북,C그룹,0,0,0,0,0,0,0,0,0,0,0,0,0,0,0,0,0,0,0,0,0,0,0.0,0,0,0.0
2021,194,서라벌대학교,전문대학,사립,경북,C그룹,31530,4148,35678,108561,16526,125087,1,2,3389,0,3,3389,73,0,73,1091,0,1091,766,0,125087,633,197.6000061035156,1091,125087,0.8999999761581421
2021,195,서영대학교,전문대학,사립,광주,A그룹,83237,3222,86459,106313,3555,109868,1,6,25008,1,8,25008,169,0,169,4516,0,4516,3709,0,109868,5221,21.0,4516,109868,4.300000190734863
2021,196,서울과학기술대학교,대학,국립,서울,A그룹,275226,110562,385788,654964,129238,784202,35,35,73120,4,74,73120,390,21,411,22338,1764,24102,14159,0,784202,12176,64.4000015258789,24102,784202,3.200000047683716
2021,197,서울과학종합대학원대학교,대학원대학,사립,서울,-,1672,244,1916,2597,322,2919,10,7,66776,0,17,66776,0,0,0,41,3,44,7,0,2919,533,5.5,44,2919,1.5
2021,198,서울교육대학교,대학,국립,서울,C그룹,158264,25497,183761,276002,35810,311812,18,12,92267,0,30,92267,200,0,200,4966,1254,6220,5627,18747,311812,2853,109.3000030517578,6220,311812,2.0
2021,199,서울기독대학교,대학,사립,서울,C그룹,32930,12977,45907,40779,15336,56115,9,8,6941,0,17,6941,50,0,50,600,64,664,561,0,56115,704,79.69999694824219,664,56115,1.2000000476837158
2021,200,서울대학교,대학,국립,서울,A그룹,749861,1687720,2437581,2148301,2961641,5109942,90,101,758709,0,191,758709,1333,1897,3230,37050,53650,90700,56367,94310,5109942,27813,183.6999969482422,90700,5109942,1.7999999523162842
2021,201,서울디지털대학교,대학,사립,서울,A그룹,21557,0,21557,73268,0,73268,0,1,20469,0,1,20469,0,0,0,35068,0,35068,7585,0,73268,9880,7.400000095367432,35068,73268,91.8000030517578
2021,202,서울미디어대학원대학교,대학원대학,사립,서울,-,4128,1207,5335,4563,1369,5932,0,1,0,0,1,0,10,0,10,319,59,378,372,0,5932,140,42.400001525878906,378,5932,6.800000190734863
2021,203,서울벤처대학원대학교,대학원대학,사립,서울,-,1077,390,1467,2388,1146,3534,0,0,0,0,0,0,0,0,0,0,0,0,0,0,3534,250,14.100000381469728,0,3534,0.0
2021,204,서울불교대학원대학교,대학원대학,사립,서울,-,7979,2413,10392,7979,2413,10392,0,2,0,0,2,0,2,0,2,192,0,192,192,2,10392,181,57.400001525878906,192,10392,1.899999976158142
2021,205,서울사이버대학교,대학,사립,서울,A그룹,2036,10325,12361,7933,50975,58908,0,3,53011,0,3,53011,0,0,0,0,0,0,0,0,58908,12332,4.800000190734863,0,58908,0.0
2021,206,서울사회복지대학원대학교,대학원대학,사립,서울,-,5772,0,5772,5934,0,5934,0,0,0,0,0,0,1,0,1,8,216,224,223,0,5934,171,34.70000076293945,224,5934,3.900000095367432
2021,207,서울상담심리대학원대학교,대학원대학,사립,서울,-,6968,425,7393,8273,440,8713,4,1,0,0,5,0,25,0,25,265,123,388,335,0,8713,125,69.69999694824219,388,8713,4.699999809265137
2021,208,서울성경신학대학원대학교,대학원대학,사립,서울,-,15724,1498,17222,20309,2250,22559,9,7,47154,0,16,47154,53,7,60,307,579,886,733,270,22559,104,216.8999938964844,886,22559,4.099999904632568
2021,209,서울시립대학교,대학,공립,서울,A그룹,442219,169213,611432,837958,286424,1124382,28,58,318357,4,90,318357,451,166,617,25128,1202,26330,18417,0,1124382,11762,95.5999984741211,26330,1124382,2.400000095367432
2021,210,서울신학대학교,대학,사립,경기,C그룹,117442,114581,232023,218956,134582,353538,3,19,54491,2,24,54491,44,2,46,990,1215,2205,1827,0,353538,3032,116.5999984741211,2205,353538,0.6000000238418579
2021,211,서울여자간호대학교,전문대학,사립,서울,C그룹,26717,1435,28152,37114,1782,38896,10,9,49707,0,19,49707,49,3,52,1414,332,1746,1297,0,38896,934,41.59999847412109,1746,38896,4.699999809265137
2021,212,서울여자대학교,대학,사립,서울,B그룹,361915,148856,510771,531764,178779,710543,22,17,321852,3,42,321852,95,49,144,9941,1746,11687,8607,50871,710543,7392,96.0999984741211,11687,710543,1.7000000476837158
2021,213,서울예술대학교,전문대학,사립,경기,B그룹,63749,10511,74260,96750,11424,108174,3,4,76791,4,11,76791,76,34,110,3867,207,4074,3131,0,108174,3101,34.900001525878906,4074,108174,3.900000095367432
2021,214,서울외국어대학원대학교,대학원대학,사립,서울,-,1871,655,2526,2688,710,3398,0,0,0,0,0,0,0,0,0,0,7,7,6,0,3398,195,17.399999618530273,7,3398,0.2000000029802322
2021,215,서울장신대학교,대학,사립,경기,C그룹,65572,7577,73149,86254,40522,126776,5,8,41270,1,14,41270,130,2,132,1788,5,1793,1624,296,126776,804,157.6999969482422,1793,126776,1.399999976158142
2021,216,서울한영대학교,대학,사립,서울,C그룹,48547,32238,80785,84989,48874,133863,6,5,3779,0,11,3779,140,11,151,1147,1131,2278,1976,1,133863,925,144.6999969482422,2278,133863,1.7000000476837158
2021,217,서원대학교,대학,사립,충북,B그룹,338210,80819,419029,615885,114729,730614,12,14,81597,0,26,81597,416,20,436,18309,3674,21983,19751,10104,730614,7028,104.0,21983,730614,3.0999999046325684
2021,218,서일대학교,전문대학,사립,서울,A그룹,113160,15718,128878,175357,16949,192306,7,7,18600,4,18,18600,100,0,100,6360,43,6403,5539,0,192306,6055,31.799999237060547,6403,192306,3.400000095367432
2021,219,서정대학교,전문대학,사립,경기,A그룹,51215,15536,66751,74940,18672,93612,0,1,49130,1,2,49130,48,0,48,2605,3030,5635,5635,0,93612,5412,17.299999237060547,5635,93612,6.400000095367432
2021,220,서해대학,전문대학,사립,전북,C그룹,0,0,0,0,0,0,0,0,0,0,0,0,0,0,0,0,0,0,0,0,0,0,0.0,0,0,0.0
2021,221,선교청대학교,대학,사립,충남,C그룹,0,0,0,0,0,0,0,0,0,0,0,0,0,0,0,0,0,0,0,0,0,0,0.0,0,0,0.0
2021,222,선린대학교,전문대학,사립,경북,C그룹,53836,2593,56429,83457,3321,86778,2,0,15349,0,2,15349,65,0,65,2651,0,2651,2466,0,86778,2330,37.20000076293945,2651,86778,3.200000047683716
2021,223,선문대학교,대학,사립,충남,B그룹,333395,114952,448347,590746,145505,736251,17,20,84355,6,43,84355,255,45,300,20447,3245,23692,12959,0,736251,9606,76.5999984741211,23692,736251,3.299999952316284
2021,224,선학유피대학원대학교,대학원대학,사립,경기,-,24709,7241,31950,33913,8323,42236,4,5,46363,1,10,46363,20,3,23,402,456,858,669,818,42236,60,703.9000244140625,858,42236,2.0999999046325684
2021,225,성결대학교,대학,사립,경기,B그룹,248373,129630,378003,431341,148334,579675,7,20,127227,6,33,127227,113,61,174,6442,609,7051,5903,0,579675,5802,99.9000015258789,7051,579675,1.2000000476837158
2021,226,성공회대학교,대학,사립,서울,C그룹,129883,82677,212560,166539,101938,268477,16,15,110977,2,33,110977,73,27,100,2733,336,3069,2634,40,268477,2439,110.0999984741211,3069,268477,1.2000000476837158
2021,227,성균관대학교,대학,사립,서울,A그룹,729907,557190,1287097,1333206,822639,2155845,46,63,660184,7,116,660184,187,162,349,41830,7266,49096,27448,1554,2155845,27100,79.5999984741211,49096,2155845,2.299999952316284
2021,228,성산효대학원대학교,대학원대학,사립,인천,-,21835,5493,27328,22209,5493,27702,1,0,0,0,1,0,18,0,18,243,226,469,456,0,27702,205,135.10000610351562,469,27702,1.7000000476837158
2021,229,성서침례대학원대학교,대학원대학,사립,경기,-,17066,6210,23276,17089,6210,23299,0,0,0,0,0,0,35,12,47,125,576,701,700,493,23299,35,665.7000122070312,701,23299,3.0999999046325684
2021,230,성신여자대학교,대학,사립,서울,A그룹,384195,218679,602874,730015,263864,993879,20,20,145420,5,45,145420,182,66,248,20074,1873,21947,20659,0,993879,9643,103.0999984741211,21947,993879,2.299999952316284
2021,231,성운대학교,전문대학,사립,경북,C그룹,26861,5467,32328,47017,5467,52484,0,0,10720,0,0,10720,34,0,34,2324,500,2824,1975,0,52484,1602,32.79999923706055,2824,52484,5.699999809265137
2021,232,성화대학,전문대학,사립,전남,B그룹,0,0,0,0,0,0,0,0,0,0,0,0,0,0,0,0,0,0,0,0,0,0,0.0,0,0,0.0
2021,233,세경대학교,전문대학,사립,강원,C그룹,45330,1469,46799,47002,1469,48471,0,2,9268,0,2,9268,73,0,73,1416,8,1424,1424,0,48471,1040,46.59999847412109,1424,48471,3.0
2021,234,세계사이버대학,기타,기타,경기,-,0,0,0,0,0,0,0,0,0,0,0,0,0,0,0,0,0,0,0,0,0,0,0.0,0,0,0.0
2021,235,세명대학교,대학,사립,충북,B그룹,286082,69673,355755,544535,104122,648657,9,16,76942,3,28,76942,120,24,144,15144,2206,17350,13383,41103,648657,8084,80.19999694824219,17350,648657,2.700000047683716
2021,236,세종대학교,대학,사립,서울,A그룹,375584,202319,577903,653722,311133,964855,31,29,95438,4,64,95438,165,77,242,7975,1268,9243,8639,0,964855,14454,66.80000305175781,9243,964855,1.0
2021,237,세한대학교,대학,사립,충남,C그룹,170569,55811,226380,267210,77072,344282,9,9,90879,3,21,90879,52,1,53,9949,802,10751,8871,0,344282,3984,86.4000015258789,10751,344282,3.200000047683716
2021,238,송곡대학교,전문대학,사립,강원,C그룹,15130,43,15173,17306,97,17403,9,0,6582,0,9,6582,13,0,13,1042,359,1401,1350,0,17403,635,27.399999618530277,1401,17403,8.800000190734863
2021,239,송원대학교,대학,사립,광주,C그룹,119866,21261,141127,232171,26509,258680,13,12,81176,4,29,81176,99,2,101,8714,954,9668,9080,30000,258680,3066,84.4000015258789,9668,258680,3.900000095367432
2021,240,송호대학교,전문대학,사립,강원,C그룹,28680,1581,30261,43729,2236,45965,0,2,2988,0,2,2988,37,0,37,456,13,469,428,0,45965,946,48.59999847412109,469,45965,1.0
2021,241,수도국제대학원대학교,대학원대학,사립,서울,-,18711,4082,22793,19267,4085,23352,0,0,0,0,0,0,29,0,29,38,44,82,79,55,23352,372,62.79999923706055,82,23352,0.4000000059604645
2021,242,수성대학교,전문대학,사립,대구,B그룹,77945,2679,80624,125463,3601,129064,4,3,16095,1,8,16095,49,0,49,5235,139,5374,3864,0,129064,3484,37.0,5374,129064,4.300000190734863
2021,243,수원가톨릭대학교,대학,사립,경기,C그룹,64208,25398,89606,101640,39191,140831,12,10,47946,0,22,47946,155,110,265,2593,1375,3968,3221,0,140831,170,828.4000244140625,3968,140831,2.900000095367432
2021,244,수원과학대학교,전문대학,사립,경기,B그룹,124582,7791,132373,218074,9667,227741,2,4,29557,2,8,29557,122,2,124,6342,84,6426,5147,6055,227741,5981,38.09999847412109,6426,227741,2.900000095367432
2021,245,수원대학교,대학,사립,경기,B그룹,298507,148148,446655,672787,274254,947041,13,12,118783,4,29,118783,234,5,239,5989,4113,10102,8884,0,947041,9876,95.9000015258789,10102,947041,1.100000023841858
2021,246,수원여자대학교,전문대학,사립,경기,B그룹,75561,5409,80970,186185,10897,197082,8,10,52961,1,19,52961,81,0,81,6166,0,6166,9431,0,197082,4367,45.09999847412109,6166,197082,3.200000047683716
2021,247,숙명여자대학교,대학,사립,서울,A그룹,429443,279532,708975,962855,325959,1288814,33,37,158054,3,73,158054,398,114,512,28133,2268,30401,22330,411,1288814,12391,104.0,30401,1288814,2.400000095367432
2021,248,순복음대학원대학교,대학원대학,사립,서울,-,17145,243,17388,28608,0,28608,0,0,0,0,0,0,51,0,51,0,206,206,187,0,28608,116,246.6000061035156,206,28608,0.699999988079071
2021,249,순복음총회신학교,대학,사립,충북,C그룹,13820,0,13820,25247,0,25247,0,0,0,0,0,0,0,0,0,0,0,0,0,0,25247,185,136.5,0,25247,0.0
2021,250,순천제일대학교,전문대학,사립,전남,B그룹,69940,866,70806,113944,1314,115258,0,1,6376,0,1,6376,28,0,28,3776,653,4429,4320,0,115258,2551,45.20000076293945,4429,115258,4.0
2021,251,순천향대학교,대학,사립,충남,A그룹,350702,232441,583143,585149,261496,846645,37,27,246816,4,68,246816,117,11,128,17051,1604,18655,16862,0,846645,11771,71.9000015258789,18655,846645,2.299999952316284
2021,252,숭실대학교,대학,사립,서울,A그룹,431623,362078,793701,736753,404862,1141615,39,53,465839,6,98,465839,207,138,345,175915,3515,179430,160119,0,1141615,16141,70.69999694824219,179430,1141615,18.600000381469727
2021,253,숭실사이버대학교,대학,사립,서울,B그룹,2203,0,2203,9519,0,9519,7,6,48566,0,13,48566,0,0,0,0,0,0,0,0,9519,6316,1.5,0,9519,0.0
2021,254,숭의여자대학교,전문대학,사립,서울,B그룹,118213,19294,137507,170914,20982,191896,8,6,62410,2,16,62410,47,10,57,4679,151,4830,3353,0,191896,3396,56.5,4830,191896,2.5999999046325684
2021,255,신경주대학교,대학,사립,경북,C그룹,215437,34825,250262,353063,58287,411350,8,8,69903,0,16,69903,261,0,261,0,756,756,896,0,411350,1097,375.0,756,411350,0.2000000029802322
2021,256,신구대학교,전문대학,사립,경기,A그룹,125425,8431,133856,185590,9544,195134,2,1,18389,4,7,18389,58,17,75,7170,545,7715,7332,0,195134,6749,28.899999618530277,7715,195134,4.099999904632568
2021,257,신라대학교,대학,사립,부산,B그룹,270047,70426,340473,624466,117020,741486,15,16,258955,4,35,258955,145,18,163,10818,1144,11962,6268,0,741486,9607,77.19999694824219,11962,741486,1.600000023841858
2021,258,신성대학교,전문대학,사립,충남,B그룹,124430,12941,137371,169238,19923,189161,11,9,5687,0,20,5687,107,2,109,6154,451,6605,6341,2754,189161,3678,51.400001525878906,6605,189161,3.5999999046325684
2021,259,신안산대학교,전문대학,사립,경기,B그룹,86107,2081,88188,139149,2183,141332,0,0,2416,0,0,2416,77,0,77,5855,605,6460,3749,0,141332,4071,34.70000076293945,6460,141332,4.800000190734863
2021,260,신한대학교,대학,사립,경기,B그룹,257727,92735,350462,359324,94499,453823,13,13,106806,3,29,106806,254,11,265,15404,3916,19320,15645,55,453823,6754,67.19999694824219,19320,453823,4.400000095367432
2021,261,신흥대학교,전문대학,사립,경기,A그룹,0,0,0,0,0,0,0,0,0,0,0,0,0,0,0,0,0,0,0,0,0,0,0.0,0,0,0.0
2021,262,실천신학대학원대학교,대학원대학,사립,경기,-,6343,5772,12115,7432,5735,13167,0,1,0,0,1,0,11,3,14,65,0,65,65,0,13167,53,248.3999938964844,65,13167,0.5
2021,263,아신대학교,대학,사립,경기,C그룹,52552,33211,85763,88065,52952,141017,1,6,15651,0,7,15651,139,72,211,684,917,1601,1020,546,141017,1197,117.8000030517578,1601,141017,1.100000023841858
2021,264,아주대학교,대학,사립,경기,A그룹,383793,248988,632781,687652,451063,1138715,37,47,51721,3,87,51721,329,72,401,17918,2317,20235,18012,0,1138715,13356,85.30000305175781,20235,1138715,1.7999999523162842
2021,265,아주자동차대학교,전문대학,사립,충남,C그룹,0,0,0,46329,280,46609,0,0,5364,0,0,5364,64,0,64,996,20,1016,874,0,46609,910,51.20000076293945,1016,46609,2.200000047683716
2021,266,안동과학대학교,전문대학,사립,경북,B그룹,73947,2565,76512,134052,2973,137025,7,9,57273,1,17,57273,136,1,137,3883,1210,5093,4111,0,137025,2612,52.5,5093,137025,3.900000095367432
2021,267,안산대학교,전문대학,사립,경기,A그룹,105414,31110,136524,162752,34295,197047,4,7,40068,0,11,40068,159,21,180,4888,269,5157,4713,0,197047,4550,43.29999923706055,5157,197047,2.700000047683716
2021,268,안양대학교,대학,사립,경기,B그룹,273983,81423,355406,395395,86956,482351,14,9,142081,4,27,142081,86,16,102,5153,704,5857,3302,6809,482351,5329,90.5,5857,482351,1.2000000476837158
2021,269,에스라성경대학원대학교,대학원대학,사립,경기,-,3702,2180,5882,7508,2235,9743,0,0,0,0,0,0,8,0,8,124,0,124,98,0,9743,73,133.5,124,9743,1.2999999523162842
2021,270,여주대학교,전문대학,사립,경기,B그룹,138833,49019,187852,151645,49277,200922,3,1,67882,0,4,67882,36,0,36,7744,225,7969,7866,0,200922,5357,37.5,7969,200922,4.099999904632568
2021,271,연성대학교,전문대학,사립,경기,A그룹,144211,20523,164734,187480,21958,209438,9,7,33624,7,23,33624,135,5,140,4598,394,4992,4831,0,209438,6030,34.70000076293945,4992,209438,2.400000095367432
2021,272,연세대학교,대학,사립,서울,A그룹,878108,864467,1742575,1520961,1205961,2726922,64,99,365642,1,164,365642,770,637,1407,49540,16145,65685,53703,5603,2726922,30267,90.0999984741211,65685,2726922,2.5
2021,273,연세대학교(미래),대학,사립,강원,B그룹,356555,76968,433523,486289,136410,622699,32,16,225867,4,52,225867,287,33,320,21199,378,21577,15669,19756,622699,8288,75.0999984741211,21577,622699,3.5999999046325684
2021,274,연암공과대학교,전문대학,사립,경남,C그룹,52842,4086,56928,69421,5040,74461,6,2,5616,0,8,5616,93,0,93,1913,1,1914,1837,823,74461,1207,61.70000076293945,1914,74461,2.5999999046325684
2021,275,연암대학교,전문대학,사립,충남,C그룹,45765,2264,48029,67337,2858,70195,0,1,9420,0,1,9420,41,2,43,2004,560,2564,2502,0,70195,1105,63.5,2564,70195,3.799999952316284
2021,276,영남대학교,대학,사립,경북,A그룹,544985,398980,943965,1220962,642462,1863424,52,46,95777,2,100,95777,639,148,787,19385,4790,24175,20928,0,1863424,22831,81.5999984741211,24175,1863424,1.2999999523162842
2021,277,영남사이버대학교,대학,사립,경북,C그룹,0,0,0,0,0,0,0,0,0,0,0,0,0,0,0,0,0,0,0,0,0,0,0.0,0,0,0.0
2021,278,영남신학대학교,대학,사립,경북,C그룹,66434,35267,101701,96577,44378,140955,8,6,24639,0,14,24639,48,0,48,499,149,648,454,148,140955,777,181.3999938964844,648,140955,0.5
2021,279,영남외국어대학,전문대학,사립,경북,C그룹,25123,1024,26147,25606,1026,26632,0,0,1345,0,0,1345,0,0,0,0,0,0,0,0,26632,503,52.900001525878906,0,26632,0.0
2021,280,영남이공대학교,전문대학,사립,대구,A그룹,106021,4837,110858,220284,7015,227299,10,8,76316,2,20,76316,255,0,255,5970,516,6486,3958,12359,227299,5911,38.5,6486,227299,2.900000095367432
2021,281,영산대학교,대학,사립,경남,B그룹,264034,59228,323262,409524,72385,481909,14,14,59658,7,35,59658,133,4,137,6061,2966,9027,8144,0,481909,7225,66.69999694824219,9027,481909,1.899999976158142
2021,282,영산선학대학교,대학,사립,전남,C그룹,35260,2978,38238,46185,5753,51938,0,0,0,0,0,0,55,0,55,462,205,667,605,4,51938,29,1791.0,667,51938,1.2999999523162842
2021,283,영진전문대학교,전문대학,사립,대구,A그룹,156848,24222,181070,318846,36209,355055,5,12,27596,3,20,27596,181,0,181,8200,0,8200,4027,0,355055,7988,44.400001525878906,8200,355055,2.400000095367432
2021,284,예명대학원대학교,대학원대학,사립,서울,-,8265,1195,9460,15869,1516,17385,0,0,0,0,0,0,0,0,0,133,0,133,113,0,17385,240,72.4000015258789,133,17385,0.800000011920929
2021,285,예수대학교,대학,사립,전북,C그룹,33513,3219,36732,42686,3879,46565,0,9,5659,1,10,5659,21,7,28,447,295,742,673,450,46565,559,83.30000305175781,742,46565,1.600000023841858
2021,286,예원예술대학교,대학,사립,전북,C그룹,31238,149,31387,41575,189,41764,0,0,1045,0,0,1045,2,0,2,331,0,331,331,0,41764,2341,17.799999237060547,331,41764,0.800000011920929
2021,287,오산대학교,전문대학,사립,경기,A그룹,125230,6855,132085,165025,7501,172526,10,7,54305,2,19,54305,88,1,89,5588,6,5594,4797,0,172526,5158,33.400001525878906,5594,172526,3.400000095367432
2021,288,온석대학원대학교,대학원대학,사립,경기,-,12552,4448,17000,21156,9207,30363,0,0,10448,0,0,10448,0,0,0,12,0,12,12,0,30363,162,187.3999938964844,12,30363,0.0
2021,289,용인대학교,대학,사립,경기,B그룹,199489,24480,223969,383572,40657,424229,11,7,42206,3,21,42206,153,2,155,10064,271,10335,6437,0,424229,6874,61.70000076293945,10335,424229,2.5
2021,290,용인예술과학대학교,전문대학,사립,경기,B그룹,95153,12630,107783,152976,12963,165939,8,8,82263,0,16,82263,13,1,14,3929,209,4138,3891,319,165939,3902,42.5,4138,165939,2.5999999046325684
2021,291,우석대학교,대학,사립,전북,B그룹,249045,124878,373923,613284,198816,812100,13,14,100656,4,31,100656,401,6,407,9092,2728,11820,7531,0,812100,8492,95.5999984741211,11820,812100,1.5
2021,292,우송공업대학,전문대학,사립,대전,B그룹,0,0,0,0,0,0,0,0,0,0,0,0,0,0,0,0,0,0,0,0,0,0,0.0,0,0,0.0
2021,293,우송대학교,대학,사립,대전,A그룹,168669,159868,328537,445952,172612,618564,11,16,230641,1,28,230641,33,5,38,28895,5976,34871,13950,0,618564,10357,59.70000076293945,34871,618564,6.0
2021,294,우송정보대학,전문대학,사립,대전,B그룹,84592,9660,94252,162431,13724,176155,0,0,11801,0,0,11801,52,2,54,4435,384,4819,2985,0,176155,4557,38.70000076293945,4819,176155,2.799999952316284
2021,295,울산과학기술원,대학,국립,울산,C그룹,98891,140051,238942,111705,152402,264107,40,26,403143,0,66,403143,43,3,46,2937,892,3829,3404,0,264107,3953,66.80000305175781,3829,264107,1.5
2021,296,울산과학대학교,전문대학,사립,울산,A그룹,118122,3226,121348,183538,5515,189053,5,6,10647,0,11,10647,69,0,69,5850,442,6292,4407,0,189053,5719,33.099998474121094,6292,189053,3.400000095367432
2021,297,울산대학교,대학,사립,울산,A그룹,399489,203133,602622,682609,458751,1141360,52,43,170490,1,96,170490,191,26,217,10099,2212,12311,10237,2686,1141360,14081,81.0999984741211,12311,1141360,1.100000023841858
2021,298,웅지세무대학교,전문대학,사립,경기,C그룹,7902,2262,10164,7902,2262,10164,0,0,0,0,0,0,0,0,0,0,0,0,0,0,10164,1103,9.199999809265137,0,10164,0.0
2021,299,원광대학교,대학,사립,전북,A그룹,506585,241052,747637,1133282,470624,1603906,25,30,91089,3,58,91089,574,13,587,33619,3982,37601,22085,0,1603906,16431,97.5999984741211,37601,1603906,2.400000095367432
2021,300,원광보건대학교,전문대학,사립,전북,B그룹,75355,9800,85155,178688,15444,194132,5,5,19066,3,13,19066,179,5,184,4930,576,5506,2803,0,194132,4593,42.29999923706055,5506,194132,2.900000095367432
2021,301,원불교대학원대학교,대학원대학,사립,전북,-,14013,1967,15980,24509,2297,26806,0,0,0,0,0,0,45,0,45,82,531,613,461,0,26806,46,582.7000122070312,613,26806,2.299999952316284
2021,302,웨스트민스터신학대학원대학교,대학원대학,사립,경기,-,27719,7972,35691,37480,9687,47167,8,7,46363,0,15,46363,305,0,305,680,5267,5947,5418,704,47167,458,103.0,5947,47167,14.399999618530272
2021,303,위덕대학교,대학,사립,경북,C그룹,111713,61719,173432,215875,78699,294574,6,11,31214,4,21,31214,73,19,92,6148,682,6830,5099,0,294574,3260,90.4000015258789,6830,294574,2.400000095367432
2021,304,유원대학교,대학,사립,충북,C그룹,214747,6553,221300,403043,10519,413562,1,4,59598,3,8,59598,61,1,62,10985,42,11027,10077,0,413562,3739,110.5999984741211,11027,413562,2.700000047683716
2021,305,유한대학교,전문대학,사립,경기,A그룹,120224,15530,135754,197587,17311,214898,7,8,64323,0,15,64323,76,10,86,5665,139,5804,5136,0,214898,4856,44.29999923706055,5804,214898,2.799999952316284
2021,306,육군사관학교,기타,기타,서울,-,187283,81738,269021,200469,81735,282204,17,0,4708,0,17,4708,143,40,183,3321,1321,4642,4207,0,282204,0,0.0,4642,282204,1.7000000476837158
2021,307,을지대학교,대학,사립,대전,B그룹,113687,58737,172424,178514,63857,242371,17,14,84622,2,33,84622,76,0,76,4541,2811,7352,3463,0,242371,4938,49.09999847412109,7352,242371,3.0999999046325684
2021,308,이화여자대학교,대학,사립,서울,A그룹,608385,525705,1134090,1008867,738426,1747293,33,78,404449,8,119,404449,555,807,1362,35717,3486,39203,32180,8998,1747293,21050,83.0,39203,1747293,2.299999952316284
2021,309,인덕대학교,전문대학,사립,서울,A그룹,134461,41569,176030,232312,46742,279054,10,7,64595,1,18,64595,75,0,75,7907,116,8023,7810,0,279054,6382,43.70000076293945,8023,279054,3.0
2021,310,인제대학교,대학,사립,경남,B그룹,414462,168088,582550,665962,243476,909438,33,24,178341,0,57,178341,111,21,132,7699,2185,9884,7678,0,909438,10384,87.5999984741211,9884,909438,1.100000023841858
2021,311,인제대학원대학교,대학원대학,사립,서울,-,0,0,0,0,0,0,0,0,0,0,0,0,0,0,0,0,0,0,0,0,0,0,0.0,0,0,0.0
2021,312,인천가톨릭대학교,대학,사립,인천,C그룹,65880,32557,98437,94666,39055,133721,20,18,103686,1,39,103686,149,87,236,2374,1398,3772,2821,0,133721,807,165.6999969482422,3772,133721,2.900000095367432
2021,313,인천대학교,대학,국립,인천,A그룹,532529,140956,673485,1065059,211435,1276494,39,30,78021,3,72,78021,282,40,322,42566,3128,45694,25838,12825,1276494,13210,96.5999984741211,45694,1276494,3.700000047683716
2021,314,인천전문대학,전문대학,공립,인천,A그룹,0,0,0,0,0,0,0,0,0,0,0,0,0,0,0,0,0,0,0,0,0,0,0.0,0,0,0.0
2021,315,인하공업전문대학,전문대학,사립,인천,A그룹,92641,16113,108754,198821,21133,219954,6,8,62632,1,15,62632,58,10,68,7402,243,7645,3959,0,219954,6886,31.899999618530277,7645,219954,3.5999999046325684
2021,316,인하대학교,대학,사립,인천,A그룹,585060,332967,918027,1282160,405501,1687661,42,39,101063,5,86,101063,439,76,515,15263,3155,18418,13583,5386,1687661,20240,83.4000015258789,18418,1687661,1.100000023841858
2021,317,장로회신학대학교,대학,사립,서울,C그룹,158077,138146,296223,242557,179627,422184,10,7,55917,1,18,55917,150,124,274,3012,987,3999,3275,0,422184,2151,196.3000030517578,3999,422184,1.0
2021,318,장안대학교,전문대학,사립,경기,B그룹,111451,24174,135625,176368,25593,201961,10,7,75025,7,24,75025,81,9,90,5793,339,6132,5389,0,201961,5535,36.5,6132,201961,3.0999999046325684
2021,319,재능대학교,전문대학,사립,인천,B그룹,64319,821,65140,118130,1071,119201,3,5,53001,0,8,53001,85,0,85,5133,474,5607,3924,0,119201,3951,30.200000762939453,5607,119201,4.900000095367432
2021,320,전남과학대학교,전문대학,사립,전남,B그룹,104237,1092,105329,130780,1204,131984,2,1,34335,1,4,34335,100,0,100,5200,489,5689,5085,0,131984,3976,33.20000076293945,5689,131984,4.5
2021,321,전남대학교,대학,국립,광주,A그룹,859321,497046,1356367,1372261,630736,2002997,39,35,231387,0,74,231387,1159,285,1444,33159,13613,46772,32198,0,2002997,23581,84.9000015258789,46772,2002997,2.400000095367432
2021,322,전남도립대학교,전문대학,공립,전남,C그룹,68723,1263,69986,93881,1445,95326,6,2,8855,2,10,8855,146,0,146,1523,15,1538,1530,0,95326,1339,71.19999694824219,1538,95326,1.600000023841858
2021,323,전북과학대학교,전문대학,사립,전북,C그룹,49417,1594,51011,59819,4276,64095,0,11,9103,4,15,9103,120,1,121,1598,0,1598,1596,3211,64095,1717,37.29999923706055,1598,64095,2.5999999046325684
2021,324,전북대학교,대학,국립,전북,A그룹,612507,174838,787345,1415188,421247,1836435,39,37,123051,6,82,123051,139,828,967,20318,12549,32867,26474,0,1836435,21939,83.69999694824219,32867,1836435,1.7999999523162842
2021,325,전주교육대학교,대학,국립,전북,C그룹,126261,11466,137727,290817,15755,306572,10,11,49279,0,21,49279,142,37,179,4544,1962,6506,3092,0,306572,1367,224.3000030517578,6506,306572,2.200000047683716
2021,326,전주기전대학,전문대학,사립,전북,C그룹,44748,2230,46978,92010,3521,95531,0,0,8136,0,0,8136,6,0,6,2259,200,2459,2257,0,95531,1743,54.79999923706055,2459,95531,2.5999999046325684
2021,327,전주대학교,대학,사립,전북,A그룹,305077,61324,366401,542072,102691,644763,14,14,65550,5,33,65550,248,0,248,7929,2145,10074,5833,0,644763,12223,52.70000076293945,10074,644763,1.600000023841858
2021,328,전주비전대학교,전문대학,사립,전북,B그룹,76847,7103,83950,139640,8548,148188,4,5,12613,36,45,12613,32,1,33,3778,897,4675,2885,0,148188,3587,41.29999923706055,4675,148188,3.299999952316284
2021,329,제네바신학대학원대학교,대학원대학,사립,경기,-,20459,6823,27282,36759,9859,46618,0,0,0,0,0,0,59,29,88,314,2,316,283,0,46618,9,5179.7998046875,316,46618,0.699999988079071
2021,330,제주관광대학교,전문대학,사립,제주,C그룹,45107,1260,46367,76142,1520,77662,1,2,16236,0,3,16236,124,6,130,2213,157,2370,1819,0,77662,2106,36.900001525878906,2370,77662,3.0999999046325684
2021,331,제주국제대학교,대학,사립,제주,C그룹,53947,7704,61651,74273,8317,82590,0,0,6428,0,0,6428,135,0,135,0,405,405,316,0,82590,1091,75.69999694824219,405,82590,0.5
2021,332,제주대학교,대학,국립,제주,A그룹,479725,303195,782920,1017780,424360,1442140,25,36,412113,3,64,412113,415,238,653,15457,7300,22757,14865,0,1442140,11772,122.5,22757,1442140,1.600000023841858
2021,333,제주한라대학교,전문대학,사립,제주,A그룹,87703,12275,99978,131968,13980,145948,3,7,28685,1,11,28685,137,0,137,2671,0,2671,2146,0,145948,6274,23.299999237060547,2671,145948,1.899999976158142
2021,334,조선간호대학교,전문대학,사립,광주,C그룹,30192,1894,32086,34600,2031,36631,8,5,55034,0,13,55034,29,0,29,790,104,894,872,0,36631,771,47.5,894,36631,2.5
2021,335,조선대학교,대학,사립,광주,A그룹,485417,227693,713110,1007678,397335,1405013,32,29,161326,3,64,161326,140,48,188,22282,6480,28762,18843,6,1405013,21073,66.69999694824219,28762,1405013,2.0999999046325684
2021,336,조선이공대학교,전문대학,사립,광주,B그룹,64460,15666,80126,95394,20083,115477,0,0,16928,0,0,16928,37,0,37,3662,149,3811,3811,0,115477,3355,34.400001525878906,3811,115477,3.400000095367432
2021,337,주안대학원대학교,대학원대학,사립,인천,-,6466,2957,9423,11373,3255,14628,3,4,6369,0,7,6369,22,2,24,601,78,679,409,21,14628,84,174.10000610351562,679,14628,4.900000095367432
2021,338,중부대학교,대학,사립,충남,B그룹,272582,59315,331897,586333,73100,659433,14,19,151404,4,37,151404,280,0,280,23931,16116,40047,24301,0,659433,9814,67.19999694824219,40047,659433,6.5
2021,339,중앙대학교,대학,사립,서울,A그룹,521764,568343,1090107,1476756,801342,2278098,43,66,571455,2,111,571455,239,154,393,67753,3333,71086,63743,22238,2278098,29194,78.0,71086,2278098,3.200000047683716
2021,340,중앙승가대학교,대학,사립,경기,C그룹,62096,6759,68855,81211,9671,90882,3,0,272,0,3,272,1215,0,1215,0,282,282,282,0,90882,232,391.7000122070313,282,90882,0.3000000119209289
2021,341,중원대학교,대학,사립,충북,C그룹,63862,134214,198076,78569,134962,213531,11,10,174942,1,22,174942,0,0,0,1480,871,2351,1768,0,213531,4290,49.79999923706055,2351,213531,1.100000023841858
2021,342,진주교육대학교,대학,국립,경남,C그룹,155428,17155,172583,297613,19478,317091,10,7,69134,0,17,69134,33,0,33,6196,787,6983,3608,3497,317091,1697,186.8999938964844,6983,317091,2.299999952316284
2021,343,진주보건대학교,전문대학,사립,경남,B그룹,73585,715,74300,96781,853,97634,8,6,1,0,14,1,90,0,90,2578,702,3280,2394,0,97634,2878,33.900001525878906,3280,97634,3.5
2021,344,차의과학대학교,대학,사립,경기,C그룹,46728,16464,63192,88558,23838,112396,8,10,14938,0,18,14938,170,10,180,1786,11476,13262,7767,0,112396,3423,32.79999923706055,13262,112396,13.399999618530272
2021,345,창신대학교,대학,사립,경남,C그룹,100669,4334,105003,150905,5964,156869,1,18,35796,2,21,35796,84,0,84,2092,486,2578,1906,0,156869,2124,73.9000015258789,2578,156869,1.7000000476837158
2021,346,창원문성대학교,전문대학,사립,경남,C그룹,96280,2655,98935,196369,5657,202026,1,1,9243,0,2,9243,27,0,27,3319,0,3319,2098,0,202026,2712,74.5,3319,202026,1.7000000476837158
2021,347,청강문화산업대학교,전문대학,사립,경기,B그룹,98654,15818,114472,174266,16946,191212,1,13,59021,1,15,59021,103,44,147,4644,509,5153,4073,22658,191212,3842,49.79999923706055,5153,191212,2.799999952316284
2021,348,청암대학교,전문대학,사립,전남,B그룹,62054,7286,69340,76526,23346,99872,0,5,6470,2,7,6470,6,0,6,2763,0,2763,2383,0,99872,2697,37.0,2763,99872,2.799999952316284
2021,349,청운대학교,대학,사립,충남,B그룹,285024,64380,349404,589739,74466,664205,13,11,142935,5,29,142935,171,26,197,15112,1204,16316,12052,0,664205,6710,99.0,16316,664205,2.5
2021,350,청주교육대학교,대학,국립,충북,C그룹,152952,10643,163595,272701,24062,296763,3,7,14406,0,10,14406,121,20,141,3793,505,4298,3405,0,296763,1582,187.6000061035156,4298,296763,1.5
2021,351,청주대학교,대학,사립,충북,A그룹,459526,186290,645816,997799,285247,1283046,18,21,116280,3,42,116280,465,38,503,26179,2895,29074,17420,0,1283046,11650,110.0999984741211,29074,1283046,2.299999952316284
2021,352,초당대학교,대학,사립,전남,C그룹,194452,41671,236123,321851,48543,370394,11,10,54737,2,23,54737,99,9,108,16033,1904,17937,11525,0,370394,3413,108.5,17937,370394,5.099999904632568
2021,353,총신대학교,대학,사립,서울,C그룹,119838,334049,453887,283296,396005,679301,10,18,247532,2,30,247532,141,163,304,3899,1855,5754,3171,0,679301,3781,179.6999969482422,5754,679301,0.8999999761581421
2021,354,추계예술대학교,대학,사립,서울,C그룹,107366,9559,116925,131226,10252,141478,12,8,55131,3,23,55131,98,28,126,2505,95,2600,2557,0,141478,1260,112.3000030517578,2600,141478,1.899999976158142
2021,355,춘천교육대학교,대학,국립,강원,C그룹,210838,7133,217971,330020,9174,339194,9,14,9264,2,25,9264,33,0,33,5003,275,5278,3191,0,339194,1652,205.3000030517578,5278,339194,1.600000023841858
2021,356,춘해보건대학교,전문대학,사립,울산,B그룹,75988,1751,77739,87424,2200,89624,5,5,21787,0,10,21787,87,2,89,3512,359,3871,3781,0,89624,2748,32.599998474121094,3871,89624,4.5
2021,357,충남대학교,대학,국립,대전,A그룹,613996,290566,904562,1373704,473303,1847007,24,29,102195,3,56,102195,109,507,616,9008,13007,22015,16349,13193,1847007,22451,82.30000305175781,22015,1847007,1.2000000476837158
2021,358,충남도립대학교,전문대학,공립,충남,C그룹,49165,1645,50810,73091,1981,75072,0,2,1052,1,3,1052,91,2,93,2101,1452,3553,2762,0,75072,1005,74.69999694824219,3553,75072,5.0
2021,359,충북대학교,대학,국립,충북,A그룹,436929,167133,604062,1090908,256854,1347762,43,41,103738,5,89,103738,647,199,846,16765,4850,21615,13345,77,1347762,16466,81.9000015258789,21615,1347762,1.600000023841858
2021,360,충북도립대학교,전문대학,공립,충북,C그룹,41059,186,41245,69371,209,69580,0,1,3567,0,1,3567,57,0,57,2128,0,2128,1038,4737,69580,837,83.0999984741211,2128,69580,3.200000047683716
2021,361,충북보건과학대학교,전문대학,사립,충북,B그룹,77699,4084,81783,110902,4734,115636,0,2,11210,0,2,11210,144,0,144,2122,8,2130,1612,5713,115636,2690,43.0,2130,115636,1.899999976158142
2021,362,충청대학교,전문대학,사립,충북,B그룹,97422,15215,112637,156763,17396,174159,11,8,59224,4,23,59224,96,2,98,4457,71,4528,4278,0,174159,3914,44.5,4528,174159,2.700000047683716
2021,363,치유상담대학원대학교,대학원대학,사립,서울,-,13095,3136,16231,13191,3159,16350,0,2,0,0,2,0,6,0,6,161,9,170,165,0,16350,138,118.5,170,16350,1.100000023841858
2021,364,칼빈대학교,대학,사립,경기,C그룹,45326,38271,83597,77801,43185,120986,8,10,67585,0,18,67585,142,17,159,1147,1004,2151,1925,53,120986,1173,103.0999984741211,2151,120986,1.7999999523162842
2021,365,탐라대학교,대학,사립,제주,C그룹,0,0,0,0,0,0,0,0,0,0,0,0,0,0,0,0,0,0,0,0,0,0,0.0,0,0,0.0
2021,366,평택대학교,대학,사립,경기,C그룹,224681,73409,298090,345059,88252,433311,12,12,62002,1,25,62002,104,16,120,9809,2859,12668,9529,0,433311,4373,99.0999984741211,12668,433311,3.0
2021,367,포항공과대학교,대학,사립,경북,C그룹,99660,173854,273514,116377,258913,375290,36,18,676134,0,54,676134,55,22,77,3573,1661,5234,4909,102175,375290,3227,116.3000030517578,5234,375290,1.399999976158142
2021,368,포항대학교,전문대학,사립,경북,C그룹,37920,15379,53299,71241,24487,95728,0,2,1288,0,2,1288,45,0,45,925,0,925,709,0,95728,1823,52.5,925,95728,1.0
2021,369,한경국립대학교,대학,국립,경기,B그룹,240362,37027,277389,482852,49448,532300,20,12,56489,3,35,56489,280,35,315,11569,1342,12911,8745,4400,532300,6357,83.69999694824219,12911,532300,2.5
2021,370,한국개발연구원국제정책대학원대학교,대학원대학,사립,세종,-,84934,144423,229357,95684,171385,267069,7,24,499589,0,31,499589,1,12,13,1571,1609,3180,3013,0,267069,711,375.6000061035156,3180,267069,1.2000000476837158
2021,371,한국골프과학기술대학교,전문대학,사립,강원,C그룹,15114,47,15161,15863,47,15910,0,0,2220,0,0,2220,16,0,16,447,1,448,417,0,15910,441,36.09999847412109,448,15910,2.900000095367432
2021,372,한국공학대학교,대학,사립,경기,B그룹,127563,10446,138009,196850,13752,210602,15,11,81125,4,30,81125,96,11,107,5137,1133,6270,5828,0,210602,7160,29.399999618530277,6270,210602,3.0999999046325684
2021,373,한국과학기술원,대학,국립,대전,A그룹,264509,157329,421838,407698,435897,843595,64,68,517714,4,136,517714,107,18,125,36283,11492,47775,41427,487,843595,10723,78.69999694824219,47775,843595,6.0
2021,374,한국관광대학교,전문대학,사립,경기,C그룹,52820,1618,54438,96640,2059,98699,7,5,49985,1,13,49985,115,1,116,4344,454,4798,2467,0,98699,1973,50.0,4798,98699,5.099999904632568
2021,375,한국교원대학교,대학,국립,충북,B그룹,252484,110156,362640,528124,147650,675774,16,8,77272,2,26,77272,161,49,210,16327,4056,20383,14648,39865,675774,5618,120.3000030517578,20383,675774,3.0999999046325684
2021,376,한국국제대학교,대학,사립,경남,C그룹,103553,21158,124711,245954,23959,269913,3,3,35138,0,6,35138,93,0,93,0,85,85,34,0,269913,1613,167.3000030517578,85,269913,0.0
2021,377,한국기술교육대학교,대학,사립,충남,C그룹,176423,35495,211918,371151,45622,416773,16,22,67600,3,41,67600,200,48,248,15404,1119,16523,8088,15956,416773,4672,89.19999694824219,16523,416773,4.099999904632568
2021,378,한국농수산대학교,전문대학,국립,전북,C그룹,51470,4098,55568,59786,4903,64689,1,3,14742,2,6,14742,161,34,195,1041,191,1232,1077,899,64689,1673,38.70000076293945,1232,64689,1.899999976158142
2021,379,한국방송통신대학교,대학,국립,서울,A그룹,215670,104442,320112,904644,130897,1035541,8,14,77090,4,26,77090,101,6,107,9170,6279,15449,10361,64805,1035541,105671,9.800000190734863,15449,1035541,1.5
2021,380,한국복지사이버대학교,전문대학,사립,경북,B그룹,2465,5491,7956,5625,5491,11116,0,0,7956,0,0,7956,0,0,0,135,351,486,459,0,11116,1977,5.599999904632568,486,11116,4.599999904632568
2021,381,한국상담대학원대학교,대학원대학,사립,서울,-,11950,2019,13969,17197,2420,19617,11,7,0,0,18,0,0,0,0,649,482,1131,941,16,19617,159,123.4000015258789,1131,19617,6.099999904632568
2021,382,한국성서대학교,대학,사립,서울,C그룹,86717,22362,109079,134822,28974,163796,9,11,83579,4,24,83579,368,20,388,884,1970,2854,2180,3034,163796,1240,132.10000610351562,2854,163796,1.7999999523162842
2021,383,한국승강기대학교,전문대학,사립,경남,C그룹,15403,293,15696,23761,360,24121,0,0,1637,0,0,1637,0,4,4,936,0,936,863,0,24121,635,38.0,936,24121,4.0
2021,384,한국에너지공과대학교,대학,국립,전남,C그룹,0,0,0,0,0,0,0,0,0,0,0,0,0,0,0,0,0,0,0,0,0,0,0.0,0,0,0.0
2021,385,한국열린사이버대학교,대학,사립,서울,B그룹,2044,367,2411,2239,1835,4074,0,0,3879,0,0,3879,0,0,0,55,0,55,0,0,4074,5732,0.699999988079071,55,4074,1.399999976158142
2021,386,한국영상대학교,전문대학,사립,세종,B그룹,68204,1569,69773,126554,2350,128904,1,2,16190,2,5,16190,56,2,58,3553,145,3698,3584,0,128904,3410,37.79999923706055,3698,128904,3.0
2021,387,한국예술종합학교,대학,국립,서울,C그룹,154005,86159,240164,220843,101590,322433,11,7,52341,2,20,52341,165,178,343,16345,4587,20932,18152,0,322433,2763,116.6999969482422,20932,322433,6.900000095367432
2021,388,한국외국어대학교,대학,사립,서울,A그룹,584133,377855,961988,1392652,587598,1980250,36,44,163802,7,87,163802,1415,353,1768,25359,6472,31831,18740,23,1980250,19858,99.6999969482422,31831,1980250,1.600000023841858
2021,389,한국전력국제원자력대학원대학교,대학원대학,사립,울산,-,3936,4266,8202,3936,4266,8202,2,0,0,0,2,0,8,11,19,2139,15,2154,2154,0,8202,85,96.5,2154,8202,35.599998474121094
2021,390,한국전통문화대학교,대학,국립,충남,C그룹,114961,24428,139389,238820,37598,276418,6,15,21646,0,21,21646,140,64,204,8441,8551,16992,11567,0,276418,777,355.79998779296875,16992,276418,6.5
2021,391,한국정보통신대학교,대학,사립,대전,C그룹,0,0,0,0,0,0,0,0,0,0,0,0,0,0,0,0,0,0,0,0,0,0,0.0,0,0,0.0
2021,392,한국철도대학,전문대학,국립,경기,C그룹,0,0,0,0,0,0,0,0,0,0,0,0,0,0,0,0,0,0,0,0,0,0,0.0,0,0,0.0
2021,393,한국체육대학교,대학,국립,서울,C그룹,129194,17457,146651,151887,20444,172331,4,14,24245,0,18,24245,37,11,48,11909,1276,13185,11378,1859,172331,3098,55.59999847412109,13185,172331,8.300000190734863
2021,394,한국침례신학대학교,대학,사립,대전,C그룹,124370,65844,190214,182842,79052,261894,13,16,88406,2,31,88406,114,45,159,3919,523,4442,3110,2404,261894,2001,130.89999389648438,4442,261894,1.7000000476837158
2021,395,한국폴리텍Ⅰ대학서울강서캠퍼스,전문대학,사립,서울,C그룹,7186,0,7186,7302,0,7302,0,0,0,0,0,0,7,0,7,430,0,430,333,0,7302,546,13.399999618530272,430,7302,6.300000190734863
2021,396,한국폴리텍Ⅰ대학서울정수캠퍼스,전문대학,사립,서울,C그룹,11904,15,11919,14069,15,14084,0,0,0,0,0,0,0,0,0,387,0,387,352,0,14084,1468,9.600000381469728,387,14084,2.799999952316284
2021,397,한국폴리텍Ⅰ대학성남캠퍼스,전문대학,사립,경기,C그룹,10383,0,10383,11670,0,11670,0,0,0,0,0,0,0,0,0,477,0,477,0,0,11670,910,12.800000190734863,477,11670,4.300000190734863
2021,398,한국폴리텍Ⅰ대학제주캠퍼스,전문대학,사립,제주,C그룹,5829,0,5829,6974,0,6974,0,0,0,0,0,0,0,0,0,208,0,208,207,0,6974,47,148.39999389648438,208,6974,3.0999999046325684
2021,399,한국폴리텍Ⅱ대학남인천캠퍼스,전문대학,사립,인천,C그룹,3863,0,3863,5163,0,5163,0,0,0,0,0,0,0,0,0,257,0,257,231,0,5163,29,178.0,257,5163,5.199999809265137
2021,400,한국폴리텍Ⅱ대학인천캠퍼스,전문대학,사립,인천,C그룹,6112,0,6112,19048,0,19048,0,0,0,0,0,0,0,0,0,822,0,822,587,0,19048,2144,8.899999618530273,822,19048,4.5
2021,401,한국폴리텍Ⅱ대학화성캠퍼스,전문대학,사립,경기,C그룹,0,0,0,0,0,0,0,0,0,0,0,0,0,0,0,0,0,0,0,0,0,0,0.0,0,0,0.0
2021,402,한국폴리텍Ⅲ대학강릉캠퍼스,전문대학,사립,강원,C그룹,4327,0,4327,5685,0,5685,0,0,0,0,0,0,4,0,4,720,0,720,510,0,5685,125,45.5,720,5685,14.5
2021,403,한국폴리텍Ⅲ대학원주캠퍼스,전문대학,사립,강원,C그룹,2765,0,2765,2765,0,2765,0,0,0,0,0,0,0,0,0,302,0,302,302,0,2765,80,34.599998474121094,302,2765,12.300000190734863
2021,404,한국폴리텍Ⅲ대학춘천캠퍼스,전문대학,사립,강원,C그룹,9578,0,9578,11658,0,11658,0,0,2080,0,0,2080,15,0,15,252,0,252,252,0,11658,277,42.09999847412109,252,11658,2.200000047683716
2021,405,한국폴리텍Ⅳ대학대전캠퍼스,전문대학,사립,대전,C그룹,7714,0,7714,7714,0,7714,0,0,2080,0,0,2080,0,0,0,0,0,0,0,3,7714,888,8.699999809265137,0,7714,0.0
2021,406,한국폴리텍Ⅳ대학아산캠퍼스,전문대학,사립,충남,C그룹,6196,0,6196,7943,0,7943,0,0,0,0,0,0,16,0,16,284,0,284,284,0,7943,519,15.300000190734863,284,7943,3.700000047683716
2021,407,한국폴리텍Ⅳ대학청주캠퍼스,전문대학,사립,충북,C그룹,5485,0,5485,9137,0,9137,0,0,0,0,0,0,1,0,1,346,0,346,337,0,9137,729,12.5,346,9137,3.900000095367432
2021,408,한국폴리텍Ⅳ대학충남캠퍼스,전문대학,사립,충남,C그룹,0,0,0,5034,0,5034,0,0,0,0,0,0,0,0,0,0,0,0,0,382,5034,226,22.299999237060547,0,5034,0.0
2021,409,한국폴리텍Ⅴ대학광주캠퍼스,전문대학,사립,광주,C그룹,11604,0,11604,14396,0,14396,0,0,0,0,0,0,1,0,1,362,0,362,280,0,14396,847,17.0,362,14396,2.5999999046325684
2021,410,한국폴리텍Ⅴ대학순천캠퍼스,전문대학,사립,전남,C그룹,5075,7,5082,5540,9,5549,0,0,0,0,0,0,0,0,0,384,540,924,923,75,5549,18,308.29998779296875,924,5549,20.0
2021,411,한국폴리텍Ⅴ대학익산캠퍼스,전문대학,사립,전북,C그룹,4446,0,4446,4446,0,4446,0,0,0,0,0,0,0,0,0,0,0,0,0,0,4446,137,32.5,0,4446,0.0
2021,412,한국폴리텍Ⅴ대학전남캠퍼스,전문대학,사립,전남,C그룹,2500,0,2500,4291,0,4291,0,0,0,0,0,0,0,0,0,0,0,0,0,0,4291,236,18.200000762939453,0,4291,0.0
2021,413,한국폴리텍Ⅴ대학전북캠퍼스,전문대학,사립,전북,C그룹,4662,0,4662,4809,0,4809,0,0,0,0,0,0,0,0,0,0,0,0,0,17,4809,486,9.899999618530272,0,4809,0.0
2021,414,한국폴리텍Ⅵ대학구미캠퍼스,전문대학,사립,경북,C그룹,2500,0,2500,7391,0,7391,0,0,0,0,0,0,11,0,11,186,0,186,186,0,7391,530,13.899999618530272,186,7391,2.5999999046325684
2021,415,한국폴리텍Ⅵ대학대구캠퍼스,전문대학,사립,대구,C그룹,12204,0,12204,13876,0,13876,0,0,0,0,0,0,37,0,37,200,0,200,0,0,13876,706,19.700000762939453,200,13876,1.5
2021,416,한국폴리텍Ⅵ대학영남융합기술캠퍼스,전문대학,사립,대구,C그룹,6690,0,6690,7957,0,7957,0,0,0,0,0,0,0,0,0,124,0,124,124,0,7957,217,36.70000076293945,124,7957,1.600000023841858
2021,417,한국폴리텍Ⅵ대학영주캠퍼스,전문대학,사립,경북,C그룹,1637,0,1637,2897,0,2897,0,0,0,0,0,0,0,0,0,0,575,575,11,0,2897,54,53.59999847412109,575,2897,24.799999237060547
2021,418,한국폴리텍Ⅶ대학동부산캠퍼스,전문대학,사립,부산,C그룹,0,0,0,0,0,0,0,0,0,0,0,0,0,0,0,0,0,0,0,0,0,0,0.0,0,0,0.0
2021,419,한국폴리텍Ⅶ대학부산캠퍼스,전문대학,사립,부산,C그룹,13631,0,13631,13631,0,13631,0,0,0,0,0,0,0,0,0,123,0,123,123,0,13631,873,15.600000381469728,123,13631,0.8999999761581421
2021,420,한국폴리텍Ⅶ대학울산캠퍼스,전문대학,사립,울산,C그룹,8053,0,8053,10329,0,10329,0,0,0,0,0,0,0,0,0,111,0,111,83,0,10329,722,14.300000190734863,111,10329,1.100000023841858
2021,421,한국폴리텍Ⅶ대학진주캠퍼스,전문대학,사립,경남,C그룹,0,0,0,0,0,0,0,0,0,0,0,0,0,0,0,0,0,0,0,0,0,0,0.0,0,0,0.0
2021,422,한국폴리텍Ⅶ대학창원캠퍼스,전문대학,사립,경남,C그룹,18135,3,18138,23066,3,23069,0,0,0,0,0,0,30,0,30,872,0,872,742,0,23069,1497,15.399999618530272,872,23069,3.900000095367432
2021,423,한국폴리텍특성화 로봇캠퍼스,전문대학,사립,경북,C그룹,0,0,0,0,0,0,0,0,0,0,0,0,0,0,0,0,0,0,0,0,0,0,0.0,0,0,0.0
2021,424,한국폴리텍특성화 바이오캠퍼스,전문대학,사립,충남,C그룹,3248,0,3248,4108,0,4108,0,0,0,0,0,0,0,0,0,301,0,301,301,0,4108,390,10.5,301,4108,7.900000095367432
2021,425,한국폴리텍특성화 반도체융합캠퍼스,전문대학,사립,경기,C그룹,7590,0,7590,9364,0,9364,0,0,0,0,0,0,0,0,0,0,0,0,0,0,9364,700,13.399999618530272,0,9364,0.0
2021,426,한국폴리텍특성화 항공캠퍼스,전문대학,사립,경남,C그룹,5354,200,5554,5354,200,5554,0,0,0,0,0,0,0,0,0,123,0,123,121,0,5554,539,10.300000190734863,123,5554,2.299999952316284
2021,427,한국학대학원,대학원대학,국립,경기,-,206128,77770,283898,338492,149010,487502,11,19,4995,0,30,4995,221,99,320,3322,4267,7589,5522,0,487502,269,1812.300048828125,7589,487502,1.600000023841858
2021,428,한국항공대학교,대학,사립,경기,C그룹,130123,103599,233722,199758,117233,316991,8,12,124887,0,20,124887,69,28,97,4478,270,4748,4603,0,316991,4445,71.30000305175781,4748,316991,1.5
2021,429,한남대학교,대학,사립,대전,A그룹,362620,151714,514334,741346,244682,986028,11,24,121911,0,35,121911,257,8,265,8336,2524,10860,7146,0,986028,12164,81.0999984741211,10860,986028,1.100000023841858
2021,430,한동대학교,대학,사립,경북,C그룹,117893,97655,215548,169856,120088,289944,19,10,86181,0,29,86181,59,64,123,4136,2379,6515,5292,0,289944,4275,67.80000305175781,6515,289944,2.299999952316284
2021,431,한라대학교,대학,사립,강원,C그룹,121221,56374,177595,184358,56879,241237,14,8,142696,5,27,142696,105,13,118,5914,1563,7477,7208,0,241237,3771,64.0,7477,241237,3.200000047683716
2021,432,한려대학교,대학,사립,전남,C그룹,35666,0,35666,97629,0,97629,0,0,0,0,0,0,0,0,0,0,0,0,0,0,97629,402,242.8999938964844,0,97629,0.0
2021,433,한림국제대학원대학교,대학원대학,사립,서울,-,2147,1222,3369,3515,1306,4821,0,0,0,0,0,0,0,0,0,35,57,92,52,0,4821,253,19.100000381469727,92,4821,1.899999976158142
2021,434,한림대학교,대학,사립,강원,B그룹,284914,151166,436080,570280,276900,847180,24,14,59079,0,38,59079,337,57,394,6532,3338,9870,6505,0,847180,8508,99.5999984741211,9870,847180,1.2000000476837158
2021,435,한림성심대학교,전문대학,사립,강원,B그룹,82417,3768,86185,154395,5452,159847,7,7,53925,0,14,53925,65,0,65,686,244,930,827,0,159847,3012,53.09999847412109,930,159847,0.6000000238418579
2021,436,한민학교,대학,사립,충남,C그룹,0,0,0,0,0,0,0,0,0,0,0,0,0,0,0,0,0,0,0,0,0,0,0.0,0,0,0.0
2021,437,한반도국제대학원대학교,대학원대학,사립,서울,-,11400,1492,12892,11572,1501,13073,0,0,0,0,0,0,0,0,0,37,31,68,68,0,13073,62,210.8999938964844,68,13073,0.5
2021,438,한북대학교,대학,사립,경기,C그룹,0,0,0,0,0,0,0,0,0,0,0,0,0,0,0,0,0,0,0,0,0,0,0.0,0,0,0.0
2021,439,한서대학교,대학,사립,충남,B그룹,228724,259846,488570,357693,349847,707540,14,15,51139,5,34,51139,127,37,164,16693,1308,18001,15673,0,707540,7456,94.9000015258789,18001,707540,2.5999999046325684
2021,440,한성대학교,대학,사립,서울,B그룹,423418,144079,567497,576310,173169,749479,17,20,109821,6,43,109821,105,45,150,15434,972,16406,14829,8977,749479,7443,100.6999969482422,16406,749479,2.200000047683716
2021,441,한세대학교,대학,사립,경기,C그룹,140271,92493,232764,256522,100891,357413,8,15,83469,2,25,83469,188,36,224,4150,622,4772,4224,0,357413,3405,105.0,4772,357413,1.399999976158142
2021,442,한신대학교,대학,사립,경기,B그룹,203444,98428,301872,382375,146923,529298,15,12,52619,0,27,52619,235,59,294,6615,2181,8796,6947,7,529298,5623,94.0999984741211,8796,529298,1.7000000476837158
2021,443,한양대학교,대학,사립,서울,A그룹,630904,450438,1081342,1099228,650246,1749474,50,72,378256,5,127,378256,454,254,708,24925,11834,36759,33712,0,1749474,22628,77.30000305175781,36759,1749474,2.0999999046325684
2021,444,한양대학교(ERICA),대학,사립,경기,A그룹,419378,143652,563030,745908,258959,1004867,17,16,312550,2,35,312550,94,82,176,18833,4736,23569,22688,15690,1004867,10462,96.0,23569,1004867,2.400000095367432
2021,445,한양여자대학교,전문대학,사립,서울,A그룹,101462,58085,159547,208681,65176,273857,11,7,198048,3,21,198048,134,7,141,9731,100,9831,5059,0,273857,6680,41.0,9831,273857,3.700000047683716
2021,446,한영대학교,전문대학,사립,전남,C그룹,32425,402,32827,47338,756,48094,0,2,2,0,2,2,78,0,78,1395,4501,5896,4932,0,48094,1372,35.099998474121094,5896,48094,14.0
2021,447,한일장신대학교,대학,사립,전북,C그룹,103502,19230,122732,188723,26324,215047,10,8,13140,0,18,13140,71,7,78,2559,156,2715,2117,0,215047,1274,168.8000030517578,2715,215047,1.2999999523162842
2021,448,한중대학교,대학,사립,강원,C그룹,0,0,0,0,0,0,0,0,0,0,0,0,0,0,0,0,0,0,0,0,0,0,0.0,0,0,0.0
2021,449,합동신학대학원대학교,대학원대학,사립,경기,-,72673,62348,135021,106961,76592,183553,4,13,42485,0,17,42485,126,75,201,1611,3555,5166,3095,0,183553,312,588.2999877929688,5166,183553,2.900000095367432
2021,450,해군사관학교,기타,기타,경남,-,167370,60236,227606,203775,59560,263335,14,13,61214,1,28,61214,194,21,215,7114,1987,9101,8612,0,263335,0,0.0,9101,263335,3.5999999046325684
2021,451,협성대학교,대학,사립,경기,C그룹,189372,114170,303542,285764,153867,439631,6,16,102977,5,27,102977,204,32,236,5150,1663,6813,5516,0,439631,4562,96.4000015258789,6813,439631,1.600000023841858
2021,452,혜전대학교,전문대학,사립,충남,B그룹,100874,4067,104941,170400,4852,175252,0,1,7946,1,2,7946,78,0,78,1975,57,2032,951,0,175252,2635,66.5,2032,175252,1.2000000476837158
2021,453,호남대학교,대학,사립,광주,B그룹,245310,173192,418502,440207,282074,722281,13,17,114223,4,34,114223,176,62,238,16342,1620,17962,14338,0,722281,7789,92.6999969482422,17962,722281,2.5999999046325684
2021,454,호남신학대학교,대학,사립,광주,C그룹,81297,92481,173778,113198,97741,210939,3,12,78263,0,15,78263,200,32,232,15954,296,16250,16223,803,210939,954,221.1000061035156,16250,210939,8.300000190734863
2021,455,호산대학교,전문대학,사립,경북,C그룹,53451,384,53835,85098,583,85681,6,5,11275,0,11,11275,54,0,54,1077,36,1113,1094,0,85681,1923,44.59999847412109,1113,85681,1.2999999523162842
2021,456,호서대학교,대학,사립,충남,A그룹,353652,268431,622083,765032,364922,1129954,16,28,246287,7,51,246287,225,2,227,14108,4091,18199,14120,0,1129954,14217,79.5,18199,1129954,1.600000023841858
2021,457,호원대학교,대학,사립,전북,B그룹,256594,79899,336493,394898,96726,491624,15,11,90784,3,29,90784,153,3,156,11585,579,12164,10885,16557,491624,5436,90.4000015258789,12164,491624,2.5
2021,458,홍익대학교,대학,사립,서울,A그룹,923776,295478,1219254,1551196,407933,1959129,47,48,134342,11,106,134342,783,221,1004,35252,6804,42056,37801,69297,1959129,21802,89.9000015258789,42056,1959129,2.200000047683716
2021,459,화성의과학대학교,대학,사립,경기,C그룹,9258,5,9263,12354,5,12359,1,1,0,0,2,0,0,0,0,0,0,0,0,0,12359,569,21.700000762939453,0,12359,0.0
2021,460,화신사이버대학교,대학,사립,부산,C그룹,5794,0,5794,20619,0,20619,0,0,5794,0,0,5794,0,0,0,435,300,735,317,0,20619,1397,14.800000190734863,735,20619,3.700000047683716
2021,461,횃불트리니티신학대학원대학교,대학원대학,사립,서울,-,31988,33022,65010,40501,39084,79585,7,7,5914,0,14,5914,79,77,156,1230,631,1861,1656,202,79585,400,199.0,1861,79585,2.400000095367432
