YR,ID,SNM,STYP,FND,RGN,USC,STF_FT_HLIBC,STF_FT_NLIBC,STF_PT_HLIBC,STF_PT_NLIBC,STF_TTL_HLIBC,STF_TTL_NLIBC,STF_TTL_SUM,LIBCS_FT_SL1,LIBCS_FT_SL2,LIBCS_FT_ALIB,LIBCS_FT_TTL,LIBCS_PT_SL1,LIBCS_PT_SL2,LIBCS_PT_ALIB,LIBCS_PT_TTL,SES_PTH,SES_PTC,SPK_FT_LIB,SPK_FT_NLIB,SPK_PT_LIB,SPK_PT_NLIB,SPK_SCP,SPK_SPK,LPK_LFT2,LPK_LPT2,LPK_SCP,LPK_LPK,EHS_EH,EHS_LFT,EHS_LPT,EHS_EHS
2018,1,ICT폴리텍대학,전문대학,사립,경기,C그룹,0,1,0,0,0,1,1,0,0,0,0,0,0,0,0,4,0,0,1,0,0,322,2.5,0,0,322,0.0,4,1,0,4.0
2018,2,가야대학교,대학,사립,경남,C그룹,2,0,1,0,3,0,3,1,1,0,2,0,1,0,1,85,7,2,0,1,0,2684,1.0,2,1,2684,1.100000023841858,85,2,1,28.299999237060547
2018,3,가천대학교,대학,사립,경기,A그룹,10,6,3,8,13,14,27,2,7,1,10,0,3,0,3,844,156,10,6,3,8,20422,1.0,10,3,20422,0.6000000238418579,844,16,11,31.299999237060547
2018,4,가톨릭관동대학교,대학,사립,강원,B그룹,4,0,0,11,4,11,15,2,1,1,4,0,0,0,0,609,93,4,0,0,11,8750,1.100000023841858,4,0,8750,0.5,609,4,11,40.59999847412109
2018,5,가톨릭꽃동네대학교,대학,사립,충북,C그룹,1,0,0,0,1,0,1,0,1,0,1,0,0,0,0,41,5,1,0,0,0,504,2.0,1,0,504,2.0,41,1,0,41.0
2018,6,가톨릭대학교,대학,사립,경기,A그룹,19,7,2,0,21,7,28,4,15,0,19,0,2,0,2,673,116,19,7,2,0,10529,2.5,19,2,10529,2.0,673,26,2,24.0
2018,7,가톨릭상지대학교,전문대학,사립,경북,C그룹,1,0,1,1,2,1,3,1,0,0,1,0,1,0,1,250,48,1,0,1,1,1931,1.2000000476837158,1,1,1931,1.0,250,1,2,83.30000305175781
2018,8,감리교신학대학교,대학,사립,서울,C그룹,3,0,0,0,3,0,3,2,1,0,3,0,0,0,0,144,4,3,0,0,0,1535,2.0,3,0,1535,2.0,144,3,0,48.0
2018,9,강남대학교,대학,사립,경기,B그룹,3,1,6,1,9,2,11,0,3,0,3,0,6,0,6,303,74,3,1,6,1,7101,1.2999999523162842,3,6,7101,1.2999999523162842,303,4,7,27.5
2018,10,강동대학교,전문대학,사립,충북,B그룹,1,0,1,0,2,0,2,0,1,0,1,0,1,0,1,22,2,1,0,1,0,3879,0.5,1,1,3879,0.5,22,1,1,11.0
2018,11,강릉영동대학교,전문대학,사립,강원,B그룹,0,1,1,0,1,1,2,0,0,0,0,0,0,1,1,60,1,0,1,1,0,2944,0.5,0,1,2944,0.3000000119209289,60,1,1,30.0
2018,12,강서대학교,대학,사립,서울,C그룹,2,0,1,0,3,0,3,0,2,0,2,0,0,1,1,114,26,2,0,1,0,1550,1.7999999523162842,2,1,1550,1.899999976158142,114,2,1,38.0
2018,13,강원관광대학교,전문대학,사립,강원,C그룹,1,0,0,0,1,0,1,0,1,0,1,0,0,0,0,41,3,1,0,0,0,1220,0.800000011920929,1,0,1220,0.800000011920929,41,1,0,41.0
2018,14,강원대학교,대학,국립,강원,A그룹,26,3,0,5,26,8,34,12,12,2,26,0,0,0,0,1754,259,26,3,0,5,22949,1.2999999523162842,26,0,22949,1.100000023841858,1754,29,5,51.59999847412109
2018,15,강원도립대학교,전문대학,공립,강원,C그룹,1,0,0,1,1,1,2,0,1,0,1,0,0,0,0,146,16,1,0,0,1,784,1.899999976158142,1,0,784,1.2999999523162842,146,1,1,73.0
2018,16,개신대학원대학교,대학원대학,사립,서울,-,1,0,0,0,1,0,1,0,0,1,1,0,0,0,0,30,2,1,0,0,0,168,6.0,1,0,168,6.0,30,1,0,30.0
2018,17,거제대학교,전문대학,사립,경남,C그룹,1,0,1,0,2,0,2,1,0,0,1,0,1,0,1,53,8,1,0,1,0,1143,1.600000023841858,1,1,1143,1.7000000476837158,53,1,1,26.5
2018,18,건국대학교,대학,사립,서울,A그룹,8,2,16,2,24,4,28,2,6,0,8,0,16,0,16,807,123,8,2,16,2,19861,1.2000000476837158,8,16,19861,1.2000000476837158,807,10,18,28.799999237060547
2018,19,건국대학교(글로컬),대학,사립,충북,B그룹,3,3,2,5,5,8,13,3,0,0,3,0,2,0,2,716,136,3,3,2,5,8223,1.2000000476837158,3,2,8223,0.6000000238418579,716,6,7,55.09999847412109
2018,20,건동대학교,대학,사립,경북,C그룹,0,0,0,0,0,0,0,0,0,0,0,0,0,0,0,0,0,0,0,0,0,0,0.0,0,0,0,0.0,0,0,0,0.0
2018,21,건신대학원대학교,대학원대학,사립,대전,-,0,0,0,1,0,1,1,0,0,0,0,0,0,0,0,28,2,0,0,0,1,144,3.5,0,0,144,0.0,28,0,1,28.0
2018,22,건양대학교,대학,사립,충남,B그룹,3,0,7,0,10,0,10,0,3,0,3,0,7,0,7,236,28,3,0,7,0,8346,1.0,3,7,8346,1.2000000476837158,236,3,7,23.600000381469727
2018,23,경기과학기술대학교,전문대학,사립,경기,A그룹,1,1,1,0,2,1,3,0,1,0,1,0,1,0,1,84,2,1,1,1,0,4413,0.6000000238418579,1,1,4413,0.5,84,2,1,28.0
2018,24,경기대학교,대학,사립,경기,A그룹,11,0,3,5,14,5,19,4,7,0,11,0,3,0,3,271,43,11,0,3,5,16084,1.0,11,3,16084,0.8999999761581421,271,11,8,14.300000190734863
2018,25,경남대학교,대학,사립,경남,A그룹,7,0,2,10,9,10,19,3,4,0,7,0,2,0,2,1349,319,7,0,2,10,13068,1.0,7,2,13068,0.699999988079071,1349,7,12,71.0
2018,26,경남도립거창대학,전문대학,공립,경남,C그룹,1,0,0,1,1,1,2,0,1,0,1,0,0,0,0,68,3,1,0,0,1,837,1.7999999523162842,1,0,837,1.2000000476837158,68,1,1,34.0
2018,27,경남도립남해대학,전문대학,공립,경남,C그룹,1,0,0,1,1,1,2,0,1,0,1,0,0,0,0,129,1,1,0,0,1,751,2.0,1,0,751,1.2999999523162842,129,1,1,64.5
2018,28,경남정보대학교,전문대학,사립,부산,A그룹,2,2,0,0,2,2,4,1,1,0,2,0,0,0,0,177,4,2,2,0,0,6898,0.5,2,0,6898,0.3000000119209289,177,4,0,44.29999923706055
2018,29,경동대학교,대학,사립,강원,B그룹,8,0,0,1,8,1,9,0,6,2,8,0,0,0,0,106,25,8,0,0,1,7737,1.100000023841858,8,0,7737,1.0,106,8,1,11.800000190734863
2018,30,경민대학교,전문대학,사립,경기,B그룹,2,0,0,1,2,1,3,1,1,0,2,0,0,0,0,115,16,2,0,0,1,4536,0.6000000238418579,2,0,4536,0.4000000059604645,115,2,1,38.29999923706055
2018,31,경복대학교,전문대학,사립,경기,A그룹,2,0,0,0,2,0,2,0,1,1,2,0,0,0,0,120,4,2,0,0,0,6470,0.3000000119209289,2,0,6470,0.3000000119209289,120,2,0,60.0
2018,32,경북과학대학교,전문대학,사립,경북,C그룹,1,0,0,0,1,0,1,0,1,0,1,0,0,0,0,19,3,1,0,0,0,1689,0.6000000238418579,1,0,1689,0.6000000238418579,19,1,0,19.0
2018,33,경북대학교,대학,국립,대구,A그룹,40,4,9,1,49,5,54,14,23,3,40,1,7,1,9,3967,523,40,4,9,1,29278,1.7000000476837158,40,9,29278,1.7000000476837158,3967,44,10,73.5
2018,34,경북보건대학교,전문대학,사립,경북,C그룹,1,0,0,0,1,0,1,0,1,0,1,0,0,0,0,36,3,1,0,0,0,1272,0.800000011920929,1,0,1272,0.800000011920929,36,1,0,36.0
2018,35,경북외국어대학교,대학,사립,대구,C그룹,0,0,0,0,0,0,0,0,0,0,0,0,0,0,0,0,0,0,0,0,0,0,0.0,0,0,0,0.0,0,0,0,0.0
2018,36,경북전문대학교,전문대학,사립,경북,B그룹,1,1,0,0,1,1,2,0,1,0,1,0,0,0,0,91,4,1,1,0,0,2798,0.6000000238418579,1,0,2798,0.4000000059604645,91,2,0,45.5
2018,37,경상국립대학교,대학,국립,경남,A그룹,31,2,3,0,34,2,36,9,22,0,31,1,2,0,3,2975,586,31,2,3,0,22060,1.600000023841858,31,3,22060,1.5,2975,33,3,82.5999984741211
2018,38,경성대학교,대학,사립,부산,A그룹,6,2,5,0,11,2,13,2,4,0,6,0,5,0,5,991,316,6,2,5,0,12966,0.8999999761581421,6,5,12966,0.800000011920929,991,8,5,76.19999694824219
2018,39,경안대학원대학교,대학원대학,사립,경북,-,0,1,0,0,0,1,1,0,0,0,0,0,0,0,0,12,1,0,1,0,0,63,12.699999809265137,0,0,63,0.0,12,1,0,12.0
2018,40,경운대학교,대학,사립,경북,C그룹,3,2,0,2,3,4,7,0,3,0,3,0,0,0,0,301,43,3,2,0,2,4877,1.100000023841858,3,0,4877,0.6000000238418579,301,5,2,43.0
2018,41,경인교육대학교,대학,국립,인천,C그룹,7,1,0,0,7,1,8,1,6,0,7,0,0,0,0,969,137,7,1,0,0,4228,1.7999999523162842,7,0,4228,1.7000000476837158,969,8,0,121.0999984741211
2018,42,경인여자대학교,전문대학,사립,인천,B그룹,0,0,2,1,2,1,3,0,0,0,0,0,2,0,2,112,20,0,0,2,1,4792,0.4000000059604645,0,2,4792,0.4000000059604645,112,0,3,37.29999923706055
2018,43,경일대학교,대학,사립,경북,B그룹,2,3,4,0,6,3,9,0,2,0,2,0,4,0,4,168,58,2,3,4,0,7216,1.100000023841858,2,4,7216,0.800000011920929,168,5,4,18.700000762939453
2018,44,경찰대학,기타,기타,충남,-,4,2,0,0,4,2,6,1,3,0,4,0,0,0,0,336,18,4,2,0,0,0,0.0,4,0,0,0.0,336,6,0,56.0
2018,45,경희대학교,대학,사립,서울,A그룹,19,2,26,1,45,3,48,9,9,1,19,0,26,0,26,1327,307,19,2,26,1,32843,1.2999999523162842,19,26,32843,1.399999976158142,1327,21,27,27.600000381469727
2018,46,계명대학교,대학,사립,대구,A그룹,22,1,1,4,23,5,28,9,11,2,22,0,1,0,1,1446,351,22,1,1,4,23744,1.100000023841858,22,1,23744,1.0,1446,23,5,51.59999847412109
2018,47,계명문화대학교,전문대학,사립,대구,A그룹,2,1,0,0,2,1,3,0,1,1,2,0,0,0,0,95,12,2,1,0,0,5222,0.5,2,0,5222,0.4000000059604645,95,3,0,31.700000762939453
2018,48,계약신학대학원대학교,대학원대학,사립,경기,-,1,0,0,0,1,0,1,0,1,0,1,0,0,0,0,30,0,1,0,0,0,65,15.399999618530272,1,0,65,15.399999618530272,30,1,0,30.0
2018,49,계원예술대학교,전문대학,사립,경기,B그룹,1,1,1,0,2,1,3,0,1,0,1,0,0,1,1,88,2,1,1,1,0,2959,0.8999999761581421,1,1,2959,0.699999988079071,88,2,1,29.299999237060547
2018,50,고려대학교,대학,사립,서울,A그룹,28,3,12,4,40,7,47,16,10,2,28,0,10,2,12,2139,374,28,3,12,4,29859,1.399999976158142,28,12,29859,1.2999999523162842,2139,31,16,45.5
2018,51,고려대학교(세종),대학,사립,세종,B그룹,3,0,7,0,10,0,10,0,3,0,3,0,7,0,7,190,18,3,0,7,0,7444,1.2000000476837158,3,7,7444,1.2999999523162842,190,3,7,19.0
2018,52,고려사이버대학교,대학,사립,서울,A그룹,0,2,0,0,0,2,2,0,0,0,0,0,0,0,0,5,1,0,2,0,0,9557,0.2000000029802322,0,0,9557,0.0,5,2,0,2.5
2018,53,고신대학교,대학,사립,부산,C그룹,4,2,1,0,5,2,7,0,2,2,4,0,1,0,1,303,21,4,2,1,0,5061,1.2999999523162842,4,1,5061,1.0,303,6,1,43.29999923706055
2018,54,공군사관학교,기타,기타,충북,-,7,0,0,0,7,0,7,3,4,0,7,0,0,0,0,277,14,7,0,0,0,0,0.0,7,0,0,0.0,277,7,0,39.59999847412109
2018,55,공주교육대학교,대학,국립,충남,C그룹,4,0,0,0,4,0,4,1,3,0,4,0,0,0,0,305,61,4,0,0,0,1999,2.0,4,0,1999,2.0,305,4,0,76.30000305175781
2018,56,과학기술연합대학원대학교,대학원대학,국립,대전,-,0,1,0,0,0,1,1,0,0,0,0,0,0,0,0,4,1,0,1,0,0,1302,0.6000000238418579,0,0,1302,0.0,4,1,0,4.0
2018,57,광신대학교,대학,사립,광주,C그룹,1,2,0,0,1,2,3,0,1,0,1,0,0,0,0,34,2,1,2,0,0,942,2.799999952316284,1,0,942,1.100000023841858,34,3,0,11.300000190734863
2018,58,광양보건대학교,전문대학,사립,전남,C그룹,1,0,0,0,1,0,1,0,1,0,1,0,0,0,0,49,2,1,0,0,0,1323,0.800000011920929,1,0,1323,0.800000011920929,49,1,0,49.0
2018,59,광운대학교,대학,사립,서울,B그룹,6,2,6,0,12,2,14,1,5,0,6,0,6,0,6,569,85,6,2,6,0,9505,1.2999999523162842,6,6,9505,1.2999999523162842,569,8,6,40.59999847412109
2018,60,광주가톨릭대학교,대학,사립,전남,C그룹,2,0,0,0,2,0,2,0,2,0,2,0,0,0,0,105,3,2,0,0,0,110,18.200000762939453,2,0,110,18.200000762939453,105,2,0,52.5
2018,61,광주과학기술원,대학,국립,광주,C그룹,1,2,4,14,5,16,21,1,0,0,1,0,4,0,4,128,4,1,2,4,14,2042,6.300000190734863,1,4,2042,2.400000095367432,128,3,18,6.099999904632568
2018,62,광주교육대학교,대학,국립,광주,C그룹,1,3,0,0,1,3,4,0,1,0,1,0,0,0,0,311,13,1,3,0,0,2084,1.600000023841858,1,0,2084,0.5,311,4,0,77.80000305175781
2018,63,광주대학교,대학,사립,광주,B그룹,2,0,5,4,7,4,11,2,0,0,2,0,5,0,5,230,60,2,0,5,4,7496,1.100000023841858,2,5,7496,0.8999999761581421,230,2,9,20.899999618530277
2018,64,광주보건대학교,전문대학,사립,광주,B그룹,2,0,0,2,2,2,4,0,2,0,2,0,0,0,0,72,13,2,0,0,2,3832,0.800000011920929,2,0,3832,0.5,72,2,2,18.0
2018,65,광주여자대학교,대학,사립,광주,C그룹,3,2,0,1,3,3,6,0,3,0,3,0,0,0,0,292,11,3,2,0,1,4003,1.2999999523162842,3,0,4003,0.699999988079071,292,5,1,48.70000076293945
2018,66,구미대학교,전문대학,사립,경북,A그룹,1,0,1,1,2,1,3,1,0,0,1,0,1,0,1,178,4,1,0,1,1,5509,0.4000000059604645,1,1,5509,0.4000000059604645,178,1,2,59.29999923706055
2018,67,구세군사관대학원대학교,대학원대학,사립,경기,-,0,0,1,0,1,0,1,0,0,0,0,0,1,0,1,21,2,0,0,1,0,34,23.5,0,1,34,29.399999618530277,21,0,1,21.0
2018,68,국군간호사관학교,기타,기타,대전,-,1,0,1,0,2,0,2,0,1,0,1,1,0,0,1,124,9,1,0,1,0,0,0.0,1,1,0,0.0,124,1,1,62.0
2018,69,국립강릉원주대학교,대학,국립,강원,B그룹,13,1,0,0,13,1,14,2,10,1,13,0,0,0,0,1399,213,13,1,0,0,8506,1.600000023841858,13,0,8506,1.5,1399,14,0,99.9000015258789
2018,70,국립경국대학교,대학,국립,경북,B그룹,12,1,0,1,12,2,14,3,9,0,12,0,0,0,0,965,113,12,1,0,1,7466,1.7999999523162842,12,0,7466,1.600000023841858,965,13,1,68.9000015258789
2018,71,국립공주대학교,대학,국립,충남,A그룹,19,3,0,1,19,4,23,10,9,0,19,0,0,0,0,1815,398,19,3,0,1,15987,1.399999976158142,19,0,15987,1.2000000476837158,1815,22,1,78.9000015258789
2018,72,국립군산대학교,대학,국립,전북,B그룹,12,0,0,1,12,1,13,3,9,0,12,0,0,0,0,1413,249,12,0,0,1,8041,1.600000023841858,12,0,8041,1.5,1413,12,1,108.6999969482422
2018,73,국립금오공과대학교,대학,국립,경북,B그룹,6,1,2,0,8,1,9,3,2,1,6,0,2,0,2,638,43,6,1,2,0,6850,1.2000000476837158,6,2,6850,1.2000000476837158,638,7,2,70.9000015258789
2018,74,국립목포대학교,대학,국립,전남,B그룹,9,2,0,0,9,2,11,5,4,0,9,0,0,0,0,1217,162,9,2,0,0,8329,1.2999999523162842,9,0,8329,1.100000023841858,1217,11,0,110.5999984741211
2018,75,국립목포해양대학교,대학,국립,전남,C그룹,4,0,0,1,4,1,5,1,3,0,4,0,0,0,0,174,29,4,0,0,1,2710,1.7000000476837158,4,0,2710,1.5,174,4,1,34.79999923706055
2018,76,국립부경대학교,대학,국립,부산,A그룹,22,0,0,0,22,0,22,5,16,1,22,0,0,0,0,1773,358,22,0,0,0,19124,1.2000000476837158,22,0,19124,1.2000000476837158,1773,22,0,80.5999984741211
2018,77,국립순천대학교,대학,국립,전남,B그룹,11,0,0,1,11,1,12,6,5,0,11,0,0,0,0,1311,55,11,0,0,1,7930,1.5,11,0,7930,1.399999976158142,1311,11,1,109.3000030517578
2018,78,국립암센터국제암대학원대학교,대학원대학,국립,경기,-,1,0,0,0,1,0,1,0,1,0,1,0,0,0,0,20,1,1,0,0,0,70,14.300000190734863,1,0,70,14.300000190734863,20,1,0,20.0
2018,79,국립창원대학교,대학,국립,경남,B그룹,13,1,2,0,15,1,16,2,10,1,13,0,2,0,2,822,85,13,1,2,0,9694,1.600000023841858,13,2,9694,1.5,822,14,2,51.400001525878906
2018,80,국립한국교통대학교,대학,국립,충북,B그룹,11,0,1,1,12,1,13,2,9,0,11,0,0,1,1,962,146,11,0,1,1,9003,1.399999976158142,11,1,9003,1.2999999523162842,962,11,2,74.0
2018,81,국립한국해양대학교,대학,국립,부산,B그룹,12,0,0,0,12,0,12,5,7,0,12,0,0,0,0,1037,171,12,0,0,0,7615,1.600000023841858,12,0,7615,1.600000023841858,1037,12,0,86.4000015258789
2018,82,국립한밭대학교,대학,국립,대전,B그룹,10,1,0,0,10,1,11,1,7,2,10,0,0,0,0,730,110,10,1,0,0,8927,1.2000000476837158,10,0,8927,1.100000023841858,730,11,0,66.4000015258789
2018,83,국민대학교,대학,사립,서울,A그룹,11,1,9,12,20,13,33,5,5,1,11,0,9,0,9,1076,219,11,1,9,12,17933,1.399999976158142,11,9,17933,1.100000023841858,1076,12,21,32.599998474121094
2018,84,국방대학교,기타,기타,충남,-,8,3,0,0,8,3,11,2,5,1,8,0,0,0,0,86,27,8,3,0,0,0,0.0,8,0,0,0.0,86,11,0,7.800000190734863
2018,85,국제뇌교육종합대학원대학교,대학원대학,사립,충남,-,1,0,0,0,1,0,1,0,1,0,1,0,0,0,0,11,3,1,0,0,0,265,3.799999952316284,1,0,265,3.799999952316284,11,1,0,11.0
2018,86,국제대학교,전문대학,사립,경기,B그룹,1,0,1,0,2,0,2,0,0,1,1,0,1,0,1,110,4,1,0,1,0,4069,0.4000000059604645,1,1,4069,0.5,110,1,1,55.0
2018,87,국제문화대학원대학교,대학원대학,사립,충남,-,0,0,0,0,0,0,0,0,0,0,0,0,0,0,0,0,0,0,0,0,0,0,0.0,0,0,0,0.0,0,0,0,0.0
2018,88,국제법률경영대학원대학교,대학원대학,사립,경기,-,0,1,0,0,0,1,1,0,0,0,0,0,0,0,0,0,0,0,1,0,0,110,7.300000190734863,0,0,110,0.0,0,1,0,0.0
2018,89,국제사이버대학교,대학,사립,경기,C그룹,0,2,0,0,0,2,2,0,0,0,0,0,0,0,0,54,4,0,2,0,0,2817,0.6000000238418579,0,0,2817,0.0,54,2,0,27.0
2018,90,국제언어대학원대학교,대학원대학,사립,서울,-,1,0,0,1,1,1,2,0,1,0,1,0,0,0,0,29,1,1,0,0,1,105,14.300000190734863,1,0,105,9.5,29,1,1,14.5
2018,91,국제예술대학교,기타,기타,서울,-,0,0,0,0,0,0,0,0,0,0,0,0,0,0,0,0,0,0,0,0,0,0,0.0,0,0,0,0.0,0,0,0,0.0
2018,92,군산간호대학교,전문대학,사립,전북,C그룹,1,0,0,1,1,1,2,0,1,0,1,0,0,0,0,60,2,1,0,0,1,1138,1.2999999523162842,1,0,1138,0.8999999761581421,60,1,1,30.0
2018,93,군장대학교,전문대학,사립,전북,C그룹,1,1,0,0,1,1,2,0,1,0,1,0,0,0,0,51,3,1,1,0,0,1826,1.0,1,0,1826,0.5,51,2,0,25.5
2018,94,극동대학교,대학,사립,충북,C그룹,1,3,1,0,2,3,5,0,1,0,1,0,0,1,1,146,6,1,3,1,0,3942,1.100000023841858,1,1,3942,0.5,146,4,1,29.200000762939453
2018,95,글로벌사이버대학교,대학,사립,충남,C그룹,0,1,0,0,0,1,1,0,0,0,0,0,0,0,0,4,0,0,1,0,0,2123,0.4000000059604645,0,0,2123,0.0,4,1,0,4.0
2018,96,금강대학교,대학,사립,충남,C그룹,3,0,0,0,3,0,3,1,2,0,3,0,0,0,0,61,7,3,0,0,0,552,5.400000095367432,3,0,552,5.400000095367432,61,3,0,20.299999237060547
2018,97,기독간호대학교,전문대학,사립,광주,C그룹,0,0,1,0,1,0,1,0,0,0,0,0,1,0,1,26,5,0,0,1,0,634,1.2999999523162842,0,1,634,1.600000023841858,26,0,1,26.0
2018,98,김천대학교,대학,사립,경북,C그룹,2,2,1,0,3,2,5,0,2,0,2,0,1,0,1,199,62,2,2,1,0,3439,1.2999999523162842,2,1,3439,0.8999999761581421,199,4,1,39.79999923706055
2018,99,김포대학교,전문대학,사립,경기,C그룹,0,0,2,0,2,0,2,0,0,0,0,0,2,0,2,74,3,0,0,2,0,3419,0.5,0,2,3419,0.6000000238418579,74,0,2,37.0
2018,100,김해대학교,전문대학,사립,경남,C그룹,1,0,0,0,1,0,1,0,1,0,1,0,0,0,0,35,1,1,0,0,0,1358,0.699999988079071,1,0,1358,0.699999988079071,35,1,0,35.0
2018,101,나사렛대학교,대학,사립,충남,B그룹,3,0,3,1,6,1,7,0,3,0,3,0,3,0,3,397,23,3,0,3,1,5838,1.0,3,3,5838,1.0,397,3,4,56.70000076293945
2018,102,나주대학교,전문대학,사립,전남,C그룹,1,0,0,0,1,0,1,0,1,0,1,0,0,0,0,36,4,1,0,0,0,2211,0.5,1,0,2211,0.5,36,1,0,36.0
2018,103,남부대학교,대학,사립,광주,C그룹,2,2,0,0,2,2,4,0,2,0,2,0,0,0,0,208,8,2,2,0,0,3464,1.0,2,0,3464,0.6000000238418579,208,4,0,52.0
2018,104,남서울대학교,대학,사립,충남,B그룹,3,0,7,6,10,6,16,0,3,0,3,0,7,0,7,473,27,3,0,7,6,10216,1.100000023841858,3,7,10216,1.0,473,3,13,29.600000381469727
2018,105,농협대학교,전문대학,사립,경기,C그룹,1,1,0,0,1,1,2,0,0,1,1,0,0,0,0,12,2,1,1,0,0,461,3.900000095367432,1,0,461,2.200000047683716,12,2,0,6.0
2018,106,능인대학원대학교,대학원대학,사립,경기,-,0,1,1,0,1,1,2,0,0,0,0,0,1,0,1,0,0,0,1,1,0,66,24.200000762939453,0,1,66,15.199999809265137,0,1,1,0.0
2018,107,단국대학교,대학,사립,경기,A그룹,16,7,2,2,18,9,27,4,12,0,16,0,2,0,2,928,92,16,7,2,2,26716,0.8999999761581421,16,2,26716,0.699999988079071,928,23,4,34.400001525878906
2018,108,대경대학교,전문대학,사립,경북,B그룹,1,1,0,0,1,1,2,0,1,0,1,0,0,0,0,61,3,1,1,0,0,4332,0.4000000059604645,1,0,4332,0.2000000029802322,61,2,0,30.5
2018,109,대구가톨릭대학교,대학,사립,경북,A그룹,9,2,9,0,18,2,20,0,9,0,9,0,9,0,9,1140,289,9,2,9,0,14889,1.2000000476837158,9,9,14889,1.2000000476837158,1140,11,9,57.0
2018,110,대구경북과학기술원,대학,국립,대구,C그룹,2,0,3,0,5,0,5,0,2,0,2,0,3,0,3,160,25,2,0,3,0,1176,3.700000047683716,2,3,1176,4.300000190734863,160,2,3,32.0
2018,111,대구공업대학교,전문대학,사립,대구,C그룹,1,0,0,1,1,1,2,0,1,0,1,0,0,0,0,93,10,1,0,0,1,1799,0.800000011920929,1,0,1799,0.6000000238418579,93,1,1,46.5
2018,112,대구과학대학교,전문대학,사립,대구,A그룹,2,0,0,0,2,0,2,0,1,1,2,0,0,0,0,133,5,2,0,0,0,4257,0.5,2,0,4257,0.5,133,2,0,66.5
2018,113,대구교육대학교,대학,국립,대구,C그룹,5,1,0,0,5,1,6,3,2,0,5,0,0,0,0,554,82,5,1,0,0,2674,2.200000047683716,5,0,2674,1.899999976158142,554,6,0,92.3000030517578
2018,114,대구대학교,대학,사립,경북,A그룹,10,1,12,4,22,5,27,3,6,1,10,0,12,0,12,855,71,10,1,12,4,19568,1.100000023841858,10,12,19568,1.100000023841858,855,11,16,31.700000762939453
2018,115,대구미래대학교,전문대학,사립,경북,C그룹,0,0,0,0,0,0,0,0,0,0,0,0,0,0,0,0,0,0,0,0,0,0,0.0,0,0,0,0.0,0,0,0,0.0
2018,116,대구보건대학교,전문대학,사립,대구,A그룹,4,0,0,0,4,0,4,0,4,0,4,0,0,0,0,185,30,4,0,0,0,6772,0.6000000238418579,4,0,6772,0.6000000238418579,185,4,0,46.29999923706055
2018,117,대구사이버대학교,대학,사립,경북,C그룹,0,2,0,0,0,2,2,0,0,0,0,0,0,0,0,0,0,0,2,0,0,4391,0.4000000059604645,0,0,4391,0.0,0,2,0,0.0
2018,118,대구예술대학교,대학,사립,경북,C그룹,3,1,0,0,3,1,4,0,3,0,3,0,0,0,0,144,18,3,1,0,0,1344,2.799999952316284,3,0,1344,2.200000047683716,144,4,0,36.0
2018,119,대구외국어대학교,대학,사립,경북,C그룹,0,0,0,0,0,0,0,0,0,0,0,0,0,0,0,0,0,0,0,0,0,0,0.0,0,0,0,0.0,0,0,0,0.0
2018,120,대구한의대학교,대학,사립,경북,B그룹,4,1,4,0,8,1,9,0,4,0,4,0,4,0,4,441,79,4,1,4,0,7105,1.100000023841858,4,4,7105,1.100000023841858,441,5,4,49.0
2018,121,대덕대학교,전문대학,사립,대전,C그룹,2,0,1,0,3,0,3,0,2,0,2,0,1,0,1,117,10,2,0,1,0,4084,0.699999988079071,2,1,4084,0.699999988079071,117,2,1,39.0
2018,122,대동대학교,전문대학,사립,부산,C그룹,1,0,0,1,1,1,2,0,1,0,1,0,0,0,0,104,13,1,0,0,1,1489,1.0,1,0,1489,0.699999988079071,104,1,1,52.0
2018,123,대림대학교,전문대학,사립,경기,A그룹,2,0,1,0,3,0,3,0,2,0,2,0,1,0,1,242,21,2,0,1,0,6289,0.4000000059604645,2,1,6289,0.5,242,2,1,80.69999694824219
2018,124,대신대학교,대학,사립,경북,C그룹,2,0,0,0,2,0,2,0,1,1,2,0,0,0,0,88,12,2,0,0,0,543,3.700000047683716,2,0,543,3.700000047683716,88,2,0,44.0
2018,125,대원대학교,전문대학,사립,충북,C그룹,1,0,1,1,2,1,3,0,1,0,1,0,1,0,1,161,6,1,0,1,1,2608,0.8999999761581421,1,1,2608,0.800000011920929,161,1,2,53.70000076293945
2018,126,대전가톨릭대학교,대학,사립,세종,C그룹,2,1,0,0,2,1,3,1,1,0,2,0,0,0,0,96,6,2,1,0,0,102,27.5,2,0,102,19.600000381469727,96,3,0,32.0
2018,127,대전과학기술대학교,전문대학,사립,대전,B그룹,4,1,0,0,4,1,5,2,2,0,4,0,0,0,0,55,6,4,1,0,0,4513,1.100000023841858,4,0,4513,0.8999999761581421,55,5,0,11.0
2018,128,대전대학교,대학,사립,대전,B그룹,8,0,4,0,12,0,12,0,8,0,8,0,4,0,4,637,149,8,0,4,0,10261,1.100000023841858,8,4,10261,1.2000000476837158,637,8,4,53.09999847412109
2018,129,대전보건대학교,전문대학,사립,대전,A그룹,1,0,2,0,3,0,3,0,1,0,1,0,2,0,2,85,11,1,0,2,0,5789,0.4000000059604645,1,2,5789,0.5,85,1,2,28.299999237060547
2018,130,대전신학대학교,대학,사립,대전,C그룹,1,1,0,0,1,1,2,0,1,0,1,0,0,0,0,125,3,1,1,0,0,237,7.599999904632568,1,0,237,4.199999809265137,125,2,0,62.5
2018,131,대진대학교,대학,사립,경기,B그룹,5,3,0,0,5,3,8,2,3,0,5,0,0,0,0,440,57,5,3,0,0,7973,0.8999999761581421,5,0,7973,0.6000000238418579,440,8,0,55.0
2018,132,대한신학대학원대학교,대학원대학,사립,경기,-,0,0,0,1,0,1,1,0,0,0,0,0,0,0,0,0,0,0,0,0,1,290,1.7000000476837158,0,0,290,0.0,0,0,1,0.0
2018,133,덕성여자대학교,대학,사립,서울,B그룹,6,0,7,1,13,1,14,0,5,1,6,0,7,0,7,526,72,6,0,7,1,6121,2.0,6,7,6121,2.0999999046325684,526,6,8,37.59999847412109
2018,134,동강대학교,전문대학,사립,광주,B그룹,1,1,0,0,1,1,2,0,1,0,1,0,0,0,0,107,19,1,1,0,0,3341,0.5,1,0,3341,0.3000000119209289,107,2,0,53.5
2018,135,동국대학교,대학,사립,서울,A그룹,10,0,10,0,20,0,20,6,4,0,10,0,10,0,10,1040,224,10,0,10,0,17255,1.0,10,10,17255,1.2000000476837158,1040,10,10,52.0
2018,136,동국대학교 WISE캠퍼스,대학,사립,경북,B그룹,2,0,11,0,13,0,13,0,2,0,2,0,11,0,11,543,73,2,0,11,0,8392,1.2999999523162842,2,11,8392,1.5,543,2,11,41.79999923706055
2018,137,동남보건대학교,전문대학,사립,경기,A그룹,2,0,0,1,2,1,3,1,1,0,2,0,0,0,0,65,4,2,0,0,1,4826,0.5,2,0,4826,0.4000000059604645,65,2,1,21.700000762939453
2018,138,동덕여자대학교,대학,사립,서울,B그룹,6,0,7,0,13,0,13,3,3,0,6,0,7,0,7,396,114,6,0,7,0,7110,1.600000023841858,6,7,7110,1.7999999523162842,396,6,7,30.5
2018,139,동명대학교,대학,사립,부산,B그룹,2,1,6,3,8,4,12,1,1,0,2,0,6,0,6,258,16,2,1,6,3,8419,1.100000023841858,2,6,8419,1.0,258,3,9,21.5
2018,140,동방문화대학원대학교,대학원대학,사립,서울,-,1,0,0,0,1,0,1,0,1,0,1,0,0,0,0,13,1,1,0,0,0,238,4.199999809265137,1,0,238,4.199999809265137,13,1,0,13.0
2018,141,동부산대학교,전문대학,사립,부산,C그룹,2,0,0,1,2,1,3,0,2,0,2,0,0,0,0,144,27,2,0,0,1,1854,1.2999999523162842,2,0,1854,1.100000023841858,144,2,1,48.0
2018,142,동서대학교,대학,사립,부산,B그룹,9,1,1,2,10,3,13,1,6,2,9,0,1,0,1,510,26,9,1,1,2,11119,1.0,9,1,11119,0.8999999761581421,510,10,3,39.20000076293945
2018,143,동서울대학교,전문대학,사립,경기,A그룹,2,1,1,0,3,1,4,0,2,0,2,0,1,0,1,144,6,2,1,1,0,5540,0.6000000238418579,2,1,5540,0.5,144,3,1,36.0
2018,144,동신대학교,대학,사립,전남,B그룹,3,0,4,4,7,4,11,0,3,0,3,0,4,0,4,872,41,3,0,4,4,7438,1.100000023841858,3,4,7438,0.8999999761581421,872,3,8,79.30000305175781
2018,145,동아대학교,대학,사립,부산,A그룹,14,1,14,1,28,2,30,5,7,2,14,1,13,0,14,826,257,14,1,14,1,21325,1.2000000476837158,14,14,21325,1.2999999523162842,826,15,15,27.5
2018,146,동아방송예술대학교,전문대학,사립,경기,B그룹,1,1,1,0,2,1,3,0,1,0,1,0,1,0,1,145,23,1,1,1,0,2982,0.8999999761581421,1,1,2982,0.699999988079071,145,2,1,48.29999923706055
2018,147,동아보건대학교,전문대학,사립,전남,C그룹,2,0,0,0,2,0,2,0,2,0,2,0,0,0,0,95,5,2,0,0,0,1955,1.0,2,0,1955,1.0,95,2,0,47.5
2018,148,동양대학교,대학,사립,경북,C그룹,2,2,2,0,4,2,6,0,2,0,2,0,2,0,2,472,25,2,2,2,0,4592,1.100000023841858,2,2,4592,0.8999999761581421,472,4,2,78.69999694824219
2018,149,동양미래대학교,전문대학,사립,서울,A그룹,2,2,0,0,2,2,4,0,0,2,2,0,0,0,0,163,13,2,2,0,0,5770,0.6000000238418579,2,0,5770,0.3000000119209289,163,4,0,40.79999923706055
2018,150,동우대학,전문대학,사립,강원,B그룹,0,0,0,0,0,0,0,0,0,0,0,0,0,0,0,0,0,0,0,0,0,0,0.0,0,0,0,0.0,0,0,0,0.0
2018,151,동원과학기술대학교,전문대학,사립,경남,B그룹,0,0,1,0,1,0,1,0,0,0,0,0,1,0,1,26,3,0,0,1,0,2101,0.4000000059604645,0,1,2101,0.5,26,0,1,26.0
2018,152,동원대학교,전문대학,사립,경기,B그룹,1,0,1,0,2,0,2,0,1,0,1,0,0,1,1,55,2,1,0,1,0,3557,0.5,1,1,3557,0.6000000238418579,55,1,1,27.5
2018,153,동의과학대학교,전문대학,사립,부산,B그룹,3,0,0,0,3,0,3,1,2,0,3,0,0,0,0,90,15,3,0,0,0,5247,0.6000000238418579,3,0,5247,0.6000000238418579,90,3,0,30.0
2018,154,동의대학교,대학,사립,부산,A그룹,13,1,4,0,17,1,18,1,12,0,13,0,4,0,4,519,114,13,1,4,0,16813,1.0,13,4,16813,1.0,519,14,4,28.799999237060547
2018,155,두원공과대학교,전문대학,사립,경기,B그룹,1,0,1,0,2,0,2,0,1,0,1,0,1,0,1,19,2,1,0,1,0,5844,0.3000000119209289,1,1,5844,0.3000000119209289,19,1,1,9.5
2018,156,디지털서울문화예술대학교,대학,사립,서울,C그룹,0,0,0,0,0,0,0,0,0,0,0,0,0,0,0,0,0,0,0,0,0,3776,0.0,0,0,3776,0.0,0,0,0,0.0
2018,157,루터대학교,대학,사립,경기,C그룹,1,0,1,0,2,0,2,0,1,0,1,0,1,0,1,44,4,1,0,1,0,416,4.300000190734863,1,1,416,4.800000190734863,44,1,1,22.0
2018,158,마산대학교,전문대학,사립,경남,A그룹,2,0,0,3,2,3,5,0,2,0,2,0,0,0,0,194,20,2,0,0,3,5679,0.6000000238418579,2,0,5679,0.4000000059604645,194,2,3,38.79999923706055
2018,159,명신대학교,대학,사립,전남,C그룹,0,0,0,0,0,0,0,0,0,0,0,0,0,0,0,0,0,0,0,0,0,0,0.0,0,0,0,0.0,0,0,0,0.0
2018,160,명지대학교,대학,사립,서울,A그룹,13,1,5,1,18,2,20,4,7,2,13,1,4,0,5,683,74,13,1,5,1,15879,1.2000000476837158,13,5,15879,1.100000023841858,683,14,6,34.20000076293945
2018,161,명지전문대학,전문대학,사립,서울,A그룹,2,1,1,0,3,1,4,1,1,0,2,0,1,0,1,251,53,2,1,1,0,7115,0.5,2,1,7115,0.4000000059604645,251,3,1,62.79999923706055
2018,162,목원대학교,대학,사립,대전,B그룹,4,2,5,0,9,2,11,1,3,0,4,0,5,0,5,503,102,4,2,5,0,8701,1.100000023841858,4,5,8701,1.0,503,6,5,45.70000076293945
2018,163,목포가톨릭대학교,대학,사립,전남,C그룹,1,0,0,0,1,0,1,0,1,0,1,0,0,0,0,29,5,1,0,0,0,558,1.7999999523162842,1,0,558,1.7999999523162842,29,1,0,29.0
2018,164,목포과학대학교,전문대학,사립,전남,B그룹,1,0,0,1,1,1,2,1,0,0,1,0,0,0,0,47,1,1,0,0,1,2403,0.6000000238418579,1,0,2403,0.4000000059604645,47,1,1,23.5
2018,165,문경대학교,전문대학,사립,경북,C그룹,1,0,0,0,1,0,1,0,1,0,1,0,0,0,0,40,2,1,0,0,0,905,1.100000023841858,1,0,905,1.100000023841858,40,1,0,40.0
2018,166,배재대학교,대학,사립,대전,B그룹,5,3,4,1,9,4,13,2,3,0,5,0,4,0,4,579,94,5,3,4,1,9160,1.2000000476837158,5,4,9160,1.0,579,8,5,44.5
2018,167,배화여자대학교,전문대학,사립,서울,B그룹,2,0,0,0,2,0,2,0,2,0,2,0,0,0,0,86,3,2,0,0,0,3127,0.6000000238418579,2,0,3127,0.6000000238418579,86,2,0,43.0
2018,168,백석대학교,대학,사립,충남,A그룹,4,1,10,3,14,4,18,1,2,1,4,0,10,0,10,622,125,4,1,10,3,14316,1.0,4,10,14316,1.0,622,5,13,34.599998474121094
2018,169,백석문화대학교,전문대학,사립,충남,A그룹,4,0,1,0,5,0,5,1,2,1,4,0,1,0,1,207,53,4,0,1,0,5556,0.8999999761581421,4,1,5556,0.8999999761581421,207,4,1,41.400001525878906
2018,170,백석예술대학,전문대학,사립,서울,A그룹,0,0,0,0,0,0,0,0,0,0,0,0,0,0,0,0,0,0,0,0,0,0,0.0,0,0,0,0.0,0,0,0,0.0
2018,171,백제예술대학교,전문대학,사립,전북,C그룹,1,1,0,0,1,1,2,0,0,1,1,0,0,0,0,32,1,1,1,0,0,1554,1.2000000476837158,1,0,1554,0.6000000238418579,32,2,0,16.0
2018,172,베뢰아국제대학원대학교,대학원대학,사립,서울,-,2,0,0,0,2,0,2,0,1,1,2,0,0,0,0,57,2,2,0,0,0,69,29.0,2,0,69,29.0,57,2,0,28.5
2018,173,벽성대학,전문대학,사립,전북,C그룹,0,0,0,0,0,0,0,0,0,0,0,0,0,0,0,0,0,0,0,0,0,0,0.0,0,0,0,0.0,0,0,0,0.0
2018,174,부산가톨릭대학교,대학,사립,부산,C그룹,3,1,0,2,3,3,6,0,3,0,3,0,0,0,0,521,101,3,1,0,2,4207,1.100000023841858,3,0,4207,0.699999988079071,521,4,2,86.80000305175781
2018,175,부산경상대학교,전문대학,사립,부산,B그룹,0,0,1,1,1,1,2,0,0,0,0,0,1,0,1,34,1,0,0,1,1,2995,0.4000000059604645,0,1,2995,0.3000000119209289,34,0,2,17.0
2018,176,부산과학기술대학교,전문대학,사립,부산,B그룹,1,0,1,1,2,1,3,0,1,0,1,0,0,1,1,88,11,1,0,1,1,4003,0.6000000238418579,1,1,4003,0.5,88,1,2,29.299999237060547
2018,177,부산교육대학교,대학,국립,부산,C그룹,5,1,1,0,6,1,7,1,4,0,5,0,0,1,1,744,152,5,1,1,0,2517,2.5999999046325684,5,1,2517,2.400000095367432,744,6,1,106.3000030517578
2018,178,부산대학교,대학,국립,부산,A그룹,43,0,2,3,45,3,48,17,26,0,43,0,2,0,2,3700,544,43,0,2,3,28853,1.600000023841858,43,2,28853,1.600000023841858,3700,43,5,77.0999984741211
2018,179,부산디지털대학교,대학,사립,부산,C그룹,0,1,0,0,0,1,1,0,0,0,0,0,0,0,0,0,0,0,1,0,0,2257,0.4000000059604645,0,0,2257,0.0,0,1,0,0.0
2018,180,부산보건대학교,전문대학,사립,부산,B그룹,1,0,1,1,2,1,3,1,0,0,1,0,1,0,1,129,19,1,0,1,1,3403,0.699999988079071,1,1,3403,0.6000000238418579,129,1,2,43.0
2018,181,부산여자대학교,전문대학,사립,부산,C그룹,3,0,0,0,3,0,3,3,0,0,3,0,0,0,0,107,4,3,0,0,0,2975,1.0,3,0,2975,1.0,107,3,0,35.70000076293945
2018,182,부산예술대학교,전문대학,사립,부산,C그룹,0,0,1,0,1,0,1,0,0,0,0,0,0,1,1,0,0,0,0,1,0,801,1.0,0,1,801,1.2000000476837158,0,0,1,0.0
2018,183,부산외국어대학교,대학,사립,부산,B그룹,4,1,7,2,11,3,14,0,4,0,4,0,7,0,7,492,98,4,1,7,2,9210,1.2000000476837158,4,7,9210,1.2000000476837158,492,5,9,35.099998474121094
2018,184,부산장신대학교,대학,사립,경남,C그룹,1,0,0,0,1,0,1,1,0,0,1,0,0,0,0,44,8,1,0,0,0,492,2.0,1,0,492,2.0,44,1,0,44.0
2018,185,부천대학교,전문대학,사립,경기,A그룹,1,0,1,1,2,1,3,0,1,0,1,0,1,0,1,280,8,1,0,1,1,7456,0.3000000119209289,1,1,7456,0.3000000119209289,280,1,2,93.3000030517578
2018,186,삼육대학교,대학,사립,서울,B그룹,3,3,1,1,4,4,8,1,2,0,3,0,1,0,1,454,53,3,3,1,1,5985,1.100000023841858,3,1,5985,0.699999988079071,454,6,2,56.79999923706055
2018,187,삼육보건대학교,전문대학,사립,서울,C그룹,1,0,1,1,2,1,3,0,1,0,1,0,1,0,1,93,7,1,0,1,1,1386,1.7000000476837158,1,1,1386,1.399999976158142,93,1,2,31.0
2018,188,상명대학교,대학,사립,서울,A그룹,5,5,3,7,8,12,20,3,2,0,5,0,3,0,3,1227,223,5,5,3,7,14378,1.0,5,3,14378,0.6000000238418579,1227,10,10,61.400001525878906
2018,189,상지대학교,대학,사립,강원,B그룹,4,0,2,0,6,0,6,2,2,0,4,0,1,1,2,376,17,4,0,2,0,6956,0.800000011920929,4,2,6956,0.8999999761581421,376,4,2,62.70000076293945
2018,190,상지영서대학교,전문대학,사립,강원,B그룹,1,1,0,2,1,3,4,0,1,0,1,0,0,0,0,38,1,1,1,0,2,2608,1.100000023841858,1,0,2608,0.4000000059604645,38,2,2,9.5
2018,191,서강대학교,대학,사립,서울,A그룹,19,0,5,4,24,4,28,13,6,0,19,0,5,0,5,1121,265,19,0,5,4,11160,2.200000047683716,19,5,11160,2.200000047683716,1121,19,9,40.0
2018,192,서경대학교,대학,사립,서울,B그룹,2,2,4,1,6,3,9,0,2,0,2,1,0,3,4,339,50,2,2,4,1,7044,1.0,2,4,7044,0.8999999761581421,339,4,5,37.70000076293945
2018,193,서남대학교,대학,사립,전북,C그룹,0,0,0,0,0,0,0,0,0,0,0,0,0,0,0,0,0,0,0,0,0,0,0.0,0,0,0,0.0,0,0,0,0.0
2018,194,서라벌대학교,전문대학,사립,경북,C그룹,1,0,0,0,1,0,1,0,1,0,1,0,0,0,0,31,1,1,0,0,0,800,1.2999999523162842,1,0,800,1.2999999523162842,31,1,0,31.0
2018,195,서영대학교,전문대학,사립,광주,A그룹,3,0,1,0,4,0,4,0,3,0,3,1,0,0,1,181,26,3,0,1,0,5071,0.699999988079071,3,1,5071,0.800000011920929,181,3,1,45.29999923706055
2018,196,서울과학기술대학교,대학,국립,서울,A그룹,10,1,0,0,10,1,11,0,6,4,10,0,0,0,0,1240,52,10,1,0,0,12085,0.8999999761581421,10,0,12085,0.800000011920929,1240,11,0,112.6999969482422
2018,197,서울과학종합대학원대학교,대학원대학,사립,서울,-,0,1,0,0,0,1,1,0,0,0,0,0,0,0,0,21,2,0,1,0,0,426,1.899999976158142,0,0,426,0.0,21,1,0,21.0
2018,198,서울교육대학교,대학,국립,서울,C그룹,5,0,1,0,6,0,6,3,2,0,5,0,1,0,1,486,25,5,0,1,0,2984,1.899999976158142,5,1,2984,2.0,486,5,1,81.0
2018,199,서울기독대학교,대학,사립,서울,C그룹,1,0,1,0,2,0,2,0,1,0,1,0,1,0,1,75,4,1,0,1,0,747,2.400000095367432,1,1,747,2.700000047683716,75,1,1,37.5
2018,200,서울대학교,대학,국립,서울,A그룹,86,11,6,1,92,12,104,31,51,4,86,0,6,0,6,3994,253,86,11,6,1,28378,3.5,86,6,28378,3.200000047683716,3994,97,7,38.400001525878906
2018,201,서울디지털대학교,대학,사립,서울,A그룹,0,0,0,1,0,1,1,0,0,0,0,0,0,0,0,0,0,0,0,0,1,11304,0.0,0,0,11304,0.0,0,0,1,0.0
2018,202,서울미디어대학원대학교,대학원대학,사립,서울,-,0,0,0,1,0,1,1,0,0,0,0,0,0,0,0,3,0,0,0,0,1,158,3.200000047683716,0,0,158,0.0,3,0,1,3.0
2018,203,서울벤처대학원대학교,대학원대학,사립,서울,-,0,0,0,0,0,0,0,0,0,0,0,0,0,0,0,0,0,0,0,0,0,259,0.0,0,0,259,0.0,0,0,0,0.0
2018,204,서울불교대학원대학교,대학원대학,사립,서울,-,0,1,0,0,0,1,1,0,0,0,0,0,0,0,0,0,0,0,1,0,0,181,4.400000095367432,0,0,181,0.0,0,1,0,0.0
2018,205,서울사이버대학교,대학,사립,서울,A그룹,0,1,0,0,0,1,1,0,0,0,0,0,0,0,0,0,0,0,1,0,0,10152,0.1000000014901161,0,0,10152,0.0,0,1,0,0.0
2018,206,서울사회복지대학원대학교,대학원대학,사립,서울,-,0,0,0,2,0,2,2,0,0,0,0,0,0,0,0,0,0,0,0,0,2,128,7.800000190734863,0,0,128,0.0,0,0,2,0.0
2018,207,서울상담심리대학원대학교,대학원대학,사립,서울,-,0,0,1,0,1,0,1,0,0,0,0,0,1,0,1,28,1,0,0,1,0,111,7.199999809265137,0,1,111,9.0,28,0,1,28.0
2018,208,서울성경신학대학원대학교,대학원대학,사립,서울,-,1,0,0,0,1,0,1,0,1,0,1,0,0,0,0,34,4,1,0,0,0,87,11.5,1,0,87,11.5,34,1,0,34.0
2018,209,서울시립대학교,대학,공립,서울,A그룹,23,1,1,2,24,3,27,5,13,5,23,0,1,0,1,1300,62,23,1,1,2,11741,2.200000047683716,23,1,11741,2.0,1300,24,3,48.09999847412109
2018,210,서울신학대학교,대학,사립,경기,C그룹,3,2,0,1,3,3,6,1,2,0,3,0,0,0,0,237,16,3,2,0,1,3151,1.600000023841858,3,0,3151,1.0,237,5,1,39.5
2018,211,서울여자간호대학교,전문대학,사립,서울,C그룹,1,0,0,0,1,0,1,0,1,0,1,0,0,0,0,56,1,1,0,0,0,986,1.0,1,0,986,1.0,56,1,0,56.0
2018,212,서울여자대학교,대학,사립,서울,B그룹,0,2,7,0,7,2,9,0,0,0,0,0,7,0,7,531,77,0,2,7,0,7644,0.8999999761581421,0,7,7644,0.8999999761581421,531,2,7,59.0
2018,213,서울예술대학교,전문대학,사립,경기,B그룹,3,0,1,0,4,0,4,1,2,0,3,0,1,0,1,119,27,3,0,1,0,3088,1.2000000476837158,3,1,3088,1.2999999523162842,119,3,1,29.799999237060547
2018,214,서울외국어대학원대학교,대학원대학,사립,서울,-,0,0,0,0,0,0,0,0,0,0,0,0,0,0,0,0,0,0,0,0,0,154,0.0,0,0,154,0.0,0,0,0,0.0
2018,215,서울장신대학교,대학,사립,경기,C그룹,1,1,1,0,2,1,3,0,1,0,1,0,1,0,1,155,33,1,1,1,0,857,3.0,1,1,857,2.299999952316284,155,2,1,51.70000076293945
2018,216,서울한영대학교,대학,사립,서울,C그룹,2,0,0,1,2,1,3,1,1,0,2,0,0,0,0,240,33,2,0,0,1,1030,2.400000095367432,2,0,1030,1.899999976158142,240,2,1,80.0
2018,217,서원대학교,대학,사립,충북,B그룹,3,2,3,3,6,5,11,1,2,0,3,0,3,0,3,589,88,3,2,3,3,7524,1.100000023841858,3,3,7524,0.800000011920929,589,5,6,53.5
2018,218,서일대학교,전문대학,사립,서울,A그룹,2,0,0,1,2,1,3,0,2,0,2,0,0,0,0,100,11,2,0,0,1,6336,0.4000000059604645,2,0,6336,0.3000000119209289,100,2,1,33.29999923706055
2018,219,서정대학교,전문대학,사립,경기,A그룹,0,0,2,1,2,1,3,0,0,0,0,0,1,1,2,60,5,0,0,2,1,4461,0.5,0,2,4461,0.4000000059604645,60,0,3,20.0
2018,220,서해대학,전문대학,사립,전북,C그룹,1,0,0,0,1,0,1,0,1,0,1,0,0,0,0,27,0,1,0,0,0,1107,0.8999999761581421,1,0,1107,0.8999999761581421,27,1,0,27.0
2018,221,선교청대학교,대학,사립,충남,C그룹,0,0,0,0,0,0,0,0,0,0,0,0,0,0,0,0,0,0,0,0,0,0,0.0,0,0,0,0.0,0,0,0,0.0
2018,222,선린대학교,전문대학,사립,경북,C그룹,2,0,1,0,3,0,3,0,1,1,2,0,1,0,1,84,4,2,0,1,0,2502,1.100000023841858,2,1,2502,1.2000000476837158,84,2,1,28.0
2018,223,선문대학교,대학,사립,충남,B그룹,2,0,4,4,6,4,10,0,2,0,2,0,3,1,4,865,48,2,0,4,4,9782,0.699999988079071,2,4,9782,0.6000000238418579,865,2,8,86.5
2018,224,선학유피대학원대학교,대학원대학,사립,경기,-,1,0,0,1,1,1,2,0,1,0,1,0,0,0,0,60,4,1,0,0,1,61,24.600000381469727,1,0,61,16.399999618530273,60,1,1,30.0
2018,225,성결대학교,대학,사립,경기,B그룹,4,0,2,1,6,1,7,1,3,0,4,0,2,0,2,325,86,4,0,2,1,5858,1.0,4,2,5858,1.0,325,4,3,46.400001525878906
2018,226,성공회대학교,대학,사립,서울,C그룹,4,0,0,0,4,0,4,1,3,0,4,0,0,0,0,141,23,4,0,0,0,2525,1.600000023841858,4,0,2525,1.600000023841858,141,4,0,35.29999923706055
2018,227,성균관대학교,대학,사립,서울,A그룹,16,0,30,5,46,5,51,9,7,0,16,0,14,16,30,993,228,16,0,30,5,26117,1.600000023841858,16,30,26117,1.7999999523162842,993,16,35,19.5
2018,228,성산효대학원대학교,대학원대학,사립,인천,-,1,0,0,0,1,0,1,1,0,0,1,0,0,0,0,8,1,1,0,0,0,227,4.400000095367432,1,0,227,4.400000095367432,8,1,0,8.0
2018,229,성서침례대학원대학교,대학원대학,사립,경기,-,0,1,0,0,0,1,1,0,0,0,0,0,0,0,0,21,3,0,1,0,0,46,17.399999618530273,0,0,46,0.0,21,1,0,21.0
2018,230,성신여자대학교,대학,사립,서울,A그룹,7,0,6,9,13,9,22,1,6,0,7,0,6,0,6,965,145,7,0,6,9,10092,1.600000023841858,7,6,10092,1.2999999523162842,965,7,15,43.900001525878906
2018,231,성운대학교,전문대학,사립,경북,C그룹,1,0,0,0,1,0,1,0,1,0,1,0,0,0,0,32,6,1,0,0,0,1380,0.699999988079071,1,0,1380,0.699999988079071,32,1,0,32.0
2018,232,성화대학,전문대학,사립,전남,B그룹,0,0,0,0,0,0,0,0,0,0,0,0,0,0,0,0,0,0,0,0,0,0,0.0,0,0,0,0.0,0,0,0,0.0
2018,233,세경대학교,전문대학,사립,강원,C그룹,1,0,0,0,1,0,1,0,1,0,1,0,0,0,0,50,4,1,0,0,0,976,1.0,1,0,976,1.0,50,1,0,50.0
2018,234,세계사이버대학,기타,기타,경기,-,0,0,0,0,0,0,0,0,0,0,0,0,0,0,0,0,0,0,0,0,0,0,0.0,0,0,0,0.0,0,0,0,0.0
2018,235,세명대학교,대학,사립,충북,B그룹,3,2,3,4,6,6,12,1,2,0,3,0,3,0,3,636,184,3,2,3,4,8045,1.100000023841858,3,3,8045,0.699999988079071,636,5,7,53.0
2018,236,세종대학교,대학,사립,서울,A그룹,8,0,0,3,8,3,11,2,6,0,8,0,0,0,0,205,29,8,0,0,3,14087,0.699999988079071,8,0,14087,0.6000000238418579,205,8,3,18.600000381469727
2018,237,세한대학교,대학,사립,충남,C그룹,3,2,0,0,3,2,5,0,3,0,3,0,0,0,0,194,51,3,2,0,0,4285,1.100000023841858,3,0,4285,0.699999988079071,194,5,0,38.79999923706055
2018,238,송곡대학교,전문대학,사립,강원,C그룹,2,0,0,0,2,0,2,1,0,1,2,0,0,0,0,0,0,2,0,0,0,730,2.700000047683716,2,0,730,2.700000047683716,0,2,0,0.0
2018,239,송원대학교,대학,사립,광주,C그룹,3,0,0,0,3,0,3,0,3,0,3,0,0,0,0,166,22,3,0,0,0,2719,1.100000023841858,3,0,2719,1.100000023841858,166,3,0,55.29999923706055
2018,240,송호대학교,전문대학,사립,강원,C그룹,1,0,0,0,1,0,1,0,0,1,1,0,0,0,0,33,4,1,0,0,0,976,1.0,1,0,976,1.0,33,1,0,33.0
2018,241,수도국제대학원대학교,대학원대학,사립,서울,-,1,0,0,0,1,0,1,0,1,0,1,0,0,0,0,12,1,1,0,0,0,314,3.200000047683716,1,0,314,3.200000047683716,12,1,0,12.0
2018,242,수성대학교,전문대학,사립,대구,B그룹,1,1,1,0,2,1,3,0,1,0,1,0,1,0,1,105,5,1,1,1,0,3551,0.699999988079071,1,1,3551,0.6000000238418579,105,2,1,35.0
2018,243,수원가톨릭대학교,대학,사립,경기,C그룹,2,1,0,0,2,1,3,1,1,0,2,0,0,0,0,142,20,2,1,0,0,171,16.399999618530273,2,0,171,11.699999809265137,142,3,0,47.29999923706055
2018,244,수원과학대학교,전문대학,사립,경기,B그룹,1,1,2,0,3,1,4,0,1,0,1,0,2,0,2,197,13,1,1,2,0,6198,0.5,1,2,6198,0.5,197,2,2,49.29999923706055
2018,245,수원대학교,대학,사립,경기,B그룹,2,2,7,7,9,9,18,2,0,0,2,0,7,0,7,424,95,2,2,7,7,10556,1.2000000476837158,2,7,10556,0.8999999761581421,424,4,14,23.600000381469727
2018,246,수원여자대학교,전문대학,사립,경기,B그룹,3,0,0,0,3,0,3,1,2,0,3,0,0,0,0,56,7,3,0,0,0,4411,0.699999988079071,3,0,4411,0.699999988079071,56,3,0,18.700000762939453
2018,247,숙명여자대학교,대학,사립,서울,A그룹,12,1,1,1,13,2,15,5,5,2,12,0,1,0,1,1057,224,12,1,1,1,12448,1.100000023841858,12,1,12448,1.0,1057,13,2,70.5
2018,248,순복음대학원대학교,대학원대학,사립,서울,-,0,0,0,1,0,1,1,0,0,0,0,0,0,0,0,0,0,0,0,0,1,109,4.599999904632568,0,0,109,0.0,0,0,1,0.0
2018,249,순복음총회신학교,대학,사립,충북,C그룹,0,1,0,0,0,1,1,0,0,0,0,0,0,0,0,0,0,0,1,0,0,247,3.200000047683716,0,0,247,0.0,0,1,0,0.0
2018,250,순천제일대학교,전문대학,사립,전남,B그룹,2,0,0,0,2,0,2,0,2,0,2,0,0,0,0,66,2,2,0,0,0,2458,0.800000011920929,2,0,2458,0.800000011920929,66,2,0,33.0
2018,251,순천향대학교,대학,사립,충남,A그룹,7,5,2,2,9,7,16,2,5,0,7,0,2,0,2,425,72,7,5,2,2,11646,1.2000000476837158,7,2,11646,0.800000011920929,425,12,4,26.600000381469727
2018,252,숭실대학교,대학,사립,서울,A그룹,10,1,6,1,16,2,18,5,5,0,10,0,6,0,6,596,22,10,1,6,1,15516,1.0,10,6,15516,1.0,596,11,7,33.099998474121094
2018,253,숭실사이버대학교,대학,사립,서울,B그룹,0,0,0,0,0,0,0,0,0,0,0,0,0,0,0,0,0,0,0,0,0,5381,0.0,0,0,5381,0.0,0,0,0,0.0
2018,254,숭의여자대학교,전문대학,사립,서울,B그룹,0,0,3,0,3,0,3,0,0,0,0,0,1,2,3,52,10,0,0,3,0,3401,0.699999988079071,0,3,3401,0.8999999761581421,52,0,3,17.299999237060547
2018,255,신경주대학교,대학,사립,경북,C그룹,2,0,3,0,5,0,5,0,0,2,2,0,3,0,3,443,52,2,0,3,0,1918,2.299999952316284,2,3,1918,2.5999999046325684,443,2,3,88.5999984741211
2018,256,신구대학교,전문대학,사립,경기,A그룹,1,1,0,0,1,1,2,0,1,0,1,0,0,0,0,43,3,1,1,0,0,6527,0.3000000119209289,1,0,6527,0.2000000029802322,43,2,0,21.5
2018,257,신라대학교,대학,사립,부산,B그룹,11,0,4,0,15,0,15,5,6,0,11,0,4,0,4,198,44,11,0,4,0,10315,1.399999976158142,11,4,10315,1.5,198,11,4,13.199999809265137
2018,258,신성대학교,전문대학,사립,충남,B그룹,2,1,0,1,2,2,4,0,2,0,2,0,0,0,0,76,4,2,1,0,1,3889,0.800000011920929,2,0,3889,0.5,76,3,1,19.0
2018,259,신안산대학교,전문대학,사립,경기,B그룹,1,1,1,0,2,1,3,0,0,1,1,0,0,1,1,62,3,1,1,1,0,4287,0.6000000238418579,1,1,4287,0.5,62,2,1,20.700000762939453
2018,260,신한대학교,대학,사립,경기,B그룹,3,4,2,1,5,5,10,3,0,0,3,0,2,0,2,356,71,3,4,2,1,6898,1.2000000476837158,3,2,6898,0.699999988079071,356,7,3,35.599998474121094
2018,261,신흥대학교,전문대학,사립,경기,A그룹,0,0,0,0,0,0,0,0,0,0,0,0,0,0,0,0,0,0,0,0,0,0,0.0,0,0,0,0.0,0,0,0,0.0
2018,262,실천신학대학원대학교,대학원대학,사립,경기,-,1,0,0,0,1,0,1,1,0,0,1,0,0,0,0,18,1,1,0,0,0,48,20.799999237060547,1,0,48,20.799999237060547,18,1,0,18.0
2018,263,아신대학교,대학,사립,경기,C그룹,2,0,0,0,2,0,2,0,2,0,2,0,0,0,0,90,8,2,0,0,0,1450,1.399999976158142,2,0,1450,1.399999976158142,90,2,0,45.0
2018,264,아주대학교,대학,사립,경기,A그룹,11,2,8,3,19,5,24,3,8,0,11,0,8,0,8,703,157,11,2,8,3,13741,1.5,11,8,13741,1.399999976158142,703,13,11,29.299999237060547
2018,265,아주자동차대학교,전문대학,사립,충남,C그룹,1,0,0,0,1,0,1,0,1,0,1,0,0,0,0,31,1,1,0,0,0,951,1.100000023841858,1,0,951,1.100000023841858,31,1,0,31.0
2018,266,안동과학대학교,전문대학,사립,경북,B그룹,0,1,0,0,0,1,1,0,0,0,0,0,0,0,0,81,4,0,1,0,0,2719,0.3000000119209289,0,0,2719,0.0,81,1,0,81.0
2018,267,안산대학교,전문대학,사립,경기,A그룹,3,1,0,0,3,1,4,0,3,0,3,0,0,0,0,116,4,3,1,0,0,4364,0.8999999761581421,3,0,4364,0.699999988079071,116,4,0,29.0
2018,268,안양대학교,대학,사립,경기,B그룹,2,0,1,3,3,3,6,1,1,0,2,0,1,0,1,125,19,2,0,1,3,5384,0.800000011920929,2,1,5384,0.6000000238418579,125,2,4,20.799999237060547
2018,269,에스라성경대학원대학교,대학원대학,사립,경기,-,0,1,0,0,0,1,1,0,0,0,0,0,0,0,0,8,2,0,1,0,0,75,10.699999809265137,0,0,75,0.0,8,1,0,8.0
2018,270,여주대학교,전문대학,사립,경기,B그룹,2,0,0,0,2,0,2,0,2,0,2,0,0,0,0,60,2,2,0,0,0,5290,0.4000000059604645,2,0,5290,0.4000000059604645,60,2,0,30.0
2018,271,연성대학교,전문대학,사립,경기,A그룹,0,0,2,1,2,1,3,0,0,0,0,0,2,0,2,63,6,0,0,2,1,5820,0.4000000059604645,0,2,5820,0.3000000119209289,63,0,3,21.0
2018,272,연세대학교,대학,사립,서울,A그룹,41,4,23,10,64,14,78,13,28,0,41,0,19,4,23,2018,491,41,4,23,10,30783,2.200000047683716,41,23,30783,2.0999999046325684,2018,45,33,25.899999618530277
2018,273,연세대학교(미래),대학,사립,강원,B그룹,8,2,0,7,8,9,17,0,8,0,8,0,0,0,0,532,95,8,2,0,7,7884,1.7000000476837158,8,0,7884,1.0,532,10,7,31.299999237060547
2018,274,연암공과대학교,전문대학,사립,경남,C그룹,0,0,2,0,2,0,2,0,0,0,0,0,2,0,2,36,5,0,0,2,0,1219,1.2999999523162842,0,2,1219,1.600000023841858,36,0,2,18.0
2018,275,연암대학교,전문대학,사립,충남,C그룹,1,0,0,1,1,1,2,0,1,0,1,0,0,0,0,35,2,1,0,0,1,1044,1.399999976158142,1,0,1044,1.0,35,1,1,17.5
2018,276,영남대학교,대학,사립,경북,A그룹,26,1,4,4,30,5,35,11,14,1,26,0,4,0,4,991,146,26,1,4,4,24257,1.2999999523162842,26,4,24257,1.2000000476837158,991,27,8,28.299999237060547
2018,277,영남사이버대학교,대학,사립,경북,C그룹,0,0,0,0,0,0,0,0,0,0,0,0,0,0,0,0,0,0,0,0,0,0,0.0,0,0,0,0.0,0,0,0,0.0
2018,278,영남신학대학교,대학,사립,경북,C그룹,2,0,0,0,2,0,2,0,2,0,2,0,0,0,0,50,11,2,0,0,0,705,2.799999952316284,2,0,705,2.799999952316284,50,2,0,25.0
2018,279,영남외국어대학,전문대학,사립,경북,C그룹,0,0,0,0,0,0,0,0,0,0,0,0,0,0,0,0,0,0,0,0,0,764,0.0,0,0,764,0.0,0,0,0,0.0
2018,280,영남이공대학교,전문대학,사립,대구,A그룹,0,1,4,0,4,1,5,0,0,0,0,1,3,0,4,109,14,0,1,4,0,5886,0.699999988079071,0,4,5886,0.699999988079071,109,1,4,21.799999237060547
2018,281,영산대학교,대학,사립,경남,B그룹,7,0,1,0,8,0,8,1,6,0,7,0,1,0,1,310,32,7,0,1,0,6927,1.100000023841858,7,1,6927,1.2000000476837158,310,7,1,38.79999923706055
2018,282,영산선학대학교,대학,사립,전남,C그룹,1,0,0,0,1,0,1,1,0,0,1,0,0,0,0,21,1,1,0,0,0,46,21.700000762939453,1,0,46,21.700000762939453,21,1,0,21.0
2018,283,영진전문대학교,전문대학,사립,대구,A그룹,6,0,0,4,6,4,10,1,2,3,6,0,0,0,0,882,196,6,0,0,4,7839,1.0,6,0,7839,0.800000011920929,882,6,4,88.19999694824219
2018,284,예명대학원대학교,대학원대학,사립,서울,-,0,1,0,0,0,1,1,0,0,0,0,0,0,0,0,0,0,0,1,0,0,181,4.400000095367432,0,0,181,0.0,0,1,0,0.0
2018,285,예수대학교,대학,사립,전북,C그룹,1,0,1,0,2,0,2,0,1,0,1,0,1,0,1,127,6,1,0,1,0,571,3.200000047683716,1,1,571,3.5,127,1,1,63.5
2018,286,예원예술대학교,대학,사립,전북,C그룹,1,0,0,0,1,0,1,0,1,0,1,0,0,0,0,27,2,1,0,0,0,1198,0.800000011920929,1,0,1198,0.800000011920929,27,1,0,27.0
2018,287,오산대학교,전문대학,사립,경기,A그룹,1,0,1,1,2,1,3,1,0,0,1,0,1,0,1,281,10,1,0,1,1,4867,0.5,1,1,4867,0.4000000059604645,281,1,2,93.6999969482422
2018,288,온석대학원대학교,대학원대학,사립,경기,-,1,1,0,0,1,1,2,1,0,0,1,0,0,0,0,28,1,1,1,0,0,277,6.5,1,0,277,3.5999999046325684,28,2,0,14.0
2018,289,용인대학교,대학,사립,경기,B그룹,6,1,0,2,6,3,9,3,3,0,6,0,0,0,0,289,31,6,1,0,2,7013,1.100000023841858,6,0,7013,0.8999999761581421,289,7,2,32.099998474121094
2018,290,용인예술과학대학교,전문대학,사립,경기,B그룹,0,1,1,0,1,1,2,0,0,0,0,0,1,0,1,90,4,0,1,1,0,3838,0.4000000059604645,0,1,3838,0.3000000119209289,90,1,1,45.0
2018,291,우석대학교,대학,사립,전북,B그룹,5,2,1,2,6,4,10,0,5,0,5,0,1,0,1,392,104,5,2,1,2,8215,1.0,5,1,8215,0.699999988079071,392,7,3,39.20000076293945
2018,292,우송공업대학,전문대학,사립,대전,B그룹,0,0,0,0,0,0,0,0,0,0,0,0,0,0,0,0,0,0,0,0,0,0,0.0,0,0,0,0.0,0,0,0,0.0
2018,293,우송대학교,대학,사립,대전,A그룹,0,6,4,11,4,17,21,0,0,0,0,0,4,0,4,99,4,0,6,4,11,10109,1.2999999523162842,0,4,10109,0.4000000059604645,99,6,15,4.699999809265137
2018,294,우송정보대학,전문대학,사립,대전,B그룹,0,1,2,0,2,1,3,0,0,0,0,0,2,0,2,62,2,0,1,2,0,4827,0.5,0,2,4827,0.4000000059604645,62,1,2,20.700000762939453
2018,295,울산과학기술원,대학,국립,울산,C그룹,5,0,4,2,9,2,11,1,4,0,5,0,4,0,4,216,39,5,0,4,2,4491,2.0,5,4,4491,2.0,216,5,6,19.600000381469727
2018,296,울산과학대학교,전문대학,사립,울산,A그룹,3,0,1,0,4,0,4,1,1,1,3,0,1,0,1,259,13,3,0,1,0,4899,0.800000011920929,3,1,4899,0.800000011920929,259,3,1,64.80000305175781
2018,297,울산대학교,대학,사립,울산,A그룹,18,0,6,1,24,1,25,2,16,0,18,0,6,0,6,933,205,18,0,6,1,14107,1.7000000476837158,18,6,14107,1.7000000476837158,933,18,7,37.29999923706055
2018,298,웅지세무대학교,전문대학,사립,경기,C그룹,0,0,0,0,0,0,0,0,0,0,0,0,0,0,0,0,0,0,0,0,0,1641,0.0,0,0,1641,0.0,0,0,0,0.0
2018,299,원광대학교,대학,사립,전북,A그룹,14,1,0,14,14,15,29,5,9,0,14,0,0,0,0,1074,226,14,1,0,14,16683,1.2999999523162842,14,0,16683,0.800000011920929,1074,15,14,37.0
2018,300,원광보건대학교,전문대학,사립,전북,B그룹,2,0,0,1,2,1,3,0,2,0,2,0,0,0,0,111,7,2,0,0,1,4677,0.5,2,0,4677,0.4000000059604645,111,2,1,37.0
2018,301,원불교대학원대학교,대학원대학,사립,전북,-,0,0,0,0,0,0,0,0,0,0,0,0,0,0,0,0,0,0,0,0,0,46,0.0,0,0,46,0.0,0,0,0,0.0
2018,302,웨스트민스터신학대학원대학교,대학원대학,사립,경기,-,1,0,0,0,1,0,1,0,1,0,1,0,0,0,0,22,0,1,0,0,0,455,2.200000047683716,1,0,455,2.200000047683716,22,1,0,22.0
2018,303,위덕대학교,대학,사립,경북,C그룹,2,2,1,0,3,2,5,0,0,2,2,0,1,0,1,184,26,2,2,1,0,3490,1.2999999523162842,2,1,3490,0.8999999761581421,184,4,1,36.79999923706055
2018,304,유원대학교,대학,사립,충북,C그룹,2,2,0,1,2,3,5,2,0,0,2,0,0,0,0,101,12,2,2,0,1,3760,1.100000023841858,2,0,3760,0.5,101,4,1,20.200000762939453
2018,305,유한대학교,전문대학,사립,경기,A그룹,2,1,0,0,2,1,3,0,2,0,2,0,0,0,0,125,9,2,1,0,0,4732,0.6000000238418579,2,0,4732,0.4000000059604645,125,3,0,41.70000076293945
2018,306,육군사관학교,기타,기타,서울,-,8,0,1,0,9,0,9,5,3,0,8,0,1,0,1,66,8,8,0,1,0,0,0.0,8,1,0,0.0,66,8,1,7.300000190734863
2018,307,을지대학교,대학,사립,대전,B그룹,1,0,4,5,5,5,10,0,1,0,1,0,4,0,4,146,16,1,0,4,5,5377,1.2000000476837158,1,4,5377,0.8999999761581421,146,1,9,14.600000381469728
2018,308,이화여자대학교,대학,사립,서울,A그룹,23,2,19,2,42,4,46,12,11,0,23,0,7,12,19,1503,533,23,2,19,2,21639,1.899999976158142,23,19,21639,1.899999976158142,1503,25,21,32.70000076293945
2018,309,인덕대학교,전문대학,사립,서울,A그룹,2,0,0,0,2,0,2,0,1,1,2,0,0,0,0,20,2,2,0,0,0,6245,0.3000000119209289,2,0,6245,0.3000000119209289,20,2,0,10.0
2018,310,인제대학교,대학,사립,경남,B그룹,7,3,4,1,11,4,15,2,5,0,7,0,4,0,4,466,144,7,3,4,1,11005,1.2000000476837158,7,4,11005,1.0,466,10,5,31.100000381469727
2018,311,인제대학원대학교,대학원대학,사립,서울,-,0,0,0,0,0,0,0,0,0,0,0,0,0,0,0,0,0,0,0,0,0,0,0.0,0,0,0,0.0,0,0,0,0.0
2018,312,인천가톨릭대학교,대학,사립,인천,C그룹,3,0,0,0,3,0,3,0,3,0,3,0,0,0,0,135,3,3,0,0,0,859,3.5,3,0,859,3.5,135,3,0,45.0
2018,313,인천대학교,대학,국립,인천,A그룹,12,3,0,0,12,3,15,2,5,5,12,0,0,0,0,1232,281,12,3,0,0,13500,1.100000023841858,12,0,13500,0.8999999761581421,1232,15,0,82.0999984741211
2018,314,인천전문대학,전문대학,공립,인천,A그룹,0,0,0,0,0,0,0,0,0,0,0,0,0,0,0,0,0,0,0,0,0,0,0.0,0,0,0,0.0,0,0,0,0.0
2018,315,인하공업전문대학,전문대학,사립,인천,A그룹,1,1,2,0,3,1,4,0,1,0,1,0,1,1,2,280,37,1,1,2,0,6470,0.5,1,2,6470,0.5,280,2,2,70.0
2018,316,인하대학교,대학,사립,인천,A그룹,15,0,9,1,24,1,25,8,6,1,15,0,9,0,9,918,127,15,0,9,1,20205,1.100000023841858,15,9,20205,1.2000000476837158,918,15,10,36.70000076293945
2018,317,장로회신학대학교,대학,사립,서울,C그룹,3,3,1,0,4,3,7,0,3,0,3,0,1,0,1,284,34,3,3,1,0,2230,2.799999952316284,3,1,2230,1.7999999523162842,284,6,1,40.59999847412109
2018,318,장안대학교,전문대학,사립,경기,B그룹,2,0,0,2,2,2,4,0,1,1,2,0,0,0,0,78,5,2,0,0,2,5805,0.5,2,0,5805,0.3000000119209289,78,2,2,19.5
2018,319,재능대학교,전문대학,사립,인천,B그룹,1,0,0,1,1,1,2,0,0,1,1,0,0,0,0,94,10,1,0,0,1,3932,0.4000000059604645,1,0,3932,0.3000000119209289,94,1,1,47.0
2018,320,전남과학대학교,전문대학,사립,전남,B그룹,2,0,0,0,2,0,2,1,1,0,2,0,0,0,0,36,2,2,0,0,0,4112,0.5,2,0,4112,0.5,36,2,0,18.0
2018,321,전남대학교,대학,국립,광주,A그룹,32,5,3,2,35,7,42,9,23,0,32,0,3,0,3,3867,889,32,5,3,2,24197,1.600000023841858,32,3,24197,1.399999976158142,3867,37,5,92.0999984741211
2018,322,전남도립대학교,전문대학,공립,전남,C그룹,2,0,0,1,2,1,3,1,1,0,2,0,0,0,0,256,30,2,0,0,1,1377,1.7999999523162842,2,0,1377,1.5,256,2,1,85.30000305175781
2018,323,전북과학대학교,전문대학,사립,전북,C그룹,1,0,0,0,1,0,1,0,1,0,1,0,0,0,0,35,2,1,0,0,0,1613,0.6000000238418579,1,0,1613,0.6000000238418579,35,1,0,35.0
2018,324,전북대학교,대학,국립,전북,A그룹,30,2,4,0,34,2,36,11,17,2,30,0,4,0,4,2093,372,30,2,4,0,22114,1.600000023841858,30,4,22114,1.5,2093,32,4,58.09999847412109
2018,325,전주교육대학교,대학,국립,전북,C그룹,4,0,0,0,4,0,4,1,3,0,4,0,0,0,0,460,79,4,0,0,0,1401,2.900000095367432,4,0,1401,2.900000095367432,460,4,0,115.0
2018,326,전주기전대학,전문대학,사립,전북,C그룹,0,0,1,0,1,0,1,0,0,0,0,1,0,0,1,39,1,0,0,1,0,1812,0.4000000059604645,0,1,1812,0.6000000238418579,39,0,1,39.0
2018,327,전주대학교,대학,사립,전북,A그룹,7,0,8,3,15,3,18,4,3,0,7,0,8,0,8,455,35,7,0,8,3,12277,1.2000000476837158,7,8,12277,1.2000000476837158,455,7,11,25.299999237060547
2018,328,전주비전대학교,전문대학,사립,전북,B그룹,1,0,1,0,2,0,2,0,1,0,1,0,1,0,1,63,4,1,0,1,0,3530,0.5,1,1,3530,0.6000000238418579,63,1,1,31.5
2018,329,제네바신학대학원대학교,대학원대학,사립,경기,-,1,1,0,0,1,1,2,1,0,0,1,0,0,0,0,0,0,1,1,0,0,9,200.0,1,0,9,111.0999984741211,0,2,0,0.0
2018,330,제주관광대학교,전문대학,사립,제주,C그룹,1,0,0,1,1,1,2,0,1,0,1,0,0,0,0,19,1,1,0,0,1,2316,0.6000000238418579,1,0,2316,0.4000000059604645,19,1,1,9.5
2018,331,제주국제대학교,대학,사립,제주,C그룹,1,1,0,0,1,1,2,0,1,0,1,0,0,0,0,33,2,1,1,0,0,1717,1.0,1,0,1717,0.6000000238418579,33,2,0,16.5
2018,332,제주대학교,대학,국립,제주,A그룹,16,3,1,0,17,3,20,3,9,4,16,0,1,0,1,1588,322,16,3,1,0,12227,1.600000023841858,16,1,12227,1.399999976158142,1588,19,1,79.4000015258789
2018,333,제주한라대학교,전문대학,사립,제주,A그룹,0,0,2,0,2,0,2,0,0,0,0,0,2,0,2,76,4,0,0,2,0,4948,0.3000000119209289,0,2,4948,0.4000000059604645,76,0,2,38.0
2018,334,조선간호대학교,전문대학,사립,광주,C그룹,0,0,1,0,1,0,1,0,0,0,0,0,1,0,1,33,2,0,0,1,0,791,1.0,0,1,791,1.2999999523162842,33,0,1,33.0
2018,335,조선대학교,대학,사립,광주,A그룹,14,1,0,9,14,10,24,1,13,0,14,0,0,0,0,850,205,14,1,0,9,21593,0.8999999761581421,14,0,21593,0.6000000238418579,850,15,9,35.400001525878906
2018,336,조선이공대학교,전문대학,사립,광주,B그룹,1,0,1,0,2,0,2,0,1,0,1,0,1,0,1,69,4,1,0,1,0,3371,0.5,1,1,3371,0.6000000238418579,69,1,1,34.5
2018,337,주안대학원대학교,대학원대학,사립,인천,-,1,0,0,0,1,0,1,1,0,0,1,0,0,0,0,33,1,1,0,0,0,69,14.5,1,0,69,14.5,33,1,0,33.0
2018,338,중부대학교,대학,사립,충남,B그룹,3,0,5,4,8,4,12,0,3,0,3,0,5,0,5,305,52,3,0,5,4,9467,1.0,3,5,9467,0.800000011920929,305,3,9,25.399999618530277
2018,339,중앙대학교,대학,사립,서울,A그룹,16,0,21,0,37,0,37,7,9,0,16,1,19,1,21,1308,231,16,0,21,0,28820,1.100000023841858,16,21,28820,1.2999999523162842,1308,16,21,35.400001525878906
2018,340,중앙승가대학교,대학,사립,경기,C그룹,1,1,1,0,2,1,3,0,0,1,1,0,1,0,1,15,5,1,1,1,0,270,9.600000381469728,1,1,270,7.400000095367432,15,2,1,5.0
2018,341,중원대학교,대학,사립,충북,C그룹,1,2,2,0,3,2,5,0,1,0,1,0,2,0,2,135,18,1,2,2,0,3776,1.100000023841858,1,2,3776,0.800000011920929,135,3,2,27.0
2018,342,진주교육대학교,대학,국립,경남,C그룹,4,0,0,0,4,0,4,0,3,1,4,0,0,0,0,271,69,4,0,0,0,1806,2.200000047683716,4,0,1806,2.200000047683716,271,4,0,67.80000305175781
2018,343,진주보건대학교,전문대학,사립,경남,B그룹,1,0,2,1,3,1,4,1,0,0,1,1,1,0,2,58,6,1,0,2,1,2850,1.100000023841858,1,2,2850,1.100000023841858,58,1,3,14.5
2018,344,차의과학대학교,대학,사립,경기,C그룹,2,1,1,0,3,1,4,0,2,0,2,0,1,0,1,176,18,2,1,1,0,3081,1.2000000476837158,2,1,3081,1.0,176,3,1,44.0
2018,345,창신대학교,대학,사립,경남,C그룹,1,0,1,0,2,0,2,1,0,0,1,0,1,0,1,74,3,1,0,1,0,1720,1.0,1,1,1720,1.2000000476837158,74,1,1,37.0
2018,346,창원문성대학교,전문대학,사립,경남,C그룹,1,1,0,0,1,1,2,0,1,0,1,0,0,0,0,49,3,1,1,0,0,3386,0.5,1,0,3386,0.3000000119209289,49,2,0,24.5
2018,347,청강문화산업대학교,전문대학,사립,경기,B그룹,1,0,2,0,3,0,3,0,1,0,1,0,2,0,2,24,3,1,0,2,0,3568,0.699999988079071,1,2,3568,0.800000011920929,24,1,2,8.0
2018,348,청암대학교,전문대학,사립,전남,B그룹,1,0,0,0,1,0,1,0,1,0,1,0,0,0,0,61,7,1,0,0,0,2780,0.4000000059604645,1,0,2780,0.4000000059604645,61,1,0,61.0
2018,349,청운대학교,대학,사립,충남,B그룹,4,1,3,2,7,3,10,0,4,0,4,0,3,0,3,453,71,4,1,3,2,6847,1.2000000476837158,4,3,6847,1.0,453,5,5,45.29999923706055
2018,350,청주교육대학교,대학,국립,충북,C그룹,3,0,0,0,3,0,3,0,3,0,3,0,0,0,0,280,11,3,0,0,0,1651,1.7999999523162842,3,0,1651,1.7999999523162842,280,3,0,93.3000030517578
2018,351,청주대학교,대학,사립,충북,A그룹,6,0,10,0,16,0,16,1,5,0,6,0,10,0,10,764,161,6,0,10,0,11862,1.2000000476837158,6,10,11862,1.2999999523162842,764,6,10,47.79999923706055
2018,352,초당대학교,대학,사립,전남,C그룹,3,0,0,1,3,1,4,0,3,0,3,0,0,0,0,687,20,3,0,0,1,3358,1.0,3,0,3358,0.8999999761581421,687,3,1,171.8000030517578
2018,353,총신대학교,대학,사립,서울,C그룹,1,1,4,1,5,2,7,0,1,0,1,0,4,0,4,318,18,1,1,4,1,4099,1.2999999523162842,1,4,4099,1.2000000476837158,318,2,5,45.400001525878906
2018,354,추계예술대학교,대학,사립,서울,C그룹,2,2,0,0,2,2,4,0,2,0,2,0,0,0,0,130,9,2,2,0,0,1387,2.5999999046325684,2,0,1387,1.399999976158142,130,4,0,32.5
2018,355,춘천교육대학교,대학,국립,강원,C그룹,3,1,0,0,3,1,4,1,2,0,3,0,0,0,0,194,16,3,1,0,0,1818,2.0999999046325684,3,0,1818,1.7000000476837158,194,4,0,48.5
2018,356,춘해보건대학교,전문대학,사립,울산,B그룹,1,1,0,0,1,1,2,0,1,0,1,0,0,0,0,58,7,1,1,0,0,2605,0.699999988079071,1,0,2605,0.4000000059604645,58,2,0,29.0
2018,357,충남대학교,대학,국립,대전,A그룹,30,1,1,3,31,4,35,17,13,0,30,0,1,0,1,2492,427,30,1,1,3,23452,1.399999976158142,30,1,23452,1.2999999523162842,2492,31,4,71.19999694824219
2018,358,충남도립대학교,전문대학,공립,충남,C그룹,2,1,0,0,2,1,3,1,0,1,2,0,0,0,0,131,22,2,1,0,0,1148,2.400000095367432,2,0,1148,1.7000000476837158,131,3,0,43.70000076293945
2018,359,충북대학교,대학,국립,충북,A그룹,22,1,0,2,22,3,25,5,16,1,22,0,0,0,0,2472,656,22,1,0,2,17510,1.399999976158142,22,0,17510,1.2999999523162842,2472,23,2,98.9000015258789
2018,360,충북도립대학교,전문대학,공립,충북,C그룹,1,0,0,0,1,0,1,0,1,0,1,0,0,0,0,38,4,1,0,0,0,928,1.100000023841858,1,0,928,1.100000023841858,38,1,0,38.0
2018,361,충북보건과학대학교,전문대학,사립,충북,B그룹,1,1,0,0,1,1,2,0,1,0,1,0,0,0,0,65,4,1,1,0,0,2832,0.6000000238418579,1,0,2832,0.4000000059604645,65,2,0,32.5
2018,362,충청대학교,전문대학,사립,충북,B그룹,3,0,0,0,3,0,3,0,3,0,3,0,0,0,0,153,15,3,0,0,0,4778,0.6000000238418579,3,0,4778,0.6000000238418579,153,3,0,51.0
2018,363,치유상담대학원대학교,대학원대학,사립,서울,-,1,0,0,0,1,0,1,1,0,0,1,0,0,0,0,23,2,1,0,0,0,147,6.800000190734863,1,0,147,6.800000190734863,23,1,0,23.0
2018,364,칼빈대학교,대학,사립,경기,C그룹,2,0,0,0,2,0,2,1,1,0,2,0,0,0,0,109,14,2,0,0,0,821,2.400000095367432,2,0,821,2.400000095367432,109,2,0,54.5
2018,365,탐라대학교,대학,사립,제주,C그룹,0,0,0,0,0,0,0,0,0,0,0,0,0,0,0,0,0,0,0,0,0,0,0.0,0,0,0,0.0,0,0,0,0.0
2018,366,평택대학교,대학,사립,경기,C그룹,4,1,0,3,4,4,8,1,3,0,4,0,0,0,0,247,107,4,1,0,3,4556,1.399999976158142,4,0,4556,0.8999999761581421,247,5,3,30.899999618530277
2018,367,포항공과대학교,대학,사립,경북,C그룹,6,1,1,2,7,3,10,1,3,2,6,0,0,1,1,805,87,6,1,1,2,3198,2.700000047683716,6,1,3198,2.200000047683716,805,7,3,80.5
2018,368,포항대학교,전문대학,사립,경북,C그룹,1,0,0,0,1,0,1,0,1,0,1,0,0,0,0,31,1,1,0,0,0,1953,0.5,1,0,1953,0.5,31,1,0,31.0
2018,369,한경국립대학교,대학,국립,경기,B그룹,7,1,1,0,8,1,9,3,4,0,7,0,1,0,1,729,131,7,1,1,0,6976,1.2000000476837158,7,1,6976,1.100000023841858,729,8,1,81.0
2018,370,한국개발연구원국제정책대학원대학교,대학원대학,사립,세종,-,4,0,0,0,4,0,4,0,4,0,4,0,0,0,0,161,22,4,0,0,0,807,5.0,4,0,807,5.0,161,4,0,40.29999923706055
2018,371,한국골프과학기술대학교,전문대학,사립,강원,C그룹,1,0,0,0,1,0,1,0,1,0,1,0,0,0,0,37,2,1,0,0,0,473,2.0999999046325684,1,0,473,2.0999999046325684,37,1,0,37.0
2018,372,한국공학대학교,대학,사립,경기,B그룹,1,1,8,0,9,1,10,0,1,0,1,0,7,1,8,373,17,1,1,8,0,7746,1.100000023841858,1,8,7746,1.2000000476837158,373,2,8,37.29999923706055
2018,373,한국과학기술원,대학,국립,대전,A그룹,14,5,5,8,19,13,32,5,9,0,14,0,5,0,5,1310,178,14,5,5,8,10515,2.5,14,5,10515,1.7999999523162842,1310,19,13,40.900001525878906
2018,374,한국관광대학교,전문대학,사립,경기,C그룹,1,2,0,0,1,2,3,0,1,0,1,0,0,0,0,86,12,1,2,0,0,1902,1.399999976158142,1,0,1902,0.5,86,3,0,28.700000762939453
2018,375,한국교원대학교,대학,국립,충북,B그룹,12,0,0,1,12,1,13,4,8,0,12,0,0,0,0,975,146,12,0,0,1,5678,2.200000047683716,12,0,5678,2.0999999046325684,975,12,1,75.0
2018,376,한국국제대학교,대학,사립,경남,C그룹,2,3,0,0,2,3,5,0,2,0,2,0,0,0,0,157,13,2,3,0,0,3362,1.2999999523162842,2,0,3362,0.6000000238418579,157,5,0,31.399999618530277
2018,377,한국기술교육대학교,대학,사립,충남,C그룹,4,2,3,0,7,2,9,1,3,0,4,0,3,0,3,301,91,4,2,3,0,4919,1.600000023841858,4,3,4919,1.399999976158142,301,6,3,33.400001525878906
2018,378,한국농수산대학교,전문대학,국립,전북,C그룹,1,0,2,0,3,0,3,0,1,0,1,0,2,0,2,28,1,1,0,2,0,1313,2.0,1,2,1313,2.299999952316284,28,1,2,9.300000190734863
2018,379,한국방송통신대학교,대학,국립,서울,A그룹,26,6,0,0,26,6,32,8,18,0,26,0,0,0,0,2450,87,26,6,0,0,117765,0.3000000119209289,26,0,117765,0.2000000029802322,2450,32,0,76.5999984741211
2018,380,한국복지사이버대학교,전문대학,사립,경북,B그룹,0,1,0,0,0,1,1,0,0,0,0,0,0,0,0,29,7,0,1,0,0,1719,0.5,0,0,1719,0.0,29,1,0,29.0
2018,381,한국상담대학원대학교,대학원대학,사립,서울,-,0,0,1,0,1,0,1,0,0,0,0,0,1,0,1,31,1,0,0,1,0,153,5.199999809265137,0,1,153,6.5,31,0,1,31.0
2018,382,한국성서대학교,대학,사립,서울,C그룹,2,0,1,0,3,0,3,2,0,0,2,0,1,0,1,135,19,2,0,1,0,1256,2.200000047683716,2,1,1256,2.400000095367432,135,2,1,45.0
2018,383,한국승강기대학교,전문대학,사립,경남,C그룹,1,0,0,1,1,1,2,0,1,0,1,0,0,0,0,64,3,1,0,0,1,652,2.299999952316284,1,0,652,1.5,64,1,1,32.0
2018,384,한국에너지공과대학교,대학,국립,전남,C그룹,0,0,0,0,0,0,0,0,0,0,0,0,0,0,0,0,0,0,0,0,0,0,0.0,0,0,0,0.0,0,0,0,0.0
2018,385,한국열린사이버대학교,대학,사립,서울,B그룹,0,1,0,1,0,2,2,0,0,0,0,0,0,0,0,0,0,0,1,0,1,4548,0.3000000119209289,0,0,4548,0.0,0,1,1,0.0
2018,386,한국영상대학교,전문대학,사립,세종,B그룹,2,0,0,2,2,2,4,0,2,0,2,0,0,0,0,129,14,2,0,0,2,3370,0.8999999761581421,2,0,3370,0.6000000238418579,129,2,2,32.29999923706055
2018,387,한국예술종합학교,대학,국립,서울,C그룹,8,0,7,0,15,0,15,0,7,1,8,0,7,0,7,644,88,8,0,7,0,2599,5.199999809265137,8,7,2599,5.800000190734863,644,8,7,42.900001525878906
2018,388,한국외국어대학교,대학,사립,서울,A그룹,20,2,0,0,20,2,22,1,16,3,20,0,0,0,0,905,113,20,2,0,0,19512,1.100000023841858,20,0,19512,1.0,905,22,0,41.09999847412109
2018,389,한국전력국제원자력대학원대학교,대학원대학,사립,울산,-,1,0,0,0,1,0,1,0,1,0,1,0,0,0,0,34,1,1,0,0,0,108,9.300000190734863,1,0,108,9.300000190734863,34,1,0,34.0
2018,390,한국전통문화대학교,대학,국립,충남,C그룹,2,0,5,0,7,0,7,1,1,0,2,0,5,0,5,171,9,2,0,5,0,678,8.800000190734863,2,5,678,10.300000190734863,171,2,5,24.399999618530277
2018,391,한국정보통신대학교,대학,사립,대전,C그룹,0,0,0,0,0,0,0,0,0,0,0,0,0,0,0,0,0,0,0,0,0,0,0.0,0,0,0,0.0,0,0,0,0.0
2018,392,한국철도대학,전문대학,국립,경기,C그룹,0,0,0,0,0,0,0,0,0,0,0,0,0,0,0,0,0,0,0,0,0,0,0.0,0,0,0,0.0,0,0,0,0.0
2018,393,한국체육대학교,대학,국립,서울,C그룹,4,0,1,0,5,0,5,2,2,0,4,0,1,0,1,302,32,4,0,1,0,3128,1.5,4,1,3128,1.600000023841858,302,4,1,60.400001525878906
2018,394,한국침례신학대학교,대학,사립,대전,C그룹,2,2,0,7,2,9,11,0,2,0,2,0,0,0,0,358,48,2,2,0,7,2353,3.0,2,0,2353,0.800000011920929,358,4,7,32.5
2018,395,한국폴리텍Ⅰ대학서울강서캠퍼스,전문대학,사립,서울,C그룹,0,0,0,1,0,1,1,0,0,0,0,0,0,0,0,0,0,0,0,0,1,505,1.0,0,0,505,0.0,0,0,1,0.0
2018,396,한국폴리텍Ⅰ대학서울정수캠퍼스,전문대학,사립,서울,C그룹,0,1,0,0,0,1,1,0,0,0,0,0,0,0,0,145,5,0,1,0,0,1420,0.6000000238418579,0,0,1420,0.0,145,1,0,145.0
2018,397,한국폴리텍Ⅰ대학성남캠퍼스,전문대학,사립,경기,C그룹,0,1,0,0,0,1,1,0,0,0,0,0,0,0,0,5,1,0,1,0,0,962,0.800000011920929,0,0,962,0.0,5,1,0,5.0
2018,398,한국폴리텍Ⅰ대학제주캠퍼스,전문대학,사립,제주,C그룹,0,1,0,0,0,1,1,0,0,0,0,0,0,0,0,0,0,0,1,0,0,33,24.200000762939453,0,0,33,0.0,0,1,0,0.0
2018,399,한국폴리텍Ⅱ대학남인천캠퍼스,전문대학,사립,인천,C그룹,0,0,0,0,0,0,0,0,0,0,0,0,0,0,0,0,0,0,0,0,0,0,0.0,0,0,0,0.0,0,0,0,0.0
2018,400,한국폴리텍Ⅱ대학인천캠퍼스,전문대학,사립,인천,C그룹,0,1,0,5,0,6,6,0,0,0,0,0,0,0,0,0,0,0,1,0,5,2365,1.399999976158142,0,0,2365,0.0,0,1,5,0.0
2018,401,한국폴리텍Ⅱ대학화성캠퍼스,전문대학,사립,경기,C그룹,0,0,0,0,0,0,0,0,0,0,0,0,0,0,0,0,0,0,0,0,0,0,0.0,0,0,0,0.0,0,0,0,0.0
2018,402,한국폴리텍Ⅲ대학강릉캠퍼스,전문대학,사립,강원,C그룹,0,1,0,0,0,1,1,0,0,0,0,0,0,0,0,6,1,0,1,0,0,119,6.699999809265137,0,0,119,0.0,6,1,0,6.0
2018,403,한국폴리텍Ⅲ대학원주캠퍼스,전문대학,사립,강원,C그룹,0,1,0,0,0,1,1,0,0,0,0,0,0,0,0,4,1,0,1,0,0,55,14.5,0,0,55,0.0,4,1,0,4.0
2018,404,한국폴리텍Ⅲ대학춘천캠퍼스,전문대학,사립,강원,C그룹,0,0,0,0,0,0,0,0,0,0,0,0,0,0,0,0,0,0,0,0,0,0,0.0,0,0,0,0.0,0,0,0,0.0
2018,405,한국폴리텍Ⅳ대학대전캠퍼스,전문대학,사립,대전,C그룹,0,0,0,0,0,0,0,0,0,0,0,0,0,0,0,0,0,0,0,0,0,1047,0.0,0,0,1047,0.0,0,0,0,0.0
2018,406,한국폴리텍Ⅳ대학아산캠퍼스,전문대학,사립,충남,C그룹,0,1,0,0,0,1,1,0,0,0,0,0,0,0,0,0,0,0,1,0,0,549,1.5,0,0,549,0.0,0,1,0,0.0
2018,407,한국폴리텍Ⅳ대학청주캠퍼스,전문대학,사립,충북,C그룹,0,1,0,1,0,2,2,0,0,0,0,0,0,0,0,0,0,0,1,0,1,818,1.600000023841858,0,0,818,0.0,0,1,1,0.0
2018,408,한국폴리텍Ⅳ대학충남캠퍼스,전문대학,사립,충남,C그룹,0,0,0,0,0,0,0,0,0,0,0,0,0,0,0,0,0,0,0,0,0,0,0.0,0,0,0,0.0,0,0,0,0.0
2018,409,한국폴리텍Ⅴ대학광주캠퍼스,전문대학,사립,광주,C그룹,0,1,0,0,0,1,1,0,0,0,0,0,0,0,0,30,1,0,1,0,0,819,1.0,0,0,819,0.0,30,1,0,30.0
2018,410,한국폴리텍Ⅴ대학순천캠퍼스,전문대학,사립,전남,C그룹,0,0,0,0,0,0,0,0,0,0,0,0,0,0,0,0,0,0,0,0,0,0,0.0,0,0,0,0.0,0,0,0,0.0
2018,411,한국폴리텍Ⅴ대학익산캠퍼스,전문대학,사립,전북,C그룹,0,0,0,0,0,0,0,0,0,0,0,0,0,0,0,0,0,0,0,0,0,0,0.0,0,0,0,0.0,0,0,0,0.0
2018,412,한국폴리텍Ⅴ대학전남캠퍼스,전문대학,사립,전남,C그룹,0,0,0,0,0,0,0,0,0,0,0,0,0,0,0,0,0,0,0,0,0,0,0.0,0,0,0,0.0,0,0,0,0.0
2018,413,한국폴리텍Ⅴ대학전북캠퍼스,전문대학,사립,전북,C그룹,0,0,0,0,0,0,0,0,0,0,0,0,0,0,0,27,1,0,0,0,0,534,0.0,0,0,534,0.0,27,0,0,0.0
2018,414,한국폴리텍Ⅵ대학구미캠퍼스,전문대학,사립,경북,C그룹,0,2,0,0,0,2,2,0,0,0,0,0,0,0,0,4,1,0,2,0,0,552,2.900000095367432,0,0,552,0.0,4,2,0,2.0
2018,415,한국폴리텍Ⅵ대학대구캠퍼스,전문대학,사립,대구,C그룹,0,0,0,2,0,2,2,0,0,0,0,0,0,0,0,0,0,0,0,0,2,1075,0.8999999761581421,0,0,1075,0.0,0,0,2,0.0
2018,416,한국폴리텍Ⅵ대학영남융합기술캠퍼스,전문대학,사립,대구,C그룹,0,1,0,0,0,1,1,0,0,0,0,0,0,0,0,0,0,0,1,0,0,338,2.400000095367432,0,0,338,0.0,0,1,0,0.0
2018,417,한국폴리텍Ⅵ대학영주캠퍼스,전문대학,사립,경북,C그룹,0,1,0,0,0,1,1,0,0,0,0,0,0,0,0,7,0,0,1,0,0,55,14.5,0,0,55,0.0,7,1,0,7.0
2018,418,한국폴리텍Ⅶ대학동부산캠퍼스,전문대학,사립,부산,C그룹,0,0,0,0,0,0,0,0,0,0,0,0,0,0,0,0,0,0,0,0,0,0,0.0,0,0,0,0.0,0,0,0,0.0
2018,419,한국폴리텍Ⅶ대학부산캠퍼스,전문대학,사립,부산,C그룹,0,0,0,1,0,1,1,0,0,0,0,0,0,0,0,0,0,0,0,0,1,1005,0.5,0,0,1005,0.0,0,0,1,0.0
2018,420,한국폴리텍Ⅶ대학울산캠퍼스,전문대학,사립,울산,C그룹,0,0,0,1,0,1,1,0,0,0,0,0,0,0,0,0,0,0,0,0,1,858,0.6000000238418579,0,0,858,0.0,0,0,1,0.0
2018,421,한국폴리텍Ⅶ대학진주캠퍼스,전문대학,사립,경남,C그룹,0,0,0,0,0,0,0,0,0,0,0,0,0,0,0,0,0,0,0,0,0,0,0.0,0,0,0,0.0,0,0,0,0.0
2018,422,한국폴리텍Ⅶ대학창원캠퍼스,전문대학,사립,경남,C그룹,0,1,0,0,0,1,1,0,0,0,0,0,0,0,0,6,1,0,1,0,0,1509,0.5,0,0,1509,0.0,6,1,0,6.0
2018,423,한국폴리텍특성화 로봇캠퍼스,전문대학,사립,경북,C그룹,0,0,0,0,0,0,0,0,0,0,0,0,0,0,0,0,0,0,0,0,0,0,0.0,0,0,0,0.0,0,0,0,0.0
2018,424,한국폴리텍특성화 바이오캠퍼스,전문대학,사립,충남,C그룹,0,0,0,0,0,0,0,0,0,0,0,0,0,0,0,0,0,0,0,0,0,0,0.0,0,0,0,0.0,0,0,0,0.0
2018,425,한국폴리텍특성화 반도체융합캠퍼스,전문대학,사립,경기,C그룹,0,1,0,0,0,1,1,0,0,0,0,0,0,0,0,0,0,0,1,0,0,566,1.399999976158142,0,0,566,0.0,0,1,0,0.0
2018,426,한국폴리텍특성화 항공캠퍼스,전문대학,사립,경남,C그룹,0,1,0,0,0,1,1,0,0,0,0,0,0,0,0,8,1,0,1,0,0,533,1.5,0,0,533,0.0,8,1,0,8.0
2018,427,한국학대학원,대학원대학,국립,경기,-,0,0,0,0,0,0,0,0,0,0,0,0,0,0,0,0,0,0,0,0,0,0,0.0,0,0,0,0.0,0,0,0,0.0
2018,428,한국항공대학교,대학,사립,경기,C그룹,5,1,0,0,5,1,6,2,1,2,5,0,0,0,0,198,30,5,1,0,0,4602,1.2999999523162842,5,0,4602,1.100000023841858,198,6,0,33.0
2018,429,한남대학교,대학,사립,대전,A그룹,10,0,6,1,16,1,17,7,3,0,10,0,6,0,6,579,35,10,0,6,1,12700,1.2000000476837158,10,6,12700,1.2999999523162842,579,10,7,34.099998474121094
2018,430,한동대학교,대학,사립,경북,C그룹,3,1,1,0,4,1,5,0,2,1,3,0,1,0,1,127,11,3,1,1,0,4420,1.0,3,1,4420,0.8999999761581421,127,4,1,25.399999618530277
2018,431,한라대학교,대학,사립,강원,C그룹,1,3,1,1,2,4,6,1,0,0,1,0,1,0,1,44,8,1,3,1,1,3973,1.2000000476837158,1,1,3973,0.5,44,4,2,7.300000190734863
2018,432,한려대학교,대학,사립,전남,C그룹,1,0,0,0,1,0,1,0,1,0,1,0,0,0,0,8,1,1,0,0,0,605,1.7000000476837158,1,0,605,1.7000000476837158,8,1,0,8.0
2018,433,한림국제대학원대학교,대학원대학,사립,서울,-,0,1,0,1,0,2,2,0,0,0,0,0,0,0,0,4,1,0,1,0,1,165,7.900000095367432,0,0,165,0.0,4,1,1,2.0
2018,434,한림대학교,대학,사립,강원,B그룹,7,2,0,4,7,6,13,2,4,1,7,0,0,0,0,604,74,7,2,0,4,8770,1.2000000476837158,7,0,8770,0.800000011920929,604,9,4,46.5
2018,435,한림성심대학교,전문대학,사립,강원,B그룹,2,0,0,1,2,1,3,0,2,0,2,0,0,0,0,63,14,2,0,0,1,3238,0.800000011920929,2,0,3238,0.6000000238418579,63,2,1,21.0
2018,436,한민학교,대학,사립,충남,C그룹,0,0,0,0,0,0,0,0,0,0,0,0,0,0,0,0,0,0,0,0,0,0,0.0,0,0,0,0.0,0,0,0,0.0
2018,437,한반도국제대학원대학교,대학원대학,사립,서울,-,1,0,0,0,1,0,1,0,1,0,1,0,0,0,0,0,0,1,0,0,0,64,15.600000381469728,1,0,64,15.600000381469728,0,1,0,0.0
2018,438,한북대학교,대학,사립,경기,C그룹,0,0,0,0,0,0,0,0,0,0,0,0,0,0,0,0,0,0,0,0,0,0,0.0,0,0,0,0.0,0,0,0,0.0
2018,439,한서대학교,대학,사립,충남,B그룹,2,0,4,5,6,5,11,1,1,0,2,0,4,0,4,445,47,2,0,4,5,7780,1.0,2,4,7780,0.800000011920929,445,2,9,40.5
2018,440,한성대학교,대학,사립,서울,B그룹,5,0,6,1,11,1,12,0,5,0,5,0,6,0,6,678,77,5,0,6,1,7180,1.399999976158142,5,6,7180,1.5,678,5,7,56.5
2018,441,한세대학교,대학,사립,경기,C그룹,3,2,0,0,3,2,5,0,2,1,3,0,0,0,0,165,65,3,2,0,0,3682,1.2000000476837158,3,0,3682,0.800000011920929,165,5,0,33.0
2018,442,한신대학교,대학,사립,경기,B그룹,3,3,3,0,6,3,9,1,2,0,3,0,3,0,3,308,41,3,3,3,0,5511,1.399999976158142,3,3,5511,1.100000023841858,308,6,3,34.20000076293945
2018,443,한양대학교,대학,사립,서울,A그룹,18,1,3,0,21,1,22,11,5,2,18,0,3,0,3,619,122,18,1,3,0,22418,0.8999999761581421,18,3,22418,0.8999999761581421,619,19,3,28.100000381469727
2018,444,한양대학교(ERICA),대학,사립,경기,A그룹,8,0,3,0,11,0,11,2,6,0,8,0,3,0,3,383,32,8,0,3,0,10255,1.0,8,3,10255,1.100000023841858,383,8,3,34.79999923706055
2018,445,한양여자대학교,전문대학,사립,서울,A그룹,1,0,3,0,4,0,4,0,1,0,1,0,3,0,3,201,31,1,0,3,0,6679,0.5,1,3,6679,0.6000000238418579,201,1,3,50.29999923706055
2018,446,한영대학교,전문대학,사립,전남,C그룹,0,0,1,1,1,1,2,0,0,0,0,0,1,0,1,51,5,0,0,1,1,1357,1.0,0,1,1357,0.699999988079071,51,0,2,25.5
2018,447,한일장신대학교,대학,사립,전북,C그룹,2,0,0,0,2,0,2,1,1,0,2,0,0,0,0,54,7,2,0,0,0,1162,1.7000000476837158,2,0,1162,1.7000000476837158,54,2,0,27.0
2018,448,한중대학교,대학,사립,강원,C그룹,0,0,0,0,0,0,0,0,0,0,0,0,0,0,0,0,0,0,0,0,0,0,0.0,0,0,0,0.0,0,0,0,0.0
2018,449,합동신학대학원대학교,대학원대학,사립,경기,-,3,0,0,0,3,0,3,0,2,1,3,0,0,0,0,80,10,3,0,0,0,304,9.899999618530272,3,0,304,9.899999618530272,80,3,0,26.700000762939453
2018,450,해군사관학교,기타,기타,경남,-,7,0,0,0,7,0,7,3,4,0,7,0,0,0,0,252,6,7,0,0,0,0,0.0,7,0,0,0.0,252,7,0,36.0
2018,451,협성대학교,대학,사립,경기,C그룹,2,1,1,1,3,2,5,1,1,0,2,0,1,0,1,123,8,2,1,1,1,4691,0.8999999761581421,2,1,4691,0.6000000238418579,123,3,2,24.600000381469727
2018,452,혜전대학교,전문대학,사립,충남,B그룹,1,0,1,2,2,2,4,0,1,0,1,0,1,0,1,128,6,1,0,1,2,2951,0.8999999761581421,1,1,2951,0.699999988079071,128,1,3,32.0
2018,453,호남대학교,대학,사립,광주,B그룹,2,4,1,5,3,9,12,0,2,0,2,1,0,0,1,603,79,2,4,1,5,7867,1.100000023841858,2,1,7867,0.4000000059604645,603,6,6,50.29999923706055
2018,454,호남신학대학교,대학,사립,광주,C그룹,1,1,0,0,1,1,2,0,1,0,1,0,0,0,0,82,3,1,1,0,0,946,1.899999976158142,1,0,946,1.100000023841858,82,2,0,41.0
2018,455,호산대학교,전문대학,사립,경북,C그룹,2,0,0,1,2,1,3,0,2,0,2,0,0,0,0,38,3,2,0,0,1,2015,1.2000000476837158,2,0,2015,1.0,38,2,1,12.699999809265137
2018,456,호서대학교,대학,사립,충남,A그룹,5,0,17,2,22,2,24,1,4,0,5,0,16,1,17,1264,165,5,0,17,2,13145,1.5,5,17,13145,1.7000000476837158,1264,5,19,52.70000076293945
2018,457,호원대학교,대학,사립,전북,B그룹,4,1,0,2,4,3,7,0,3,1,4,0,0,0,0,305,20,4,1,0,2,5739,1.0,4,0,5739,0.699999988079071,305,5,2,43.59999847412109
2018,458,홍익대학교,대학,사립,서울,A그룹,16,2,12,0,28,2,30,4,11,1,16,0,12,0,12,995,150,16,2,12,0,21598,1.2999999523162842,16,12,21598,1.2999999523162842,995,18,12,33.20000076293945
2018,459,화성의과학대학교,대학,사립,경기,C그룹,0,0,0,1,0,1,1,0,0,0,0,0,0,0,0,0,0,0,0,0,1,705,0.699999988079071,0,0,705,0.0,0,0,1,0.0
2018,460,화신사이버대학교,대학,사립,부산,C그룹,0,0,0,0,0,0,0,0,0,0,0,0,0,0,0,0,0,0,0,0,0,1146,0.0,0,0,1146,0.0,0,0,0,0.0
2018,461,횃불트리니티신학대학원대학교,대학원대학,사립,서울,-,1,1,0,0,1,1,2,0,1,0,1,0,0,0,0,70,3,1,1,0,0,396,4.5,1,0,396,2.5,70,2,0,35.0
