YR,ID,SNM,STYP,FND,RGN,USC,BR_TCNT_KB,BR_TCNT_OB,BR_TCNT_SUM,BR_BCNT_KB,BR_BCNT_OB,BR_BCNT_SUM,ER_EJN_PKG,ER_WDB_PKG,ER_EB_TCNT,ER_ELV_PKG,ER_TTL_PKG,ER_TTL_TCNT,SRL_KR,SRL_OT,SRL_TTL,AHC_ABI_BUY,AHC_ABI_DON,AHC_ABI_TTL,AHC_ATI,AHC_ARM,BPS_BO,BPS_SCP,BPS_BPS,GRR_AHBC,GRR_BO,GRR_GRR
2018,1,ICT폴리텍대학,전문대학,사립,경기,C그룹,6503,0,6503,9030,0,9030,0,0,0,0,0,0,0,0,0,183,0,183,183,183,9030,322,28.0,183,9030,2.0999999046325684
2018,2,가야대학교,대학,사립,경남,C그룹,106395,32254,138649,165720,34324,200044,2,1,37773,0,3,37773,1527,57,1584,5821,1865,7686,6865,0,200044,2684,74.5,7686,200044,4.0
2018,3,가천대학교,대학,사립,경기,A그룹,345441,127056,472497,861857,169914,1031771,30,29,22077,2,61,22077,215,0,215,26039,5027,31066,13163,0,1031771,20422,50.5,31066,1031771,3.0999999046325684
2018,4,가톨릭관동대학교,대학,사립,강원,B그룹,218386,158972,377358,501713,213066,714779,8,18,83092,7,33,83092,385,3,388,16423,6049,22472,15062,0,714779,8750,81.69999694824219,22472,714779,3.200000047683716
2018,5,가톨릭꽃동네대학교,대학,사립,충북,C그룹,36856,9068,45924,51251,9522,60773,0,14,11808,1,15,11808,91,1,92,3614,76,3690,3530,0,60773,504,120.5999984741211,3690,60773,6.5
2018,6,가톨릭대학교,대학,사립,경기,A그룹,405119,234168,639287,740756,386713,1127469,72,66,65097,6,144,65097,2423,729,3152,23506,7219,30725,18242,14867,1127469,10529,107.0999984741211,30725,1127469,2.799999952316284
2018,7,가톨릭상지대학교,전문대학,사립,경북,C그룹,61119,2939,64058,102089,4110,106199,5,4,9366,9,18,9366,139,0,139,2656,633,3289,1511,0,106199,1931,55.0,3289,106199,3.200000047683716
2018,8,감리교신학대학교,대학,사립,서울,C그룹,55320,48154,103474,89914,65461,155375,3,5,6227,2,10,6227,76,22,98,5272,361,5633,5034,0,155375,1535,101.1999969482422,5633,155375,3.799999952316284
2018,9,강남대학교,대학,사립,경기,B그룹,266578,79372,345950,391083,123951,515034,9,11,38508,2,22,38508,108,77,185,10324,1112,11436,5878,0,515034,7101,72.5,11436,515034,2.299999952316284
2018,10,강동대학교,전문대학,사립,충북,B그룹,56817,38043,94860,93258,38085,131343,0,4,55721,1,5,55721,35,2,37,7809,17677,25486,23329,0,131343,3879,33.900001525878906,25486,131343,24.100000381469727
2018,11,강릉영동대학교,전문대학,사립,강원,B그룹,47427,14120,61547,73474,14942,88416,1,1,19169,0,2,19169,176,0,176,3432,10631,14063,12676,0,88416,2944,30.0,14063,88416,18.899999618530277
2018,12,강서대학교,대학,사립,서울,C그룹,64342,18833,83175,84825,20866,105691,4,11,11860,2,17,11860,141,36,177,1576,696,2272,1808,12,105691,1550,68.19999694824219,2272,105691,2.200000047683716
2018,13,강원관광대학교,전문대학,사립,강원,C그룹,35033,230,35263,44594,266,44860,1,0,1654,0,1,1654,69,0,69,1839,453,2292,2242,0,44860,1220,36.79999923706055,2292,44860,5.400000095367432
2018,14,강원대학교,대학,국립,강원,A그룹,749624,173309,922933,1262219,312691,1574910,24,28,28938,0,52,28938,1623,368,1991,21812,6787,28599,25666,92,1574910,22949,68.5999984741211,28599,1574910,1.7999999523162842
2018,15,강원도립대학교,전문대학,공립,강원,C그룹,44415,2004,46419,57361,2234,59595,0,0,5318,1,1,5318,57,0,57,1898,175,2073,1910,59,59595,784,76.0,2073,59595,3.5999999046325684
2018,16,개신대학원대학교,대학원대학,사립,서울,-,16571,1055,17626,22588,1639,24227,0,0,82,0,0,82,60,4,64,574,161,735,594,1,24227,168,144.1999969482422,735,24227,3.0999999046325684
2018,17,거제대학교,전문대학,사립,경남,C그룹,47328,1684,49012,65650,1793,67443,1,1,2408,0,2,2408,116,0,116,1825,232,2057,1963,1362,67443,1143,59.0,2057,67443,3.0999999046325684
2018,18,건국대학교,대학,사립,서울,A그룹,529894,176070,705964,1126303,250430,1376733,26,32,46157,1,59,46157,642,197,839,41961,5808,47769,28923,2,1376733,19861,69.30000305175781,47769,1376733,3.5999999046325684
2018,19,건국대학교(글로컬),대학,사립,충북,B그룹,271969,113079,385048,494081,151663,645744,11,14,50919,3,28,50919,182,19,201,13908,83,13991,7959,0,645744,8223,78.5,13991,645744,2.200000047683716
2018,20,건동대학교,대학,사립,경북,C그룹,0,0,0,0,0,0,0,0,0,0,0,0,0,0,0,0,0,0,0,0,0,0,0.0,0,0,0.0
2018,21,건신대학원대학교,대학원대학,사립,대전,-,11195,3266,14461,16298,4781,21079,0,1,0,0,1,0,42,7,49,525,44,569,540,0,21079,144,146.39999389648438,569,21079,2.799999952316284
2018,22,건양대학교,대학,사립,충남,B그룹,200507,38368,238875,299960,136087,436047,11,17,19013,0,28,19013,0,0,0,11657,1967,13624,7914,0,436047,8346,52.20000076293945,13624,436047,3.200000047683716
2018,23,경기과학기술대학교,전문대학,사립,경기,A그룹,47867,46011,93878,82047,46918,128965,2,0,47973,0,2,47973,89,52,141,5766,227,5993,5884,0,128965,4413,29.200000762939453,5993,128965,4.900000095367432
2018,24,경기대학교,대학,사립,경기,A그룹,595669,82293,677962,1107684,165123,1272807,22,16,38382,5,43,38382,747,33,780,13213,5134,18347,14235,0,1272807,16084,79.0999984741211,18347,1272807,1.5
2018,25,경남대학교,대학,사립,경남,A그룹,476360,153347,629707,751127,181531,932658,17,25,99229,0,42,99229,418,114,532,41813,13875,55688,26177,1,932658,13068,71.4000015258789,55688,932658,6.400000095367432
2018,26,경남도립거창대학,전문대학,공립,경남,C그룹,26913,849,27762,41801,906,42707,0,0,2433,0,0,2433,10,0,10,1370,0,1370,1063,0,42707,837,51.0,1370,42707,3.299999952316284
2018,27,경남도립남해대학,전문대학,공립,경남,C그룹,30969,589,31558,37727,629,38356,0,0,0,0,0,0,33,0,33,1273,0,1273,1246,0,38356,751,51.09999847412109,1273,38356,3.400000095367432
2018,28,경남정보대학교,전문대학,사립,부산,A그룹,116507,6202,122709,202871,7361,210232,2,2,10477,0,4,10477,154,2,156,8387,986,9373,5061,0,210232,6898,30.5,9373,210232,4.699999809265137
2018,29,경동대학교,대학,사립,강원,B그룹,114802,16056,130858,235222,25179,260401,2,2,30674,0,4,30674,255,0,255,40754,0,40754,8155,0,260401,7737,33.70000076293945,40754,260401,18.600000381469727
2018,30,경민대학교,전문대학,사립,경기,B그룹,84410,6666,91076,144824,8844,153668,5,4,8742,1,10,8742,110,25,135,5796,354,6150,4363,0,153668,4536,33.900001525878906,6150,153668,4.199999809265137
2018,31,경복대학교,전문대학,사립,경기,A그룹,58786,6816,65602,80429,11425,91854,0,3,19907,0,3,19907,220,0,220,11942,1145,13087,8003,0,91854,6470,14.199999809265137,13087,91854,16.600000381469727
2018,32,경북과학대학교,전문대학,사립,경북,C그룹,53320,11967,65287,74628,13744,88372,2,0,3925,0,2,3925,339,0,339,1943,1210,3153,2921,0,88372,1689,52.29999923706055,3153,88372,3.700000047683716
2018,33,경북대학교,대학,국립,대구,A그룹,932093,628207,1560300,2303996,1124899,3428895,40,57,307565,2,99,307565,1403,978,2381,47114,21219,68333,44831,16338,3428895,29278,117.0999984741211,68333,3428895,2.0
2018,34,경북보건대학교,전문대학,사립,경북,C그룹,36573,1532,38105,43320,1764,45084,2,1,7798,1,4,7798,31,2,33,2039,78,2117,1725,0,45084,1272,35.400001525878906,2117,45084,4.900000095367432
2018,35,경북외국어대학교,대학,사립,대구,C그룹,0,0,0,0,0,0,0,0,0,0,0,0,0,0,0,0,0,0,0,0,0,0,0.0,0,0,0.0
2018,36,경북전문대학교,전문대학,사립,경북,B그룹,82883,21190,104073,110587,24419,135006,1,1,6178,0,2,6178,132,2,134,2969,514,3483,3305,9577,135006,2798,48.29999923706055,3483,135006,2.5999999046325684
2018,37,경상국립대학교,대학,국립,경남,A그룹,663482,265463,928945,1377497,457850,1835347,33,31,38722,3,67,38722,1029,256,1285,32082,28083,60165,46268,146,1835347,22060,83.19999694824219,60165,1835347,3.400000095367432
2018,38,경성대학교,대학,사립,부산,A그룹,411864,160185,572049,754533,212220,966753,12,22,55724,9,43,55724,666,80,746,23171,4765,27936,17366,18,966753,12966,74.5999984741211,27936,966753,3.0
2018,39,경안대학원대학교,대학원대학,사립,경북,-,11,1,12,8120,305,8425,0,0,0,0,0,0,5,0,5,40,151,191,172,0,8425,63,133.6999969482422,191,8425,2.299999952316284
2018,40,경운대학교,대학,사립,경북,C그룹,176054,26809,202863,358591,34802,393393,2,7,56418,0,9,56418,301,47,348,12597,3098,15695,8721,2,393393,4877,80.69999694824219,15695,393393,4.199999809265137
2018,41,경인교육대학교,대학,국립,인천,C그룹,187072,28845,215917,522573,36606,559179,8,8,28165,1,17,28165,234,11,245,16497,3739,20236,8400,6607,559179,4228,132.3000030517578,20236,559179,3.799999952316284
2018,42,경인여자대학교,전문대학,사립,인천,B그룹,81957,15595,97552,148722,15715,164437,1,6,26492,0,7,26492,43,14,57,10411,141,10552,5034,0,164437,4792,34.29999923706055,10552,164437,6.900000095367432
2018,43,경일대학교,대학,사립,경북,B그룹,171408,129993,301401,362335,148249,510584,3,5,98884,6,14,98884,330,2,332,22242,13198,35440,15801,12,510584,7216,70.80000305175781,35440,510584,7.5
2018,44,경찰대학,기타,기타,충남,-,142427,46558,188985,142427,46558,188985,0,9,2045,0,9,2045,196,62,258,6954,335,7289,7289,864,188985,0,0.0,7289,188985,4.0
2018,45,경희대학교,대학,사립,서울,A그룹,882914,402632,1285546,1942236,601468,2543704,61,49,275259,5,115,275259,358,201,559,41682,6682,48364,41539,12641,2543704,32843,77.5,48364,2543704,1.899999976158142
2018,46,계명대학교,대학,사립,대구,A그룹,490634,330150,820784,1579405,423156,2002561,26,44,72037,1,71,72037,1720,398,2118,44881,9892,54773,32556,5055,2002561,23744,84.30000305175781,54773,2002561,2.799999952316284
2018,47,계명문화대학교,전문대학,사립,대구,A그룹,148253,8497,156750,224689,12580,237269,2,6,14209,3,11,14209,120,4,124,4371,721,5092,4345,12342,237269,5222,45.400001525878906,5092,237269,2.200000047683716
2018,48,계약신학대학원대학교,대학원대학,사립,경기,-,14518,4229,18747,19082,4366,23448,0,0,691,0,0,691,8,0,8,215,144,359,198,0,23448,65,360.7000122070313,359,23448,1.600000023841858
2018,49,계원예술대학교,전문대학,사립,경기,B그룹,75099,34091,109190,85003,34906,119909,4,6,8375,2,12,8375,164,90,254,3046,50,3096,2844,0,119909,2959,40.5,3096,119909,2.700000047683716
2018,50,고려대학교,대학,사립,서울,A그룹,665088,776547,1441635,1489795,1377443,2867238,109,111,376595,2,222,376595,1592,1524,3116,46473,18882,65355,42785,3860,2867238,29859,96.0,65355,2867238,2.299999952316284
2018,51,고려대학교(세종),대학,사립,세종,B그룹,270709,64709,335418,453935,100066,554001,5,10,10813,69,84,10813,133,14,147,8657,3623,12280,10932,69,554001,7444,74.4000015258789,12280,554001,2.299999952316284
2018,52,고려사이버대학교,대학,사립,서울,A그룹,4032,38358,42390,10608,38358,48966,0,1,42390,0,1,42390,0,0,0,704,0,704,683,0,48966,9557,5.099999904632568,704,48966,1.5
2018,53,고신대학교,대학,사립,부산,C그룹,217750,155156,372906,282605,187961,470566,19,15,39118,0,34,39118,514,150,664,5688,4153,9841,7930,0,470566,5061,93.0,9841,470566,2.0999999046325684
2018,54,공군사관학교,기타,기타,충북,-,179988,37022,217010,179988,37022,217010,6,4,3242,0,10,3242,185,17,202,5070,1841,6911,6911,15,217010,0,0.0,6911,217010,3.299999952316284
2018,55,공주교육대학교,대학,국립,충남,C그룹,115604,6229,121833,293409,17451,310860,6,7,8076,0,13,8076,145,0,145,4580,281,4861,2654,0,310860,1999,155.5,4861,310860,1.600000023841858
2018,56,과학기술연합대학원대학교,대학원대학,국립,대전,-,9335,36498,45833,16736,36498,53234,0,9,208688,0,9,208688,0,0,0,10262,287,10549,10109,0,53234,1302,40.900001525878906,10549,53234,24.700000762939453
2018,57,광신대학교,대학,사립,광주,C그룹,50207,57166,107373,75787,64147,139934,0,4,8847,0,4,8847,192,81,273,2338,407,2745,2496,0,139934,942,148.5,2745,139934,2.0
2018,58,광양보건대학교,전문대학,사립,전남,C그룹,23348,476,23824,39797,542,40339,1,0,451,1,2,451,60,0,60,541,492,1033,776,0,40339,1323,30.5,1033,40339,2.5999999046325684
2018,59,광운대학교,대학,사립,서울,B그룹,289352,74472,363824,575477,125575,701052,18,19,50467,6,43,50467,192,39,231,26222,2086,28308,15675,0,701052,9505,73.80000305175781,28308,701052,4.199999809265137
2018,60,광주가톨릭대학교,대학,사립,전남,C그룹,87748,57618,145366,128061,72104,200165,3,6,42259,5,14,42259,50,68,118,913,575,1488,1354,0,200165,110,1819.699951171875,1488,200165,0.699999988079071
2018,61,광주과학기술원,대학,국립,광주,C그룹,55986,82052,138038,68851,98758,167609,29,4,57464,2,35,57464,0,6,6,7375,0,7375,6341,0,167609,2042,82.0999984741211,7375,167609,4.599999904632568
2018,62,광주교육대학교,대학,국립,광주,C그룹,150802,26944,177746,262207,33151,295358,0,3,9998,0,3,9998,151,27,178,5547,960,6507,3368,0,295358,2084,141.6999969482422,6507,295358,2.299999952316284
2018,63,광주대학교,대학,사립,광주,B그룹,250475,56758,307233,445428,93592,539020,4,9,31575,5,18,31575,303,58,361,20065,2522,22587,15950,0,539020,7496,71.9000015258789,22587,539020,4.400000095367432
2018,64,광주보건대학교,전문대학,사립,광주,B그룹,100665,5693,106358,191158,10592,201750,2,3,7379,3,8,7379,85,19,104,3221,1340,4561,2884,0,201750,3832,52.59999847412109,4561,201750,2.299999952316284
2018,65,광주여자대학교,대학,사립,광주,C그룹,169374,29333,198707,257990,37469,295459,6,9,73549,0,15,73549,60,0,60,10693,4449,15142,13027,0,295459,4003,73.80000305175781,15142,295459,5.400000095367432
2018,66,구미대학교,전문대학,사립,경북,A그룹,39316,3870,43186,173773,8288,182061,1,1,9048,0,2,9048,62,0,62,6322,549,6871,1388,0,182061,5509,33.0,6871,182061,3.900000095367432
2018,67,구세군사관대학원대학교,대학원대학,사립,경기,-,23099,1905,25004,23099,1905,25004,1,0,0,0,1,0,92,6,98,367,295,662,430,0,25004,34,735.4000244140625,662,25004,2.700000047683716
2018,68,국군간호사관학교,기타,기타,대전,-,56327,3030,59357,61550,3306,64856,4,2,99,0,6,99,130,10,140,1696,1072,2768,2027,384,64856,0,0.0,2768,64856,4.5
2018,69,국립강릉원주대학교,대학,국립,강원,B그룹,381147,94131,475278,669102,155528,824630,15,11,41022,3,29,41022,790,57,847,8758,6911,15669,12689,0,824630,8506,96.9000015258789,15669,824630,1.899999976158142
2018,70,국립경국대학교,대학,국립,경북,B그룹,344785,76223,421008,721703,115223,836926,8,9,29985,1,18,29985,354,20,374,9645,5554,15199,8502,158,836926,7466,112.0999984741211,15199,836926,1.7999999523162842
2018,71,국립공주대학교,대학,국립,충남,A그룹,471261,104964,576225,1102865,173146,1276011,19,17,41212,1,37,41212,256,80,336,22541,1988,24529,11908,0,1276011,15987,79.80000305175781,24529,1276011,2.0
2018,72,국립군산대학교,대학,국립,전북,B그룹,290365,48384,338749,578446,96295,674741,7,10,21861,4,21,21861,416,90,506,9755,4235,13990,11991,0,674741,8041,83.9000015258789,13990,674741,2.0999999046325684
2018,73,국립금오공과대학교,대학,국립,경북,B그룹,180342,36243,216585,396889,62446,459335,15,13,15821,3,31,15821,242,54,296,11343,2483,13826,7780,0,459335,6850,67.0999984741211,13826,459335,3.0999999046325684
2018,74,국립목포대학교,대학,국립,전남,B그룹,258220,90682,348902,520088,138489,658577,11,17,14393,1,29,14393,410,26,436,8947,8594,17541,10756,0,658577,8329,79.0999984741211,17541,658577,2.700000047683716
2018,75,국립목포해양대학교,대학,국립,전남,C그룹,98384,15037,113421,202573,20182,222755,6,4,15903,4,14,15903,132,48,180,5233,351,5584,4160,2981,222755,2710,82.19999694824219,5584,222755,2.5999999046325684
2018,76,국립부경대학교,대학,국립,부산,A그룹,333605,143876,477481,1007766,218846,1226612,17,24,34050,0,41,34050,540,169,709,22665,17101,39766,28805,0,1226612,19124,64.0999984741211,39766,1226612,3.400000095367432
2018,77,국립순천대학교,대학,국립,전남,B그룹,349256,91637,440893,684898,148778,833676,16,27,65295,9,52,65295,554,106,660,26359,3478,29837,17115,0,833676,7930,105.0999984741211,29837,833676,3.700000047683716
2018,78,국립암센터국제암대학원대학교,대학원대학,국립,경기,-,688,558,1246,688,558,1246,0,0,29,0,0,29,0,0,0,198,0,198,198,0,1246,70,17.799999237060547,198,1246,18.899999618530277
2018,79,국립창원대학교,대학,국립,경남,B그룹,266993,101099,368092,501802,154920,656722,14,14,42368,0,28,42368,369,589,958,23146,35105,58251,23120,0,656722,9694,67.69999694824219,58251,656722,9.699999809265137
2018,80,국립한국교통대학교,대학,국립,충북,B그룹,237630,61789,299419,562924,89888,652812,9,9,43568,2,20,43568,58,27,85,24287,2271,26558,12888,307,652812,9003,72.5,26558,652812,4.199999809265137
2018,81,국립한국해양대학교,대학,국립,부산,B그룹,188525,98453,286978,391693,154065,545758,12,15,18033,0,27,18033,222,40,262,7666,6988,14654,8986,0,545758,7615,71.69999694824219,14654,545758,2.799999952316284
2018,82,국립한밭대학교,대학,국립,대전,B그룹,225118,64401,289519,493386,85559,578945,9,8,19259,1,18,19259,352,80,432,15822,4591,20413,13436,0,578945,8927,64.9000015258789,20413,578945,3.700000047683716
2018,83,국민대학교,대학,사립,서울,A그룹,414851,195713,610564,1085894,279350,1365244,25,33,98494,7,65,98494,895,246,1141,22611,5244,27855,19172,154,1365244,17933,76.0999984741211,27855,1365244,2.0999999046325684
2018,84,국방대학교,기타,기타,충남,-,202438,48579,251017,310976,60267,371243,0,16,9612,1,17,9612,2701,806,3507,8527,1662,10189,7418,34000,371243,0,0.0,10189,371243,2.799999952316284
2018,85,국제뇌교육종합대학원대학교,대학원대학,사립,충남,-,10521,1092,11613,12757,1174,13931,2,0,0,0,2,0,4,0,4,160,339,499,463,1677,13931,265,52.59999847412109,499,13931,3.700000047683716
2018,86,국제대학교,전문대학,사립,경기,B그룹,42199,22549,64748,95439,22574,118013,5,4,39836,3,12,39836,80,0,80,4629,874,5503,3183,0,118013,4069,29.0,5503,118013,4.900000095367432
2018,87,국제문화대학원대학교,대학원대학,사립,충남,-,0,0,0,0,0,0,0,0,0,0,0,0,0,0,0,0,0,0,0,0,0,0,0.0,0,0,0.0
2018,88,국제법률경영대학원대학교,대학원대학,사립,경기,-,1289,2708,3997,2265,4828,7093,0,0,0,0,0,0,0,0,0,0,0,0,0,0,7093,110,64.5,0,7093,0.0
2018,89,국제사이버대학교,대학,사립,경기,C그룹,1200,0,1200,9390,0,9390,0,0,9390,0,0,9390,0,0,0,0,0,0,0,0,9390,2817,3.299999952316284,0,9390,0.0
2018,90,국제언어대학원대학교,대학원대학,사립,서울,-,2804,12323,15127,3711,13432,17143,0,5,4756,0,5,4756,21,50,71,188,34,222,189,0,17143,105,163.3000030517578,222,17143,1.2999999523162842
2018,91,국제예술대학교,기타,기타,서울,-,994,26,1020,994,26,1020,0,0,0,0,0,0,0,0,0,18,0,18,18,0,1020,0,0.0,18,1020,1.7999999523162842
2018,92,군산간호대학교,전문대학,사립,전북,C그룹,21906,3702,25608,31378,4823,36201,1,4,10241,0,5,10241,32,0,32,1354,303,1657,1187,2038,36201,1138,31.799999237060547,1657,36201,4.800000190734863
2018,93,군장대학교,전문대학,사립,전북,C그룹,49533,243,49776,82372,321,82693,1,1,7995,12,14,7995,43,0,43,2900,215,3115,2981,0,82693,1826,45.29999923706055,3115,82693,3.900000095367432
2018,94,극동대학교,대학,사립,충북,C그룹,172198,27430,199628,273824,34173,307997,1,0,96724,1,2,96724,187,12,199,7297,553,7850,5581,0,307997,3942,78.0999984741211,7850,307997,2.5999999046325684
2018,95,글로벌사이버대학교,대학,사립,충남,C그룹,634,0,634,1566,0,1566,0,1,634,0,1,634,0,0,0,174,0,174,170,0,1566,2123,0.699999988079071,174,1566,12.5
2018,96,금강대학교,대학,사립,충남,C그룹,62187,14316,76503,97961,24075,122036,0,3,0,0,3,0,88,10,98,2571,1188,3759,2663,0,122036,552,221.1000061035156,3759,122036,3.200000047683716
2018,97,기독간호대학교,전문대학,사립,광주,C그룹,19284,4262,23546,28105,5417,33522,1,1,256,0,2,256,56,0,56,719,79,798,590,0,33522,634,52.900001525878906,798,33522,2.400000095367432
2018,98,김천대학교,대학,사립,경북,C그룹,103119,134222,237341,147207,135225,282432,3,10,173133,0,13,173133,121,0,121,63797,671,64468,43996,0,282432,3439,82.0999984741211,64468,282432,29.600000381469727
2018,99,김포대학교,전문대학,사립,경기,C그룹,60692,4891,65583,103620,5731,109351,1,6,7654,1,8,7654,109,9,118,5998,805,6803,5260,7124,109351,3419,32.0,6803,109351,6.599999904632568
2018,100,김해대학교,전문대학,사립,경남,C그룹,20646,300,20946,23531,303,23834,1,1,831,0,2,831,10,0,10,823,837,1660,1489,0,23834,1358,17.600000381469727,1660,23834,7.5
2018,101,나사렛대학교,대학,사립,충남,B그룹,170526,104792,275318,255412,111183,366595,5,8,114903,2,15,114903,145,22,167,11282,61523,72805,71638,0,366595,5838,62.79999923706055,72805,366595,24.799999237060547
2018,102,나주대학교,전문대학,사립,전남,C그룹,22383,213,22596,27749,281,28030,0,0,527,0,0,527,126,0,126,23715,177,23892,20713,0,28030,2211,12.699999809265137,23892,28030,577.4000244140625
2018,103,남부대학교,대학,사립,광주,C그룹,75674,8608,84282,81289,8686,89975,5,10,15738,1,16,15738,286,9,295,8310,639,8949,7367,0,89975,3464,26.0,8949,89975,11.0
2018,104,남서울대학교,대학,사립,충남,B그룹,304204,120218,424422,607797,218257,826054,5,11,81514,0,16,81514,1048,34,1082,23204,687,23891,19596,1,826054,10216,80.9000015258789,23891,826054,3.0
2018,105,농협대학교,전문대학,사립,경기,C그룹,28492,4457,32949,35886,4864,40750,1,0,1,0,1,1,20,0,20,978,0,978,873,1972,40750,461,88.4000015258789,978,40750,2.5
2018,106,능인대학원대학교,대학원대학,사립,경기,-,2648,7,2655,3344,8,3352,0,1,0,0,1,0,9,0,9,0,892,892,742,0,3352,66,50.79999923706055,892,3352,36.29999923706055
2018,107,단국대학교,대학,사립,경기,A그룹,925856,301104,1226960,1471041,498027,1969068,20,26,31222,5,51,31222,964,141,1105,28528,9142,37670,29117,0,1969068,26716,73.69999694824219,37670,1969068,2.0
2018,108,대경대학교,전문대학,사립,경북,B그룹,42897,4305,47202,83030,4654,87684,0,2,18870,2,4,18870,75,0,75,33742,2337,36079,20824,0,87684,4332,20.200000762939453,36079,87684,69.9000015258789
2018,109,대구가톨릭대학교,대학,사립,경북,A그룹,487782,248036,735818,984443,359819,1344262,33,25,47353,0,58,47353,619,72,691,21626,4513,26139,22161,280,1344262,14889,90.3000030517578,26139,1344262,2.0
2018,110,대구경북과학기술원,대학,국립,대구,C그룹,52671,67467,120138,55955,69870,125825,41,27,204165,1,69,204165,28,16,44,18969,28,18997,17690,0,125825,1176,107.0,18997,125825,17.799999237060547
2018,111,대구공업대학교,전문대학,사립,대구,C그룹,61084,2159,63243,101897,3262,105159,0,0,8397,2,2,8397,56,0,56,2365,378,2743,2726,0,105159,1799,58.5,2743,105159,2.700000047683716
2018,112,대구과학대학교,전문대학,사립,대구,A그룹,90621,3103,93724,143751,3591,147342,1,1,8949,1,3,8949,60,0,60,5234,1,5235,3790,0,147342,4257,34.599998474121094,5235,147342,3.700000047683716
2018,113,대구교육대학교,대학,국립,대구,C그룹,137014,12674,149688,289422,22948,312370,0,11,4254,0,11,4254,505,58,563,7851,1022,8873,4708,2379,312370,2674,116.8000030517578,8873,312370,2.900000095367432
2018,114,대구대학교,대학,사립,경북,A그룹,517403,230948,748351,1163189,405294,1568483,8,14,29583,2,24,29583,601,68,669,19423,4598,24021,14507,29368,1568483,19568,80.19999694824219,24021,1568483,1.600000023841858
2018,115,대구미래대학교,전문대학,사립,경북,C그룹,0,0,0,0,0,0,0,0,0,0,0,0,0,0,0,0,0,0,0,0,0,0,0.0,0,0,0.0
2018,116,대구보건대학교,전문대학,사립,대구,A그룹,83913,17448,101361,203901,20954,224855,3,5,16763,1,9,16763,110,10,120,7061,748,7809,3198,0,224855,6772,33.20000076293945,7809,224855,3.5999999046325684
2018,117,대구사이버대학교,대학,사립,경북,C그룹,15512,0,15512,16080,0,16080,5,0,15512,0,5,15512,0,0,0,345,0,345,318,0,16080,4391,3.700000047683716,345,16080,2.200000047683716
2018,118,대구예술대학교,대학,사립,경북,C그룹,44943,1143,46086,110191,1919,112110,0,0,11174,0,0,11174,89,4,93,4648,0,4648,2150,0,112110,1344,83.4000015258789,4648,112110,4.300000190734863
2018,119,대구외국어대학교,대학,사립,경북,C그룹,0,0,0,0,0,0,0,0,0,0,0,0,0,0,0,0,0,0,0,0,0,0,0.0,0,0,0.0
2018,120,대구한의대학교,대학,사립,경북,B그룹,254915,77692,332607,475741,120876,596617,7,13,31087,1,21,31087,285,27,312,17021,2643,19664,15955,0,596617,7105,84.0,19664,596617,3.400000095367432
2018,121,대덕대학교,전문대학,사립,대전,C그룹,59690,882,60572,97835,1219,99054,3,4,22409,2,9,22409,119,4,123,6470,2992,9462,6851,0,99054,4084,24.299999237060547,9462,99054,10.600000381469728
2018,122,대동대학교,전문대학,사립,부산,C그룹,46687,1081,47768,51340,1153,52493,2,4,10511,0,6,10511,81,5,86,3154,320,3474,3193,0,52493,1489,35.29999923706055,3474,52493,7.099999904632568
2018,123,대림대학교,전문대학,사립,경기,A그룹,82112,23385,105497,134643,24659,159302,3,0,28490,2,5,28490,118,0,118,8636,14133,22769,17532,0,159302,6289,25.299999237060547,22769,159302,16.700000762939453
2018,124,대신대학교,대학,사립,경북,C그룹,78514,10212,88726,97079,10873,107952,2,0,2918,0,2,2918,114,5,119,937,937,1874,1638,0,107952,543,198.8000030517578,1874,107952,1.7999999523162842
2018,125,대원대학교,전문대학,사립,충북,C그룹,49364,3581,52945,77349,4077,81426,2,0,8674,2,4,8674,248,0,248,3169,335,3504,3249,0,81426,2608,31.200000762939453,3504,81426,4.5
2018,126,대전가톨릭대학교,대학,사립,세종,C그룹,89238,35067,124305,105595,38222,143817,0,4,35186,0,4,35186,91,73,164,2179,1233,3412,1702,0,143817,102,1410.0,3412,143817,2.400000095367432
2018,127,대전과학기술대학교,전문대학,사립,대전,B그룹,76383,98947,175330,169855,169696,339551,2,1,3127,4,7,3127,190,14,204,4007,1169,5176,2419,0,339551,4513,75.19999694824219,5176,339551,1.5
2018,128,대전대학교,대학,사립,대전,B그룹,369750,98795,468545,576946,143689,720635,7,13,72583,10,30,72583,436,28,464,59537,7718,67255,63147,0,720635,10261,70.19999694824219,67255,720635,10.300000190734863
2018,129,대전보건대학교,전문대학,사립,대전,A그룹,87052,10469,97521,151888,13345,165233,4,8,23603,1,13,23603,78,0,78,1580,2460,4040,2780,0,165233,5789,28.5,4040,165233,2.5
2018,130,대전신학대학교,대학,사립,대전,C그룹,40248,9272,49520,65514,11660,77174,0,2,4338,0,2,4338,184,0,184,452,230,682,596,0,77174,237,325.6000061035156,682,77174,0.8999999761581421
2018,131,대진대학교,대학,사립,경기,B그룹,253992,93819,347811,505774,146495,652269,7,19,33411,7,33,33411,246,6,252,25074,7206,32280,21146,1265,652269,7973,81.80000305175781,32280,652269,5.199999809265137
2018,132,대한신학대학원대학교,대학원대학,사립,경기,-,7405,1931,9336,13118,2699,15817,0,0,0,0,0,0,51,0,51,0,19,19,19,0,15817,290,54.5,19,15817,0.1000000014901161
2018,133,덕성여자대학교,대학,사립,서울,B그룹,367797,74009,441806,613686,127776,741462,13,22,13436,6,41,13436,785,94,879,11672,3095,14767,11657,2340,741462,6121,121.0999984741211,14767,741462,2.0
2018,134,동강대학교,전문대학,사립,광주,B그룹,106434,8590,115024,152627,10012,162639,1,0,13166,1,2,13166,146,1,147,3514,480,3994,3587,0,162639,3341,48.70000076293945,3994,162639,2.5
2018,135,동국대학교,대학,사립,서울,A그룹,769477,180265,949742,1141221,249550,1390771,26,35,59652,0,61,59652,870,403,1273,37495,9340,46835,38123,9344,1390771,17255,80.5999984741211,46835,1390771,3.5
2018,136,동국대학교 WISE캠퍼스,대학,사립,경북,B그룹,465907,42299,508206,731384,68771,800155,9,14,21098,0,23,21098,1025,99,1124,10140,3277,13417,12591,6080,800155,8392,95.3000030517578,13417,800155,1.7000000476837158
2018,137,동남보건대학교,전문대학,사립,경기,A그룹,71335,6626,77961,131750,7706,139456,0,4,14935,4,8,14935,45,0,45,5684,1000,6684,4313,0,139456,4826,28.899999618530277,6684,139456,5.0
2018,138,동덕여자대학교,대학,사립,서울,B그룹,183283,76544,259827,403695,100214,503909,9,27,62165,2,38,62165,299,242,541,17997,670,18667,11664,95565,503909,7110,70.9000015258789,18667,503909,3.799999952316284
2018,139,동명대학교,대학,사립,부산,B그룹,335305,40816,376121,444409,46885,491294,3,6,27171,0,9,27171,54,3,57,27191,10867,38058,28737,0,491294,8419,58.400001525878906,38058,491294,8.399999618530273
2018,140,동방문화대학원대학교,대학원대학,사립,서울,-,18836,2103,20939,20275,3870,24145,3,0,946,0,3,946,14,0,14,516,596,1112,828,0,24145,238,101.4000015258789,1112,24145,4.800000190734863
2018,141,동부산대학교,전문대학,사립,부산,C그룹,112591,13004,125595,133390,13647,147037,0,1,3784,0,1,3784,120,0,120,2412,738,3150,2958,0,147037,1854,79.30000305175781,3150,147037,2.200000047683716
2018,142,동서대학교,대학,사립,부산,B그룹,276229,107413,383642,581407,135165,716572,10,11,94914,0,21,94914,301,72,373,36975,5109,42084,16380,0,716572,11119,64.4000015258789,42084,716572,6.199999809265137
2018,143,동서울대학교,전문대학,사립,경기,A그룹,97133,9084,106217,208164,10425,218589,2,1,13285,3,6,13285,94,0,94,7205,90,7295,4669,77,218589,5540,39.5,7295,218589,3.5
2018,144,동신대학교,대학,사립,전남,B그룹,449240,84032,533272,583983,102272,686255,5,17,29428,5,27,29428,323,39,362,18583,2062,20645,18959,0,686255,7438,92.3000030517578,20645,686255,3.0999999046325684
2018,145,동아대학교,대학,사립,부산,A그룹,540142,249912,790054,983905,359336,1343241,32,26,194425,0,58,194425,340,170,510,21598,6909,28507,17981,0,1343241,21325,63.0,28507,1343241,2.200000047683716
2018,146,동아방송예술대학교,전문대학,사립,경기,B그룹,57768,11678,69446,79696,11951,91647,1,8,18508,0,9,18508,69,0,69,4312,1068,5380,2943,0,91647,2982,30.700000762939453,5380,91647,6.199999809265137
2018,147,동아보건대학교,전문대학,사립,전남,C그룹,36896,0,36896,46337,0,46337,1,1,4645,0,2,4645,43,0,43,2527,1733,4260,2889,0,46337,1955,23.700000762939453,4260,46337,10.100000381469728
2018,148,동양대학교,대학,사립,경북,C그룹,142025,57721,199746,264079,74246,338325,5,0,23613,2,7,23613,80,0,80,30178,6238,36416,12533,1392,338325,4592,73.69999694824219,36416,338325,12.100000381469728
2018,149,동양미래대학교,전문대학,사립,서울,A그룹,169930,17182,187112,252120,22401,274521,5,4,24697,3,12,24697,174,25,199,9186,232,9418,8048,0,274521,5770,47.59999847412109,9418,274521,3.5999999046325684
2018,150,동우대학,전문대학,사립,강원,B그룹,0,0,0,0,0,0,0,0,0,0,0,0,0,0,0,0,0,0,0,0,0,0,0.0,0,0,0.0
2018,151,동원과학기술대학교,전문대학,사립,경남,B그룹,51070,1895,52965,79000,2181,81181,1,0,1896,0,1,1896,87,1,88,1757,399,2156,1079,0,81181,2101,38.59999847412109,2156,81181,2.700000047683716
2018,152,동원대학교,전문대학,사립,경기,B그룹,80810,2019,82829,120291,2401,122692,0,1,15342,0,1,15342,74,0,74,6195,40,6235,4404,0,122692,3557,34.5,6235,122692,5.400000095367432
2018,153,동의과학대학교,전문대학,사립,부산,B그룹,92143,6008,98151,163715,7826,171541,3,3,11539,1,7,11539,114,18,132,4713,797,5510,3273,0,171541,5247,32.70000076293945,5510,171541,3.299999952316284
2018,154,동의대학교,대학,사립,부산,A그룹,418294,149951,568245,898540,272817,1171357,11,13,33285,1,25,33285,439,24,463,18000,2211,20211,11551,0,1171357,16813,69.69999694824219,20211,1171357,1.7999999523162842
2018,155,두원공과대학교,전문대학,사립,경기,B그룹,59846,9463,69309,116070,10949,127019,1,1,1095,0,2,1095,169,49,218,4263,0,4263,1666,0,127019,5844,21.700000762939453,4263,127019,3.5
2018,156,디지털서울문화예술대학교,대학,사립,서울,C그룹,2454,0,2454,9905,0,9905,0,1,2454,0,1,2454,0,0,0,756,0,756,725,0,9905,3776,2.5999999046325684,756,9905,8.300000190734863
2018,157,루터대학교,대학,사립,경기,C그룹,18468,7703,26171,28823,10715,39538,4,5,2360,0,9,2360,48,20,68,533,7,540,364,0,39538,416,95.0,540,39538,1.399999976158142
2018,158,마산대학교,전문대학,사립,경남,A그룹,92078,1309,93387,169077,1500,170577,3,4,31358,42,49,31358,127,0,127,30869,1,30870,17772,0,170577,5679,30.0,30870,170577,22.100000381469727
2018,159,명신대학교,대학,사립,전남,C그룹,0,0,0,0,0,0,0,0,0,0,0,0,0,0,0,0,0,0,0,0,0,0,0.0,0,0,0.0
2018,160,명지대학교,대학,사립,서울,A그룹,581110,239523,820633,1069638,318306,1387944,26,15,359576,12,53,359576,1164,103,1267,68708,10540,79248,65355,0,1387944,15879,87.4000015258789,79248,1387944,6.099999904632568
2018,161,명지전문대학,전문대학,사립,서울,A그룹,104367,11497,115864,208615,13828,222443,4,3,9196,2,9,9196,2363,140,2503,9257,6908,16165,9423,0,222443,7115,31.299999237060547,16165,222443,7.800000190734863
2018,162,목원대학교,대학,사립,대전,B그룹,211178,170494,381672,397646,235038,632684,8,15,136612,7,30,136612,445,33,478,18710,9505,28215,20868,417,632684,8701,72.69999694824219,28215,632684,4.699999809265137
2018,163,목포가톨릭대학교,대학,사립,전남,C그룹,33132,3445,36577,42918,3521,46439,3,5,8843,0,8,8843,22,4,26,1408,32,1440,1143,0,46439,558,83.19999694824219,1440,46439,3.200000047683716
2018,164,목포과학대학교,전문대학,사립,전남,B그룹,58906,4417,63323,64287,5663,69950,0,3,3287,0,3,3287,31,0,31,2091,0,2091,1653,1,69950,2403,29.100000381469727,2091,69950,3.0999999046325684
2018,165,문경대학교,전문대학,사립,경북,C그룹,28675,187,28862,39865,210,40075,0,2,2158,0,2,2158,81,0,81,805,189,994,871,590,40075,905,44.29999923706055,994,40075,2.5
2018,166,배재대학교,대학,사립,대전,B그룹,196334,155270,351604,441312,206546,647858,7,11,115139,3,21,115139,335,129,464,22147,46686,68833,60572,38,647858,9160,70.69999694824219,68833,647858,11.899999618530272
2018,167,배화여자대학교,전문대학,사립,서울,B그룹,73748,3379,77127,145134,4109,149243,2,0,4014,0,2,4014,79,18,97,2998,895,3893,2200,867,149243,3127,47.70000076293945,3893,149243,2.700000047683716
2018,168,백석대학교,대학,사립,충남,A그룹,356273,315033,671306,727548,351649,1079197,5,14,463227,9,28,463227,221,82,303,179751,9390,189141,182522,0,1079197,14316,75.4000015258789,189141,1079197,21.299999237060547
2018,169,백석문화대학교,전문대학,사립,충남,A그룹,84844,15111,99955,167630,20467,188097,5,1,10232,3,9,10232,18,0,18,4160,1920,6080,5103,0,188097,5556,33.900001525878906,6080,188097,3.299999952316284
2018,170,백석예술대학,전문대학,사립,서울,A그룹,0,0,0,0,0,0,0,0,0,0,0,0,0,0,0,0,0,0,0,0,0,0,0.0,0,0,0.0
2018,171,백제예술대학교,전문대학,사립,전북,C그룹,31314,1298,32612,42843,2241,45084,0,0,1126,0,0,1126,34,0,34,2018,0,2018,2012,0,45084,1554,29.0,2018,45084,4.699999809265137
2018,172,베뢰아국제대학원대학교,대학원대학,사립,서울,-,17674,173,17847,36958,206,37164,0,0,0,0,0,0,29,14,43,203,33,236,124,0,37164,69,538.5999755859375,236,37164,0.6000000238418579
2018,173,벽성대학,전문대학,사립,전북,C그룹,0,0,0,0,0,0,0,0,0,0,0,0,0,0,0,0,0,0,0,0,0,0,0.0,0,0,0.0
2018,174,부산가톨릭대학교,대학,사립,부산,C그룹,176911,106231,283142,260522,115766,376288,8,16,83033,1,25,83033,498,20,518,5298,4830,10128,8676,0,376288,4207,89.4000015258789,10128,376288,2.799999952316284
2018,175,부산경상대학교,전문대학,사립,부산,B그룹,87814,2188,90002,97314,2323,99637,0,0,7653,1,1,7653,108,0,108,2505,604,3109,2769,0,99637,2995,33.29999923706055,3109,99637,3.200000047683716
2018,176,부산과학기술대학교,전문대학,사립,부산,B그룹,104038,4704,108742,143932,5216,149148,1,1,10429,0,2,10429,120,0,120,3501,0,3501,2687,0,149148,4003,37.29999923706055,3501,149148,2.400000095367432
2018,177,부산교육대학교,대학,국립,부산,C그룹,159608,14367,173975,291933,17646,309579,7,10,23971,1,18,23971,237,29,266,11839,1754,13593,5576,0,309579,2517,123.0,13593,309579,4.599999904632568
2018,178,부산대학교,대학,국립,부산,A그룹,791743,408080,1199823,1691603,732101,2423704,37,47,230092,4,88,230092,982,1260,2242,77268,15389,92657,64304,0,2423704,28853,84.0,92657,2423704,4.0
2018,179,부산디지털대학교,대학,사립,부산,C그룹,2675,0,2675,2675,0,2675,1,0,656,0,1,656,0,0,0,0,0,0,0,0,2675,2257,1.2000000476837158,0,2675,0.0
2018,180,부산보건대학교,전문대학,사립,부산,B그룹,71125,11718,82843,92082,15998,108080,2,5,45844,0,7,45844,215,2,217,5261,3813,9074,7474,0,108080,3403,31.799999237060547,9074,108080,9.199999809265137
2018,181,부산여자대학교,전문대학,사립,부산,C그룹,120822,1405,122227,155609,1470,157079,4,4,5317,0,8,5317,112,8,120,2217,787,3004,2510,0,157079,2975,52.79999923706055,3004,157079,1.899999976158142
2018,182,부산예술대학교,전문대학,사립,부산,C그룹,6078,0,6078,10456,0,10456,0,0,0,0,0,0,0,0,0,2206,0,2206,1892,0,10456,801,13.100000381469728,2206,10456,26.700000762939453
2018,183,부산외국어대학교,대학,사립,부산,B그룹,267521,177808,445329,507360,266428,773788,6,15,58958,4,25,58958,409,66,475,24289,3938,28227,21809,833,773788,9210,84.0,28227,773788,3.799999952316284
2018,184,부산장신대학교,대학,사립,경남,C그룹,39045,5023,44068,59344,6445,65789,2,3,4626,0,5,4626,72,13,85,1069,414,1483,1193,0,65789,492,133.6999969482422,1483,65789,2.299999952316284
2018,185,부천대학교,전문대학,사립,경기,A그룹,158828,22269,181097,251430,27509,278939,2,6,92426,1,9,92426,135,16,151,12402,206,12608,9891,3606,278939,7456,37.400001525878906,12608,278939,4.699999809265137
2018,186,삼육대학교,대학,사립,서울,B그룹,197394,72084,269478,316416,102906,419322,4,18,34432,5,27,34432,128,97,225,13939,19071,33010,27347,27,419322,5985,70.0999984741211,33010,419322,8.5
2018,187,삼육보건대학교,전문대학,사립,서울,C그룹,41209,1750,42959,55264,2273,57537,1,2,2777,0,3,2777,160,3,163,2176,415,2591,2390,0,57537,1386,41.5,2591,57537,4.699999809265137
2018,188,상명대학교,대학,사립,서울,A그룹,553888,190985,744873,1017240,282827,1300067,10,16,135156,5,31,135156,386,196,582,32457,5121,37578,28752,13532,1300067,14378,90.4000015258789,37578,1300067,3.0
2018,189,상지대학교,대학,사립,강원,B그룹,225738,24873,250611,540545,46978,587523,7,5,10114,4,16,10114,385,2,387,3901,825,4726,2363,0,587523,6956,84.5,4726,587523,0.800000011920929
2018,190,상지영서대학교,전문대학,사립,강원,B그룹,57541,3905,61446,118166,4853,123019,0,0,8040,0,0,8040,24,1,25,2989,0,2989,1795,0,123019,2608,47.20000076293945,2989,123019,2.5
2018,191,서강대학교,대학,사립,서울,A그룹,377664,430593,808257,673982,567638,1241620,37,42,51994,12,91,51994,311,212,523,33941,2934,36875,26578,17569,1241620,11160,111.3000030517578,36875,1241620,3.0999999046325684
2018,192,서경대학교,대학,사립,서울,B그룹,255145,48555,303700,469897,67807,537704,4,1,25641,3,8,25641,538,121,659,25434,21882,47316,30945,0,537704,7044,76.30000305175781,47316,537704,9.600000381469728
2018,193,서남대학교,대학,사립,전북,C그룹,0,0,0,0,0,0,0,0,0,0,0,0,0,0,0,0,0,0,0,0,0,0,0.0,0,0,0.0
2018,194,서라벌대학교,전문대학,사립,경북,C그룹,30059,4148,34207,105095,16522,121617,1,2,1672,0,3,1672,77,0,77,850,115,965,616,0,121617,800,152.0,965,121617,0.800000011920929
2018,195,서영대학교,전문대학,사립,광주,A그룹,55964,2771,58735,91600,3249,94849,2,5,9207,1,8,9207,169,0,169,17496,272,17768,5629,0,94849,5071,18.700000762939453,17768,94849,23.100000381469727
2018,196,서울과학기술대학교,대학,국립,서울,A그룹,276312,104591,380903,590680,128838,719518,23,23,23801,4,50,23801,347,93,440,19492,6435,25927,17996,0,719518,12085,59.5,25927,719518,3.700000047683716
2018,197,서울과학종합대학원대학교,대학원대학,사립,서울,-,1654,243,1897,2431,322,2753,2,1,0,0,3,0,4,0,4,0,0,0,0,0,2753,426,6.5,0,2753,0.0
2018,198,서울교육대학교,대학,국립,서울,C그룹,155994,24168,180162,269688,33068,302756,8,10,4933,0,18,4933,184,29,213,4773,2035,6808,6233,0,302756,2984,101.5,6808,302756,2.299999952316284
2018,199,서울기독대학교,대학,사립,서울,C그룹,28933,11220,40153,38936,14864,53800,4,8,3426,0,12,3426,45,2,47,1802,32,1834,1783,497,53800,747,72.0,1834,53800,3.5
2018,200,서울대학교,대학,국립,서울,A그룹,699628,1166091,1865719,2398220,2686162,5084382,89,103,686333,0,192,686333,2202,1991,4193,32349,25682,58031,48857,182,5084382,28378,179.1999969482422,58031,5084382,1.2000000476837158
2018,201,서울디지털대학교,대학,사립,서울,A그룹,11935,0,11935,34823,0,34823,1,0,10900,0,1,10900,0,0,0,6453,0,6453,2048,0,34823,11304,3.0999999046325684,6453,34823,22.700000762939453
2018,202,서울미디어대학원대학교,대학원대학,사립,서울,-,3253,1207,4460,3683,1369,5052,0,1,0,0,1,0,11,0,11,100,312,412,289,0,5052,158,32.0,412,5052,8.899999618530273
2018,203,서울벤처대학원대학교,대학원대학,사립,서울,-,880,390,1270,2191,1146,3337,0,0,0,0,0,0,0,0,0,0,0,0,0,0,3337,259,12.899999618530272,0,3337,0.0
2018,204,서울불교대학원대학교,대학원대학,사립,서울,-,7232,1511,8743,7232,1511,8743,0,2,0,0,2,0,2,0,2,121,0,121,121,849,8743,181,48.29999923706055,121,8743,1.399999976158142
2018,205,서울사이버대학교,대학,사립,서울,A그룹,2036,10325,12361,7933,50975,58908,0,3,53011,0,3,53011,0,0,0,0,0,0,0,0,58908,10152,5.800000190734863,0,58908,0.0
2018,206,서울사회복지대학원대학교,대학원대학,사립,서울,-,4567,0,4567,4940,0,4940,0,0,0,0,0,0,5,0,5,63,483,546,546,0,4940,128,38.59999847412109,546,4940,12.399999618530272
2018,207,서울상담심리대학원대학교,대학원대학,사립,서울,-,7492,370,7862,9425,465,9890,2,1,0,0,3,0,25,0,25,382,410,792,499,0,9890,111,89.0999984741211,792,9890,8.699999809265137
2018,208,서울성경신학대학원대학교,대학원대학,사립,서울,-,16125,2386,18511,20075,3062,23137,0,5,5417,0,5,5417,61,0,61,46,15,61,46,0,23137,87,265.8999938964844,61,23137,0.3000000119209289
2018,209,서울시립대학교,대학,공립,서울,A그룹,410870,185660,596530,766769,268020,1034789,27,62,205469,4,93,205469,650,305,955,19851,1928,21779,17385,0,1034789,11741,88.0999984741211,21779,1034789,2.0999999046325684
2018,210,서울신학대학교,대학,사립,경기,C그룹,113843,119460,233303,214391,136698,351089,4,9,54314,1,14,54314,85,47,132,5283,1032,6315,4816,0,351089,3151,111.4000015258789,6315,351089,1.7999999523162842
2018,211,서울여자간호대학교,전문대학,사립,서울,C그룹,22094,1389,23483,32232,1745,33977,3,6,5380,0,9,5380,56,7,63,1352,353,1705,1274,0,33977,986,34.5,1705,33977,5.300000190734863
2018,212,서울여자대학교,대학,사립,서울,B그룹,390113,136900,527013,562326,173735,736061,21,23,64821,5,49,64821,706,155,861,16237,8244,24481,21708,40335,736061,7644,96.3000030517578,24481,736061,3.400000095367432
2018,213,서울예술대학교,전문대학,사립,경기,B그룹,66436,10178,76614,84899,11024,95923,1,13,5467,5,19,5467,68,35,103,4822,378,5200,3676,0,95923,3088,31.100000381469727,5200,95923,5.699999809265137
2018,214,서울외국어대학원대학교,대학원대학,사립,서울,-,1870,655,2525,2646,697,3343,0,0,0,0,0,0,3,0,3,0,2,2,2,0,3343,154,21.700000762939453,2,3343,0.1000000014901161
2018,215,서울장신대학교,대학,사립,경기,C그룹,63786,7373,71159,84292,9344,93636,4,8,9657,1,13,9657,151,2,153,1827,1255,3082,2787,947,93636,857,109.3000030517578,3082,93636,3.400000095367432
2018,216,서울한영대학교,대학,사립,서울,C그룹,48089,32937,81026,76678,48373,125051,0,6,3623,0,6,3623,206,15,221,591,1897,2488,1748,0,125051,1030,121.4000015258789,2488,125051,2.0
2018,217,서원대학교,대학,사립,충북,B그룹,271943,60941,332884,568260,111092,679352,5,11,36186,1,17,36186,551,20,571,18895,2805,21700,19018,1800,679352,7524,90.3000030517578,21700,679352,3.299999952316284
2018,218,서일대학교,전문대학,사립,서울,A그룹,105439,14683,120122,171245,16657,187902,4,6,12908,6,16,12908,112,23,135,7179,79,7258,5992,0,187902,6336,29.700000762939453,7258,187902,4.0
2018,219,서정대학교,전문대학,사립,경기,A그룹,32805,15500,48305,55086,18629,73715,0,1,47705,1,2,47705,46,0,46,3540,4750,8290,7844,0,73715,4461,16.5,8290,73715,12.699999809265137
2018,220,서해대학,전문대학,사립,전북,C그룹,44737,1035,45772,57985,1349,59334,0,0,1270,0,0,1270,33,0,33,776,0,776,639,0,59334,1107,53.59999847412109,776,59334,1.2999999523162842
2018,221,선교청대학교,대학,사립,충남,C그룹,0,0,0,0,0,0,0,0,0,0,0,0,0,0,0,0,0,0,0,0,0,0,0.0,0,0,0.0
2018,222,선린대학교,전문대학,사립,경북,C그룹,46199,2552,48751,74466,3272,77738,3,1,9538,0,4,9538,73,2,75,2062,52,2114,1428,215,77738,2502,31.100000381469727,2114,77738,2.799999952316284
2018,223,선문대학교,대학,사립,충남,B그룹,294905,110919,405824,519572,141331,660903,10,13,35275,4,27,35275,577,107,684,20561,12631,33192,25868,0,660903,9782,67.5999984741211,33192,660903,5.300000190734863
2018,224,선학유피대학원대학교,대학원대학,사립,경기,-,30910,8622,39532,34028,10565,44593,0,0,0,0,0,0,55,5,60,336,281,617,513,0,44593,61,731.0,617,44593,1.399999976158142
2018,225,성결대학교,대학,사립,경기,B그룹,227942,74130,302072,406436,92776,499212,7,12,22716,5,24,22716,188,98,286,12424,1040,13464,10422,0,499212,5858,85.19999694824219,13464,499212,2.799999952316284
2018,226,성공회대학교,대학,사립,서울,C그룹,122082,72328,194410,159782,92239,252021,8,15,65656,4,27,65656,113,40,153,5699,768,6467,5881,928,252021,2525,99.8000030517578,6467,252021,2.5999999046325684
2018,227,성균관대학교,대학,사립,서울,A그룹,677214,515809,1193023,1256718,750680,2007398,50,80,320053,1,131,320053,542,404,946,44469,9132,53601,32908,2634,2007398,26117,76.9000015258789,53601,2007398,2.700000047683716
2018,228,성산효대학원대학교,대학원대학,사립,인천,-,18145,5469,23614,20659,5469,26128,1,0,0,0,1,0,28,1,29,276,278,554,529,0,26128,227,115.0999984741211,554,26128,2.200000047683716
2018,229,성서침례대학원대학교,대학원대학,사립,경기,-,16285,6008,22293,16564,6053,22617,0,0,0,0,0,0,55,14,69,173,172,345,344,0,22617,46,491.7000122070313,345,22617,1.5
2018,230,성신여자대학교,대학,사립,서울,A그룹,356287,165271,521558,702431,209963,912394,13,15,47714,3,31,47714,200,268,468,19696,1910,21606,14251,0,912394,10092,90.4000015258789,21606,912394,2.400000095367432
2018,231,성운대학교,전문대학,사립,경북,C그룹,20006,5467,25473,36798,5467,42265,0,0,7587,0,0,7587,32,0,32,1693,15029,16722,8114,0,42265,1380,30.600000381469727,16722,42265,65.5
2018,232,성화대학,전문대학,사립,전남,B그룹,0,0,0,0,0,0,0,0,0,0,0,0,0,0,0,0,0,0,0,0,0,0,0.0,0,0,0.0
2018,233,세경대학교,전문대학,사립,강원,C그룹,40946,1454,42400,42618,1454,44072,0,2,5589,0,2,5589,70,0,70,1994,0,1994,1994,0,44072,976,45.20000076293945,1994,44072,4.699999809265137
2018,234,세계사이버대학,기타,기타,경기,-,0,0,0,0,0,0,0,0,0,0,0,0,0,0,0,0,0,0,0,0,0,0,0.0,0,0,0.0
2018,235,세명대학교,대학,사립,충북,B그룹,249512,69647,319159,523839,114226,638065,1,15,30168,9,25,30168,212,23,235,18371,1826,20197,18748,0,638065,8045,79.30000305175781,20197,638065,3.299999952316284
2018,236,세종대학교,대학,사립,서울,A그룹,363621,192810,556431,638004,301545,939549,25,22,43146,9,56,43146,196,86,282,6173,2377,8550,6875,0,939549,14087,66.69999694824219,8550,939549,0.8999999761581421
2018,237,세한대학교,대학,사립,충남,C그룹,147575,49022,196597,237968,70250,308218,4,6,28880,3,13,28880,154,14,168,12634,340,12974,10001,0,308218,4285,71.9000015258789,12974,308218,4.400000095367432
2018,238,송곡대학교,전문대학,사립,강원,C그룹,10143,29,10172,11729,83,11812,7,0,1131,0,7,1131,12,0,12,925,238,1163,1018,0,11812,730,16.200000762939453,1163,11812,10.899999618530272
2018,239,송원대학교,대학,사립,광주,C그룹,104318,14444,118762,242104,21994,264098,6,8,26538,0,14,26538,94,1,95,11563,1261,12824,12198,0,264098,2719,97.0999984741211,12824,264098,5.099999904632568
2018,240,송호대학교,전문대학,사립,강원,C그룹,26639,1577,28216,40570,2231,42801,0,2,2298,0,2,2298,57,0,57,1796,114,1910,1664,78,42801,976,43.900001525878906,1910,42801,4.699999809265137
2018,241,수도국제대학원대학교,대학원대학,사립,서울,-,13645,2444,16089,20252,3928,24180,0,0,0,0,0,0,33,0,33,59,244,303,214,71,24180,314,77.0,303,24180,1.2999999523162842
2018,242,수성대학교,전문대학,사립,대구,B그룹,66378,2679,69057,111832,3601,115433,0,1,0,1,2,0,56,0,56,5214,119,5333,3383,0,115433,3551,32.5,5333,115433,4.800000190734863
2018,243,수원가톨릭대학교,대학,사립,경기,C그룹,57741,24610,82351,92369,38387,130756,4,4,1367,0,8,1367,151,128,279,2145,796,2941,2235,0,130756,171,764.7000122070312,2941,130756,2.299999952316284
2018,244,수원과학대학교,전문대학,사립,경기,B그룹,106780,7813,114593,202727,10213,212940,1,2,20105,2,5,20105,120,3,123,6465,112,6577,4871,0,212940,6198,34.400001525878906,6577,212940,3.200000047683716
2018,245,수원대학교,대학,사립,경기,B그룹,266383,112901,379284,644030,254971,899001,8,11,52023,3,22,52023,211,13,224,8948,12123,21071,16745,0,899001,10556,85.19999694824219,21071,899001,2.400000095367432
2018,246,수원여자대학교,전문대학,사립,경기,B그룹,68216,5424,73640,147146,11094,158240,1,3,5286,1,5,5286,92,0,92,5854,0,5854,3092,0,158240,4411,35.900001525878906,5854,158240,3.799999952316284
2018,247,숙명여자대학교,대학,사립,서울,A그룹,378696,184905,563601,901391,281453,1182844,28,38,74399,2,68,74399,594,248,842,30281,3500,33781,19403,1055,1182844,12448,95.0,33781,1182844,2.900000095367432
2018,248,순복음대학원대학교,대학원대학,사립,서울,-,16865,168,17033,28408,168,28576,0,0,0,0,0,0,10,0,10,0,491,491,155,0,28576,109,262.20001220703125,491,28576,1.7000000476837158
2018,249,순복음총회신학교,대학,사립,충북,C그룹,13580,0,13580,25001,0,25001,0,0,0,0,0,0,0,0,0,0,134,134,134,0,25001,247,101.1999969482422,134,25001,0.5
2018,250,순천제일대학교,전문대학,사립,전남,B그룹,69422,1101,70523,103324,1220,104544,3,1,2367,0,4,2367,45,0,45,4260,811,5071,3309,0,104544,2458,42.5,5071,104544,5.099999904632568
2018,251,순천향대학교,대학,사립,충남,A그룹,324131,206105,530236,561007,231751,792758,40,24,137250,4,68,137250,196,12,208,18047,10155,28202,26082,0,792758,11646,68.0999984741211,28202,792758,3.700000047683716
2018,252,숭실대학교,대학,사립,서울,A그룹,402718,141975,544693,650939,240171,891110,26,31,247569,6,63,247569,184,143,327,35193,2293,37486,26953,0,891110,15516,57.400001525878906,37486,891110,4.400000095367432
2018,253,숭실사이버대학교,대학,사립,서울,B그룹,2203,0,2203,9519,0,9519,0,0,2203,0,0,2203,0,0,0,0,0,0,0,0,9519,5381,1.7999999523162842,0,9519,0.0
2018,254,숭의여자대학교,전문대학,사립,서울,B그룹,109333,19187,128520,157840,20949,178789,2,0,9332,2,4,9332,55,12,67,5203,204,5407,3684,0,178789,3401,52.59999847412109,5407,178789,3.0999999046325684
2018,255,신경주대학교,대학,사립,경북,C그룹,201836,34632,236468,338273,58008,396281,5,5,17636,1,11,17636,210,0,210,4399,1180,5579,5316,0,396281,1918,206.6000061035156,5579,396281,1.399999976158142
2018,256,신구대학교,전문대학,사립,경기,A그룹,107338,8320,115658,161930,9433,171363,2,1,13619,4,7,13619,103,16,119,6829,895,7724,4992,0,171363,6527,26.299999237060547,7724,171363,4.699999809265137
2018,257,신라대학교,대학,사립,부산,B그룹,249654,71058,320712,581388,117736,699124,7,14,44498,4,25,44498,373,86,459,13260,2760,16020,8412,0,699124,10315,67.80000305175781,16020,699124,2.299999952316284
2018,258,신성대학교,전문대학,사립,충남,B그룹,105034,13475,118509,151256,23801,175057,5,3,4484,0,8,4484,135,0,135,7053,274,7327,7042,3874,175057,3889,45.0,7327,175057,4.400000095367432
2018,259,신안산대학교,전문대학,사립,경기,B그룹,74358,2070,76428,121177,2186,123363,0,0,1850,0,0,1850,84,2,86,14833,2023,16856,4941,0,123363,4287,28.799999237060547,16856,123363,15.800000190734863
2018,260,신한대학교,대학,사립,경기,B그룹,219439,62562,282001,295003,64072,359075,4,9,56283,3,16,56283,361,13,374,21627,14044,35671,24223,0,359075,6898,52.09999847412109,35671,359075,11.0
2018,261,신흥대학교,전문대학,사립,경기,A그룹,0,0,0,0,0,0,0,0,0,0,0,0,0,0,0,0,0,0,0,0,0,0,0.0,0,0,0.0
2018,262,실천신학대학원대학교,대학원대학,사립,경기,-,6145,5304,11449,7242,5643,12885,0,1,0,0,1,0,10,3,13,73,1,74,74,0,12885,48,268.3999938964844,74,12885,0.6000000238418579
2018,263,아신대학교,대학,사립,경기,C그룹,48869,32615,81484,82742,50955,133697,1,6,1482,0,7,1482,144,85,229,2159,1246,3405,2719,0,133697,1450,92.1999969482422,3405,133697,2.5999999046325684
2018,264,아주대학교,대학,사립,경기,A그룹,346857,236354,583211,632151,438820,1070971,45,43,46261,2,90,46261,613,102,715,18951,2255,21206,18857,0,1070971,13741,77.9000015258789,21206,1070971,2.0
2018,265,아주자동차대학교,전문대학,사립,충남,C그룹,12620,90,12710,36566,259,36825,0,0,3948,0,0,3948,79,0,79,1392,110,1502,1249,0,36825,951,38.70000076293945,1502,36825,4.300000190734863
2018,266,안동과학대학교,전문대학,사립,경북,B그룹,59227,2389,61616,123693,2491,126184,1,5,13155,1,7,13155,151,6,157,4018,0,4018,2402,0,126184,2719,46.400001525878906,4018,126184,3.299999952316284
2018,267,안산대학교,전문대학,사립,경기,A그룹,89580,31204,120784,144050,34733,178783,4,2,34274,0,6,34274,134,26,160,4879,951,5830,5419,0,178783,4364,41.0,5830,178783,3.400000095367432
2018,268,안양대학교,대학,사립,경기,B그룹,299253,73881,373134,414997,79414,494411,8,10,76338,4,22,76338,92,16,108,4737,24312,29049,26773,0,494411,5384,91.8000030517578,29049,494411,6.199999809265137
2018,269,에스라성경대학원대학교,대학원대학,사립,경기,-,3503,2136,5639,7289,2161,9450,0,0,0,0,0,0,7,0,7,97,0,97,97,0,9450,75,126.0,97,9450,1.0
2018,270,여주대학교,전문대학,사립,경기,B그룹,122836,40593,163429,135184,40802,175986,3,0,53060,0,3,53060,30,0,30,7472,55,7527,7454,0,175986,5290,33.29999923706055,7527,175986,4.5
2018,271,연성대학교,전문대학,사립,경기,A그룹,126469,20411,146880,168425,21844,190269,2,1,25668,9,12,25668,165,0,165,6399,761,7160,6405,0,190269,5820,32.70000076293945,7160,190269,3.900000095367432
2018,272,연세대학교,대학,사립,서울,A그룹,812580,793549,1606129,1490778,1145381,2636159,66,92,298062,1,159,298062,1277,881,2158,85487,18650,104137,92538,100814,2636159,30783,85.5999984741211,104137,2636159,4.099999904632568
2018,273,연세대학교(미래),대학,사립,강원,B그룹,335508,89605,425113,465566,156861,622427,30,15,182173,4,49,182173,486,94,580,16459,3490,19949,15637,9367,622427,7884,78.9000015258789,19949,622427,3.299999952316284
2018,274,연암공과대학교,전문대학,사립,경남,C그룹,51712,4089,55801,62893,5003,67896,0,0,1585,0,0,1585,86,3,89,1470,26,1496,1423,0,67896,1219,55.70000076293945,1496,67896,2.299999952316284
2018,275,연암대학교,전문대학,사립,충남,C그룹,37954,2133,40087,55394,2705,58099,0,1,2268,0,1,2268,33,1,34,1076,2,1078,1029,0,58099,1044,55.70000076293945,1078,58099,1.899999976158142
2018,276,영남대학교,대학,사립,경북,A그룹,508812,367917,876729,1188896,603982,1792878,42,41,36911,2,85,36911,908,168,1076,23463,7526,30989,28372,32555,1792878,24257,73.9000015258789,30989,1792878,1.7999999523162842
2018,277,영남사이버대학교,대학,사립,경북,C그룹,0,0,0,0,0,0,0,0,0,0,0,0,0,0,0,0,0,0,0,0,0,0,0.0,0,0,0.0
2018,278,영남신학대학교,대학,사립,경북,C그룹,65867,41183,107050,94766,43502,138268,3,6,22331,0,9,22331,156,37,193,7186,411,7597,7115,0,138268,705,196.1000061035156,7597,138268,5.800000190734863
2018,279,영남외국어대학,전문대학,사립,경북,C그룹,25123,1024,26147,25606,1026,26632,0,0,1345,0,0,1345,0,0,0,0,0,0,0,0,26632,764,34.900001525878906,0,26632,0.0
2018,280,영남이공대학교,전문대학,사립,대구,A그룹,99549,6208,105757,214953,9487,224440,2,4,22703,1,7,22703,220,15,235,5985,16529,22514,5956,0,224440,5886,38.09999847412109,22514,224440,11.100000381469728
2018,281,영산대학교,대학,사립,경남,B그룹,243165,56225,299390,382320,69028,451348,6,9,10799,6,21,10799,191,11,202,5830,3483,9313,6139,0,451348,6927,65.19999694824219,9313,451348,2.0999999046325684
2018,282,영산선학대학교,대학,사립,전남,C그룹,36981,733,37714,54747,1029,55776,0,0,0,0,0,0,45,0,45,453,473,926,906,0,55776,46,1212.5,926,55776,1.7000000476837158
2018,283,영진전문대학교,전문대학,사립,대구,A그룹,134294,22956,157250,292955,36863,329818,4,14,28715,4,22,28715,969,2,971,8512,3,8515,4239,0,329818,7839,42.09999847412109,8515,329818,2.700000047683716
2018,284,예명대학원대학교,대학원대학,사립,서울,-,8140,1114,9254,15589,1407,16996,0,0,0,0,0,0,0,0,0,17,0,17,12,0,16996,181,93.9000015258789,17,16996,0.1000000014901161
2018,285,예수대학교,대학,사립,전북,C그룹,28794,3342,32136,37760,4065,41825,0,4,2643,1,5,2643,68,19,87,1520,356,1876,1636,50,41825,571,73.19999694824219,1876,41825,4.699999809265137
2018,286,예원예술대학교,대학,사립,전북,C그룹,29734,58,29792,39678,86,39764,0,0,1045,0,0,1045,18,0,18,178,59,237,222,1264,39764,1198,33.20000076293945,237,39764,0.6000000238418579
2018,287,오산대학교,전문대학,사립,경기,A그룹,110510,6734,117244,147324,7377,154701,3,4,10009,2,9,10009,183,13,196,9418,427,9845,5896,0,154701,4867,31.799999237060547,9845,154701,6.800000190734863
2018,288,온석대학원대학교,대학원대학,사립,경기,-,11000,150,11150,17977,261,18238,0,0,0,0,0,0,0,0,0,11,0,11,11,0,18238,277,65.80000305175781,11,18238,0.1000000014901161
2018,289,용인대학교,대학,사립,경기,B그룹,176507,23547,200054,342859,38588,381447,9,2,28689,4,15,28689,281,8,289,16376,932,17308,9154,0,381447,7013,54.400001525878906,17308,381447,4.800000190734863
2018,290,용인예술과학대학교,전문대학,사립,경기,B그룹,98157,6802,104959,159482,7525,167007,2,2,23112,2,6,23112,49,3,52,4405,24,4429,4108,0,167007,3838,43.5,4429,167007,2.700000047683716
2018,291,우석대학교,대학,사립,전북,B그룹,221086,116355,337441,575619,193680,769299,7,13,51829,9,29,51829,428,8,436,10146,778,10924,6182,0,769299,8215,93.5999984741211,10924,769299,1.399999976158142
2018,292,우송공업대학,전문대학,사립,대전,B그룹,0,0,0,0,0,0,0,0,0,0,0,0,0,0,0,0,0,0,0,0,0,0,0.0,0,0,0.0
2018,293,우송대학교,대학,사립,대전,A그룹,128163,130821,258984,352748,165219,517967,5,12,269069,4,21,269069,157,12,169,127582,812,128394,61226,0,517967,10109,51.20000076293945,128394,517967,33.0
2018,294,우송정보대학,전문대학,사립,대전,B그룹,59046,9126,68172,144641,13910,158551,0,0,6178,1,1,6178,58,7,65,5325,758,6083,2290,0,158551,4827,32.79999923706055,6083,158551,4.0
2018,295,울산과학기술원,대학,국립,울산,C그룹,90405,132700,223105,104276,136028,240304,37,25,428386,0,62,428386,58,12,70,10678,87,10765,10342,0,240304,4491,53.5,10765,240304,4.699999809265137
2018,296,울산과학대학교,전문대학,사립,울산,A그룹,129853,17780,147633,189218,24435,213653,1,6,9247,0,7,9247,75,9,84,7010,994,8004,6227,0,213653,4899,43.59999847412109,8004,213653,3.900000095367432
2018,297,울산대학교,대학,사립,울산,A그룹,376941,204532,581473,648984,463928,1112912,45,27,87826,0,72,87826,253,69,322,9941,3050,12991,10377,265,1112912,14107,78.9000015258789,12991,1112912,1.2000000476837158
2018,298,웅지세무대학교,전문대학,사립,경기,C그룹,7902,2262,10164,7902,2262,10164,0,0,0,0,0,0,0,0,0,0,0,0,0,0,10164,1641,6.199999809265137,0,10164,0.0
2018,299,원광대학교,대학,사립,전북,A그룹,464042,216174,680216,1046285,445499,1491784,20,21,37420,5,46,37420,697,11,708,27279,7685,34964,18347,2945,1491784,16683,89.4000015258789,34964,1491784,2.400000095367432
2018,300,원광보건대학교,전문대학,사립,전북,B그룹,76746,9705,86451,161112,15339,176451,0,8,9308,2,10,9308,182,8,190,4996,1057,6053,3068,0,176451,4677,37.70000076293945,6053,176451,3.5999999046325684
2018,301,원불교대학원대학교,대학원대학,사립,전북,-,12835,1944,14779,22417,2268,24685,0,0,0,0,0,0,43,0,43,70,300,370,300,0,24685,46,536.5999755859375,370,24685,1.5
2018,302,웨스트민스터신학대학원대학교,대학원대학,사립,경기,-,23053,7036,30089,32018,8553,40571,0,3,0,0,3,0,331,0,331,340,0,340,318,0,40571,455,89.19999694824219,340,40571,0.800000011920929
2018,303,위덕대학교,대학,사립,경북,C그룹,103406,54761,158167,199604,71454,271058,4,8,23572,1,13,23572,177,44,221,9155,2267,11422,9777,0,271058,3490,77.69999694824219,11422,271058,4.400000095367432
2018,304,유원대학교,대학,사립,충북,C그룹,115437,33319,148756,235409,52420,287829,0,4,38935,0,4,38935,90,0,90,106830,132,106962,52772,0,287829,3760,76.5999984741211,106962,287829,59.09999847412109
2018,305,유한대학교,전문대학,사립,경기,A그룹,111417,20856,132273,192571,24934,217505,2,5,16518,1,8,16518,80,11,91,7486,331,7817,5558,5814,217505,4732,46.0,7817,217505,3.700000047683716
2018,306,육군사관학교,기타,기타,서울,-,168363,77852,246215,224646,90239,314885,9,2,3403,0,11,3403,349,50,399,2724,3182,5906,4882,16470,314885,0,0.0,5906,314885,1.899999976158142
2018,307,을지대학교,대학,사립,대전,B그룹,101479,28413,129892,158437,32188,190625,10,7,9626,2,19,9626,57,0,57,3183,7107,10290,8187,0,190625,5377,35.5,10290,190625,5.699999809265137
2018,308,이화여자대학교,대학,사립,서울,A그룹,550962,494493,1045455,961382,706297,1667679,23,83,135753,10,116,135753,769,1196,1965,45605,5805,51410,41823,21421,1667679,21639,77.0999984741211,51410,1667679,3.200000047683716
2018,309,인덕대학교,전문대학,사립,서울,A그룹,97066,36722,133788,184996,40973,225969,0,4,5532,0,4,5532,117,7,124,5192,181,5373,3200,0,225969,6245,36.20000076293945,5373,225969,2.400000095367432
2018,310,인제대학교,대학,사립,경남,B그룹,384732,165539,550271,628289,240792,869081,27,20,77067,0,47,77067,248,28,276,16714,3411,20125,17126,1,869081,11005,79.0,20125,869081,2.400000095367432
2018,311,인제대학원대학교,대학원대학,사립,서울,-,0,0,0,0,0,0,0,0,0,0,0,0,0,0,0,0,0,0,0,0,0,0,0.0,0,0,0.0
2018,312,인천가톨릭대학교,대학,사립,인천,C그룹,59679,25355,85034,86244,34771,121015,8,11,18816,0,19,18816,158,121,279,8937,1000,9937,8913,0,121015,859,140.89999389648438,9937,121015,8.899999618530273
2018,313,인천대학교,대학,국립,인천,A그룹,375070,109587,484657,990965,184697,1175662,24,29,61407,0,53,61407,498,69,567,45236,1847,47083,21795,0,1175662,13500,87.0999984741211,47083,1175662,4.199999809265137
2018,314,인천전문대학,전문대학,공립,인천,A그룹,0,0,0,0,0,0,0,0,0,0,0,0,0,0,0,0,0,0,0,0,0,0,0.0,0,0,0.0
2018,315,인하공업전문대학,전문대학,사립,인천,A그룹,79055,15326,94381,171768,19584,191352,2,1,10273,1,4,10273,61,7,68,12884,27488,40372,15124,0,191352,6470,29.600000381469727,40372,191352,26.700000762939453
2018,316,인하대학교,대학,사립,인천,A그룹,553693,328161,881854,1245346,400312,1645658,34,35,56797,5,74,56797,575,160,735,19001,7050,26051,22079,0,1645658,20205,81.4000015258789,26051,1645658,1.600000023841858
2018,317,장로회신학대학교,대학,사립,서울,C그룹,118520,84641,203161,235123,142610,377733,11,7,30206,0,18,30206,214,143,357,33045,3092,36137,25650,0,377733,2230,169.39999389648438,36137,377733,10.600000381469728
2018,318,장안대학교,전문대학,사립,경기,B그룹,94928,23746,118674,156349,25491,181840,3,0,41306,8,11,41306,158,20,178,5154,8617,13771,12129,0,181840,5805,31.299999237060547,13771,181840,8.199999809265137
2018,319,재능대학교,전문대학,사립,인천,B그룹,57486,784,58270,96161,996,97157,3,4,6945,0,7,6945,134,0,134,554,2941,3495,1863,0,97157,3932,24.700000762939453,3495,97157,3.700000047683716
2018,320,전남과학대학교,전문대학,사립,전남,B그룹,76777,1046,77823,110113,1149,111262,3,1,24630,0,4,24630,95,0,95,18908,661,19569,11297,0,111262,4112,27.100000381469727,19569,111262,21.299999237060547
2018,321,전남대학교,대학,국립,광주,A그룹,589614,332192,921806,1313034,526012,1839046,32,32,64993,0,64,64993,1157,306,1463,27274,27247,54521,30763,0,1839046,24197,76.0,54521,1839046,3.0999999046325684
2018,322,전남도립대학교,전문대학,공립,전남,C그룹,62324,1057,63381,84570,1216,85786,1,5,7170,2,8,7170,182,0,182,2321,453,2774,2167,0,85786,1377,62.29999923706055,2774,85786,3.299999952316284
2018,323,전북과학대학교,전문대학,사립,전북,C그룹,40019,1319,41338,51614,3954,55568,0,8,5343,4,12,5343,83,2,85,2487,329,2816,2482,0,55568,1613,34.5,2816,55568,5.300000190734863
2018,324,전북대학교,대학,국립,전북,A그룹,614237,207003,821240,1352048,378241,1730289,34,39,72364,6,79,72364,614,621,1235,14139,13186,27325,16892,0,1730289,22114,78.19999694824219,27325,1730289,1.600000023841858
2018,325,전주교육대학교,대학,국립,전북,C그룹,119507,11243,130750,271483,15356,286839,4,7,7219,0,11,7219,234,41,275,5532,1761,7293,2556,0,286839,1401,204.6999969482422,7293,286839,2.5999999046325684
2018,326,전주기전대학,전문대학,사립,전북,C그룹,43890,1893,45783,84156,3185,87341,0,0,7376,0,0,7376,17,3,20,820,11,831,532,0,87341,1812,48.20000076293945,831,87341,1.0
2018,327,전주대학교,대학,사립,전북,A그룹,293194,56753,349947,526704,97809,624513,7,6,10361,6,19,10361,364,6,370,11494,1875,13369,9602,0,624513,12277,50.900001525878906,13369,624513,2.200000047683716
2018,328,전주비전대학교,전문대학,사립,전북,B그룹,71196,6962,78158,126592,8302,134894,1,1,4977,30,32,4977,44,1,45,3737,491,4228,2441,237,134894,3530,38.20000076293945,4228,134894,3.200000047683716
2018,329,제네바신학대학원대학교,대학원대학,사립,경기,-,18790,6608,25398,33883,9405,43288,0,0,0,0,0,0,168,61,229,150,0,150,137,0,43288,9,4809.7998046875,150,43288,0.3000000119209289
2018,330,제주관광대학교,전문대학,사립,제주,C그룹,49553,1202,50755,67226,1493,68719,1,2,10687,0,3,10687,138,9,147,6991,708,7699,7070,0,68719,2316,29.700000762939453,7699,68719,12.600000381469728
2018,331,제주국제대학교,대학,사립,제주,C그룹,52627,7705,60332,72949,8309,81258,4,0,6428,0,4,6428,135,0,135,1146,0,1146,1077,0,81258,1717,47.29999923706055,1146,81258,1.399999976158142
2018,332,제주대학교,대학,국립,제주,A그룹,547305,178568,725873,1028733,297534,1326267,18,19,38503,1,38,38503,639,341,980,16740,8078,24818,15134,0,1326267,12227,108.5,24818,1326267,1.899999976158142
2018,333,제주한라대학교,전문대학,사립,제주,A그룹,79110,9731,88841,122850,11436,134286,2,2,11106,2,6,11106,123,0,123,2330,0,2330,1606,8,134286,4948,27.100000381469727,2330,134286,1.7999999523162842
2018,334,조선간호대학교,전문대학,사립,광주,C그룹,25930,1576,27506,29862,1583,31445,1,0,6429,0,1,6429,29,0,29,1000,224,1224,1063,0,31445,791,39.79999923706055,1224,31445,4.099999904632568
2018,335,조선대학교,대학,사립,광주,A그룹,461058,209373,670431,960949,379110,1340059,24,19,118774,4,47,118774,617,282,899,33167,77978,111145,85903,0,1340059,21593,62.09999847412109,111145,1340059,9.0
2018,336,조선이공대학교,전문대학,사립,광주,B그룹,57209,17460,74669,85914,20007,105921,0,0,15888,0,0,15888,26,0,26,4286,59,4345,2756,0,105921,3371,31.399999618530277,4345,105921,4.300000190734863
2018,337,주안대학원대학교,대학원대학,사립,인천,-,5184,3674,8858,9590,4269,13859,1,0,3577,0,1,3577,27,1,28,893,4671,5564,1495,9450,13859,69,200.8999938964844,5564,13859,67.0999984741211
2018,338,중부대학교,대학,사립,충남,B그룹,236315,47828,284143,496334,61481,557815,2,6,92879,8,16,92879,396,0,396,23832,33846,57678,29328,0,557815,9467,58.900001525878906,57678,557815,11.5
2018,339,중앙대학교,대학,사립,서울,A그룹,500164,414097,914261,1458086,646010,2104096,37,73,323484,2,112,323484,356,216,572,77529,5430,82959,72442,0,2104096,28820,73.0,82959,2104096,4.099999904632568
2018,340,중앙승가대학교,대학,사립,경기,C그룹,74643,8882,83525,77943,11594,89537,3,0,5396,0,3,5396,1119,51,1170,1203,935,2138,1918,12,89537,270,331.6000061035156,2138,89537,2.400000095367432
2018,341,중원대학교,대학,사립,충북,C그룹,55550,117892,173442,63440,118633,182073,1,14,124150,0,15,124150,59,7,66,33168,56873,90041,90039,0,182073,3776,48.20000076293945,90041,182073,97.8000030517578
2018,342,진주교육대학교,대학,국립,경남,C그룹,151256,16126,167382,286506,16209,302715,4,4,19412,0,8,19412,69,0,69,6532,1608,8140,3758,0,302715,1806,167.60000610351562,8140,302715,2.799999952316284
2018,343,진주보건대학교,전문대학,사립,경남,B그룹,61984,1955,63939,85105,2378,87483,2,2,0,19,23,0,304,0,304,2253,818,3071,2530,0,87483,2850,30.700000762939453,3071,87483,3.5999999046325684
2018,344,차의과학대학교,대학,사립,경기,C그룹,31050,10211,41261,45963,17542,63505,6,8,5894,0,14,5894,165,4,169,2417,980,3397,3166,0,63505,3081,20.600000381469727,3397,63505,5.699999809265137
2018,345,창신대학교,대학,사립,경남,C그룹,88240,3539,91779,123253,5101,128354,1,4,17547,1,6,17547,81,0,81,3322,10803,14125,13304,0,128354,1720,74.5999984741211,14125,128354,12.399999618530272
2018,346,창원문성대학교,전문대학,사립,경남,C그룹,89844,2655,92499,184678,5657,190335,1,1,6464,0,2,6464,61,4,65,4945,0,4945,2199,0,190335,3386,56.20000076293945,4945,190335,2.700000047683716
2018,347,청강문화산업대학교,전문대학,사립,경기,B그룹,87756,15663,103419,173134,16478,189612,0,0,9288,1,1,9288,14,50,64,5233,97,5330,4330,277,189612,3568,53.09999847412109,5330,189612,2.900000095367432
2018,348,청암대학교,전문대학,사립,전남,B그룹,58886,7242,66128,80284,10719,91003,0,5,3787,3,8,3787,18,2,20,5778,500,6278,2501,0,91003,2780,32.70000076293945,6278,91003,7.400000095367432
2018,349,청운대학교,대학,사립,충남,B그룹,255322,57548,312870,543711,67181,610892,5,11,83789,4,20,83789,175,44,219,18343,720,19063,11666,0,610892,6847,89.19999694824219,19063,610892,3.200000047683716
2018,350,청주교육대학교,대학,국립,충북,C그룹,139653,10541,150194,247640,21851,269491,0,2,7909,0,2,7909,138,26,164,4783,2991,7774,3649,0,269491,1651,163.1999969482422,7774,269491,3.0
2018,351,청주대학교,대학,사립,충북,A그룹,423047,168268,591315,929594,266806,1196400,21,25,56898,4,50,56898,426,203,629,30990,2185,33175,20557,1,1196400,11862,100.9000015258789,33175,1196400,2.900000095367432
2018,352,초당대학교,대학,사립,전남,C그룹,174631,35217,209848,290136,40525,330661,7,7,32797,8,22,32797,195,11,206,10427,4366,14793,10143,0,330661,3358,98.5,14793,330661,4.699999809265137
2018,353,총신대학교,대학,사립,서울,C그룹,111978,303625,415603,268873,362977,631850,7,13,190723,2,22,190723,277,208,485,22588,6305,28893,25299,0,631850,4099,154.10000610351562,28893,631850,4.800000190734863
2018,354,추계예술대학교,대학,사립,서울,C그룹,97279,8654,105933,111377,9356,120733,3,3,8609,4,10,8609,106,30,136,2938,89,3027,2769,2,120733,1387,87.0,3027,120733,2.5999999046325684
2018,355,춘천교육대학교,대학,국립,강원,C그룹,198815,6966,205781,306771,9008,315779,4,0,12379,0,4,12379,125,0,125,4033,1493,5526,4675,4949,315779,1818,173.6999969482422,5526,315779,1.7999999523162842
2018,356,춘해보건대학교,전문대학,사립,울산,B그룹,64543,1703,66246,75464,2150,77614,2,4,16374,0,6,16374,81,1,82,3231,314,3545,3321,0,77614,2605,29.799999237060547,3545,77614,4.800000190734863
2018,357,충남대학교,대학,국립,대전,A그룹,582745,278576,861321,1296263,459898,1756161,24,43,39770,9,76,39770,515,848,1363,53539,10498,64037,33100,0,1756161,23452,74.9000015258789,64037,1756161,3.799999952316284
2018,358,충남도립대학교,전문대학,공립,충남,C그룹,42015,1642,43657,63779,1998,65777,1,1,1121,0,2,1121,77,3,80,1293,449,1742,1667,0,65777,1148,57.29999923706055,1742,65777,2.700000047683716
2018,359,충북대학교,대학,국립,충북,A그룹,456814,204300,661114,1100932,264843,1365775,34,33,63696,3,70,63696,721,213,934,14526,24107,38633,30428,23,1365775,17510,78.0,38633,1365775,2.900000095367432
2018,360,충북도립대학교,전문대학,공립,충북,C그룹,38362,1282,39644,64443,1666,66109,0,1,2614,0,1,2614,43,0,43,2277,10,2287,1214,0,66109,928,71.19999694824219,2287,66109,3.5999999046325684
2018,361,충북보건과학대학교,전문대학,사립,충북,B그룹,75744,4479,80223,115977,5685,121662,0,2,7168,0,2,7168,150,0,150,3439,84,3523,2640,178,121662,2832,43.0,3523,121662,3.0
2018,362,충청대학교,전문대학,사립,충북,B그룹,90451,11441,101892,145832,14048,159880,4,8,11471,6,18,11471,200,5,205,5022,472,5494,3917,0,159880,4778,33.5,5494,159880,3.5999999046325684
2018,363,치유상담대학원대학교,대학원대학,사립,서울,-,11682,3041,14723,12610,3066,15676,0,2,0,0,2,0,5,0,5,258,0,258,241,0,15676,147,106.5999984741211,258,15676,1.7000000476837158
2018,364,칼빈대학교,대학,사립,경기,C그룹,41327,22067,63394,75905,26860,102765,1,8,8725,0,9,8725,171,22,193,1652,557,2209,2040,830,102765,821,125.1999969482422,2209,102765,2.200000047683716
2018,365,탐라대학교,대학,사립,제주,C그룹,0,0,0,0,0,0,0,0,0,0,0,0,0,0,0,0,0,0,0,0,0,0,0.0,0,0,0.0
2018,366,평택대학교,대학,사립,경기,C그룹,199926,72025,271951,309159,86669,395828,5,13,16088,1,19,16088,108,106,214,8331,2000,10331,7705,0,395828,4556,86.9000015258789,10331,395828,2.700000047683716
2018,367,포항공과대학교,대학,사립,경북,C그룹,94100,190791,284891,127096,332557,459653,29,14,461317,1,44,461317,112,92,204,2413,40,2453,2043,1938,459653,3198,143.6999969482422,2453,459653,0.5
2018,368,포항대학교,전문대학,사립,경북,C그룹,49233,2981,52214,90857,3544,94401,0,2,1145,0,2,1145,85,0,85,1779,0,1779,608,0,94401,1953,48.29999923706055,1779,94401,1.899999976158142
2018,369,한경국립대학교,대학,국립,경기,B그룹,221880,41946,263826,448697,56577,505274,11,8,9573,2,21,9573,188,60,248,9577,1252,10829,5944,0,505274,6976,72.4000015258789,10829,505274,2.200000047683716
2018,370,한국개발연구원국제정책대학원대학교,대학원대학,사립,세종,-,80015,141121,221136,89247,167686,256933,7,23,420618,0,30,420618,1,15,16,1618,2442,4060,3434,30041,256933,807,318.3999938964844,4060,256933,1.600000023841858
2018,371,한국골프과학기술대학교,전문대학,사립,강원,C그룹,13629,44,13673,14156,44,14200,0,0,2091,0,0,2091,17,0,17,486,1062,1548,1312,0,14200,473,30.0,1548,14200,12.199999809265137
2018,372,한국공학대학교,대학,사립,경기,B그룹,101403,9645,111048,169215,12803,182018,16,3,35748,7,26,35748,173,29,202,9987,2610,12597,10726,0,182018,7746,23.5,12597,182018,7.400000095367432
2018,373,한국과학기술원,대학,국립,대전,A그룹,244934,309110,554044,333410,364556,697966,57,63,230133,2,122,230133,165,27,192,25591,4874,30465,27436,24,697966,10515,66.4000015258789,30465,697966,4.599999904632568
2018,374,한국관광대학교,전문대학,사립,경기,C그룹,45864,1211,47075,82024,1615,83639,2,3,6674,1,6,6674,122,1,123,5079,868,5947,2977,0,83639,1902,44.0,5947,83639,7.699999809265137
2018,375,한국교원대학교,대학,국립,충북,B그룹,241016,77212,318228,512608,115575,628183,19,15,67497,1,35,67497,241,69,310,14111,5232,19343,13124,0,628183,5678,110.5999984741211,19343,628183,3.200000047683716
2018,376,한국국제대학교,대학,사립,경남,C그룹,103223,21158,124381,244509,23959,268468,1,8,35138,1,10,35138,112,0,112,8129,66017,74146,20147,0,268468,3362,79.9000015258789,74146,268468,38.20000076293945
2018,377,한국기술교육대학교,대학,사립,충남,C그룹,159082,32565,191647,333579,41180,374759,8,15,21209,3,26,21209,137,64,201,21136,1911,23047,11739,0,374759,4919,76.19999694824219,23047,374759,6.599999904632568
2018,378,한국농수산대학교,전문대학,국립,전북,C그룹,45551,3657,49208,53248,4413,57661,1,3,13272,2,6,13272,186,27,213,573,676,1249,1006,0,57661,1313,43.900001525878906,1249,57661,2.200000047683716
2018,379,한국방송통신대학교,대학,국립,서울,A그룹,217196,76308,293504,1022236,108003,1130239,7,8,49811,4,19,49811,125,18,143,19388,4879,24267,10577,22529,1130239,117765,9.600000381469728,24267,1130239,2.200000047683716
2018,380,한국복지사이버대학교,전문대학,사립,경북,B그룹,1528,5491,7019,3931,5491,9422,0,0,7019,0,0,7019,0,0,0,214,7551,7765,6011,0,9422,1719,5.5,7765,9422,468.6000061035156
2018,381,한국상담대학원대학교,대학원대학,사립,서울,-,9253,1783,11036,13497,2169,15666,3,1,0,0,4,0,0,0,0,878,1529,2407,1982,0,15666,153,102.4000015258789,2407,15666,18.200000762939453
2018,382,한국성서대학교,대학,사립,서울,C그룹,88907,19397,108304,132777,26714,159491,0,5,34148,2,7,34148,372,21,393,1907,3023,4930,3460,0,159491,1256,127.0,4930,159491,3.200000047683716
2018,383,한국승강기대학교,전문대학,사립,경남,C그룹,11419,249,11668,19167,313,19480,0,0,434,0,0,434,2,2,4,627,0,627,470,0,19480,652,29.899999618530277,627,19480,3.299999952316284
2018,384,한국에너지공과대학교,대학,국립,전남,C그룹,0,0,0,0,0,0,0,0,0,0,0,0,0,0,0,0,0,0,0,0,0,0,0.0,0,0,0.0
2018,385,한국열린사이버대학교,대학,사립,서울,B그룹,2235,0,2235,2235,0,2235,0,0,2235,0,0,2235,0,0,0,1826,409,2235,2235,1906,2235,4548,0.5,2235,2235,0.0
2018,386,한국영상대학교,전문대학,사립,세종,B그룹,57866,1516,59382,114643,2297,116940,1,0,9851,1,2,9851,80,2,82,3508,752,4260,3053,0,116940,3370,34.70000076293945,4260,116940,3.799999952316284
2018,387,한국예술종합학교,대학,국립,서울,C그룹,111175,57135,168310,188776,70646,259422,8,21,27425,1,30,27425,199,231,430,15096,2029,17125,15216,0,259422,2599,99.8000030517578,17125,259422,7.099999904632568
2018,388,한국외국어대학교,대학,사립,서울,A그룹,527792,346974,874766,1282183,552845,1835028,25,45,96761,8,78,96761,1739,749,2488,50429,6544,56973,35939,643,1835028,19512,94.0,56973,1835028,3.200000047683716
2018,389,한국전력국제원자력대학원대학교,대학원대학,사립,울산,-,2374,3052,5426,2374,3052,5426,2,0,0,0,2,0,12,6,18,609,50,659,507,0,5426,108,50.20000076293945,659,5426,13.800000190734863
2018,390,한국전통문화대학교,대학,국립,충남,C그룹,91684,18712,110396,199970,29203,229173,3,8,9741,0,11,9741,115,66,181,11096,4575,15671,9615,0,229173,678,338.0,15671,229173,7.300000190734863
2018,391,한국정보통신대학교,대학,사립,대전,C그룹,0,0,0,0,0,0,0,0,0,0,0,0,0,0,0,0,0,0,0,0,0,0,0.0,0,0,0.0
2018,392,한국철도대학,전문대학,국립,경기,C그룹,0,0,0,0,0,0,0,0,0,0,0,0,0,0,0,0,0,0,0,0,0,0,0.0,0,0,0.0
2018,393,한국체육대학교,대학,국립,서울,C그룹,83707,14603,98310,131647,19685,151332,1,13,14787,0,14,14787,55,13,68,5843,972,6815,5432,0,151332,3128,48.400001525878906,6815,151332,4.699999809265137
2018,394,한국침례신학대학교,대학,사립,대전,C그룹,106259,73101,179360,183947,86318,270265,5,7,50258,3,15,50258,122,52,174,5020,691,5711,5339,0,270265,2353,114.9000015258789,5711,270265,2.200000047683716
2018,395,한국폴리텍Ⅰ대학서울강서캠퍼스,전문대학,사립,서울,C그룹,5906,103,6009,5909,103,6012,0,0,0,0,0,0,1,0,1,499,24,523,523,0,6012,505,11.899999618530272,523,6012,9.5
2018,396,한국폴리텍Ⅰ대학서울정수캠퍼스,전문대학,사립,서울,C그룹,32,5,37,11299,15,11314,0,0,0,0,0,0,0,0,0,2622,0,2622,36,0,11314,1420,8.0,2622,11314,30.200000762939453
2018,397,한국폴리텍Ⅰ대학성남캠퍼스,전문대학,사립,경기,C그룹,7707,0,7707,9687,0,9687,0,0,0,0,0,0,0,0,0,626,0,626,626,0,9687,962,10.100000381469728,626,9687,6.900000095367432
2018,398,한국폴리텍Ⅰ대학제주캠퍼스,전문대학,사립,제주,C그룹,5622,0,5622,6766,0,6766,0,0,0,0,0,0,0,0,0,143,0,143,112,0,6766,33,205.0,143,6766,2.200000047683716
2018,399,한국폴리텍Ⅱ대학남인천캠퍼스,전문대학,사립,인천,C그룹,0,0,0,0,0,0,0,0,0,0,0,0,0,0,0,0,0,0,0,0,0,0,0.0,0,0,0.0
2018,400,한국폴리텍Ⅱ대학인천캠퍼스,전문대학,사립,인천,C그룹,12588,0,12588,12588,0,12588,0,0,0,0,0,0,0,0,0,484,0,484,484,0,12588,2365,5.300000190734863,484,12588,4.0
2018,401,한국폴리텍Ⅱ대학화성캠퍼스,전문대학,사립,경기,C그룹,0,0,0,0,0,0,0,0,0,0,0,0,0,0,0,0,0,0,0,0,0,0,0.0,0,0,0.0
2018,402,한국폴리텍Ⅲ대학강릉캠퍼스,전문대학,사립,강원,C그룹,3742,0,3742,3945,0,3945,0,0,0,0,0,0,14,0,14,303,0,303,295,0,3945,119,33.20000076293945,303,3945,8.300000190734863
2018,403,한국폴리텍Ⅲ대학원주캠퍼스,전문대학,사립,강원,C그룹,2822,0,2822,2822,0,2822,0,0,0,0,0,0,0,0,0,232,23,255,255,0,2822,55,51.29999923706055,255,2822,9.899999618530272
2018,404,한국폴리텍Ⅲ대학춘천캠퍼스,전문대학,사립,강원,C그룹,0,0,0,0,0,0,0,0,0,0,0,0,0,0,0,0,0,0,0,0,0,0,0.0,0,0,0.0
2018,405,한국폴리텍Ⅳ대학대전캠퍼스,전문대학,사립,대전,C그룹,6366,0,6366,6425,0,6425,0,0,620,0,0,620,0,0,0,0,0,0,0,0,6425,1047,6.099999904632568,0,6425,0.0
2018,406,한국폴리텍Ⅳ대학아산캠퍼스,전문대학,사립,충남,C그룹,5912,0,5912,7659,0,7659,0,0,0,0,0,0,0,0,0,328,0,328,224,0,7659,549,14.0,328,7659,4.5
2018,407,한국폴리텍Ⅳ대학청주캠퍼스,전문대학,사립,충북,C그룹,4793,0,4793,5661,0,5661,0,0,0,0,0,0,0,0,0,332,0,332,318,0,5661,818,6.900000095367432,332,5661,6.199999809265137
2018,408,한국폴리텍Ⅳ대학충남캠퍼스,전문대학,사립,충남,C그룹,0,0,0,0,0,0,0,0,0,0,0,0,0,0,0,0,0,0,0,0,0,0,0.0,0,0,0.0
2018,409,한국폴리텍Ⅴ대학광주캠퍼스,전문대학,사립,광주,C그룹,10551,0,10551,12741,0,12741,0,0,0,0,0,0,0,0,0,848,0,848,390,0,12741,819,15.600000381469728,848,12741,7.099999904632568
2018,410,한국폴리텍Ⅴ대학순천캠퍼스,전문대학,사립,전남,C그룹,0,0,0,0,0,0,0,0,0,0,0,0,0,0,0,0,0,0,0,0,0,0,0.0,0,0,0.0
2018,411,한국폴리텍Ⅴ대학익산캠퍼스,전문대학,사립,전북,C그룹,0,0,0,0,0,0,0,0,0,0,0,0,0,0,0,0,0,0,0,0,0,0,0.0,0,0,0.0
2018,412,한국폴리텍Ⅴ대학전남캠퍼스,전문대학,사립,전남,C그룹,0,0,0,0,0,0,0,0,0,0,0,0,0,0,0,0,0,0,0,0,0,0,0.0,0,0,0.0
2018,413,한국폴리텍Ⅴ대학전북캠퍼스,전문대학,사립,전북,C그룹,273,0,273,275,0,275,0,0,0,0,0,0,0,0,0,275,0,275,273,0,275,534,0.5,275,275,0.0
2018,414,한국폴리텍Ⅵ대학구미캠퍼스,전문대학,사립,경북,C그룹,2500,0,2500,7424,0,7424,0,0,0,0,0,0,8,0,8,319,0,319,201,0,7424,552,13.399999618530272,319,7424,4.5
2018,415,한국폴리텍Ⅵ대학대구캠퍼스,전문대학,사립,대구,C그룹,11197,6,11203,11526,6,11532,0,0,0,0,0,0,27,0,27,1281,0,1281,1189,1281,11532,1075,10.699999809265137,1281,11532,12.5
2018,416,한국폴리텍Ⅵ대학영남융합기술캠퍼스,전문대학,사립,대구,C그룹,4401,0,4401,7066,0,7066,0,0,0,0,0,0,0,0,0,270,0,270,5,0,7066,338,20.899999618530277,270,7066,4.0
2018,417,한국폴리텍Ⅵ대학영주캠퍼스,전문대학,사립,경북,C그룹,1657,0,1657,1729,0,1729,0,0,0,0,0,0,0,0,0,123,0,123,118,0,1729,55,31.399999618530277,123,1729,7.699999809265137
2018,418,한국폴리텍Ⅶ대학동부산캠퍼스,전문대학,사립,부산,C그룹,0,0,0,0,0,0,0,0,0,0,0,0,0,0,0,0,0,0,0,0,0,0,0.0,0,0,0.0
2018,419,한국폴리텍Ⅶ대학부산캠퍼스,전문대학,사립,부산,C그룹,10373,0,10373,12479,0,12479,0,0,0,0,0,0,0,0,0,621,0,621,606,0,12479,1005,12.399999618530272,621,12479,5.199999809265137
2018,420,한국폴리텍Ⅶ대학울산캠퍼스,전문대학,사립,울산,C그룹,7719,0,7719,8180,0,8180,0,0,0,0,0,0,0,0,0,471,0,471,455,0,8180,858,9.5,471,8180,6.099999904632568
2018,421,한국폴리텍Ⅶ대학진주캠퍼스,전문대학,사립,경남,C그룹,0,0,0,0,0,0,0,0,0,0,0,0,0,0,0,0,0,0,0,0,0,0,0.0,0,0,0.0
2018,422,한국폴리텍Ⅶ대학창원캠퍼스,전문대학,사립,경남,C그룹,16797,3,16800,23265,3,23268,0,0,872,0,0,872,17,0,17,1039,37,1076,991,0,23268,1509,15.399999618530272,1076,23268,4.800000190734863
2018,423,한국폴리텍특성화 로봇캠퍼스,전문대학,사립,경북,C그룹,0,0,0,0,0,0,0,0,0,0,0,0,0,0,0,0,0,0,0,0,0,0,0.0,0,0,0.0
2018,424,한국폴리텍특성화 바이오캠퍼스,전문대학,사립,충남,C그룹,0,0,0,0,0,0,0,0,0,0,0,0,0,0,0,0,0,0,0,0,0,0,0.0,0,0,0.0
2018,425,한국폴리텍특성화 반도체융합캠퍼스,전문대학,사립,경기,C그룹,7581,0,7581,9014,0,9014,0,0,0,0,0,0,0,0,0,396,0,396,394,0,9014,566,15.899999618530272,396,9014,4.599999904632568
2018,426,한국폴리텍특성화 항공캠퍼스,전문대학,사립,경남,C그룹,5198,200,5398,5198,200,5398,0,0,0,0,0,0,0,0,0,346,0,346,346,0,5398,533,10.100000381469728,346,5398,6.800000190734863
2018,427,한국학대학원,대학원대학,국립,경기,-,0,0,0,0,0,0,0,0,0,0,0,0,0,0,0,0,0,0,0,0,0,0,0.0,0,0,0.0
2018,428,한국항공대학교,대학,사립,경기,C그룹,109969,44074,154043,180828,55853,236681,7,6,5567,0,13,5567,92,28,120,2480,644,3124,2551,0,236681,4602,51.400001525878906,3124,236681,1.2999999523162842
2018,429,한남대학교,대학,사립,대전,A그룹,334920,141394,476314,691794,233687,925481,10,15,59135,0,25,59135,467,51,518,17073,16767,33840,23563,0,925481,12700,72.9000015258789,33840,925481,3.799999952316284
2018,430,한동대학교,대학,사립,경북,C그룹,106192,95208,201400,153498,117089,270587,10,7,43863,1,18,43863,66,99,165,6661,1548,8209,5786,0,270587,4420,61.20000076293945,8209,270587,3.0999999046325684
2018,431,한라대학교,대학,사립,강원,C그룹,101782,50478,152260,163573,50962,214535,5,4,85294,5,14,85294,83,0,83,116190,321,116511,81953,0,214535,3973,54.0,116511,214535,118.9000015258789
2018,432,한려대학교,대학,사립,전남,C그룹,35666,16,35682,97715,16,97731,1,0,86,0,1,86,0,0,0,0,0,0,0,0,97731,605,161.5,0,97731,0.0
2018,433,한림국제대학원대학교,대학원대학,사립,서울,-,2185,1214,3399,2997,1294,4291,0,0,0,0,0,0,0,0,0,22,37,59,59,0,4291,165,26.0,59,4291,1.399999976158142
2018,434,한림대학교,대학,사립,강원,B그룹,267272,144872,412144,540810,268928,809738,16,12,15240,1,29,15240,490,142,632,15346,13902,29248,18898,0,809738,8770,92.3000030517578,29248,809738,3.700000047683716
2018,435,한림성심대학교,전문대학,사립,강원,B그룹,85689,4573,90262,144625,6833,151458,2,3,11521,8,13,11521,221,3,224,5247,855,6102,3397,0,151458,3238,46.79999923706055,6102,151458,4.199999809265137
2018,436,한민학교,대학,사립,충남,C그룹,0,0,0,0,0,0,0,0,0,0,0,0,0,0,0,0,0,0,0,0,0,0,0.0,0,0,0.0
2018,437,한반도국제대학원대학교,대학원대학,사립,서울,-,11208,1489,12697,11366,1498,12864,0,0,0,0,0,0,0,0,0,45,195,240,223,0,12864,64,201.0,240,12864,1.899999976158142
2018,438,한북대학교,대학,사립,경기,C그룹,0,0,0,0,0,0,0,0,0,0,0,0,0,0,0,0,0,0,0,0,0,0,0.0,0,0,0.0
2018,439,한서대학교,대학,사립,충남,B그룹,204973,236575,441548,327388,325458,652846,4,11,23176,2,17,23176,160,41,201,19304,1390,20694,18937,0,652846,7780,83.9000015258789,20694,652846,3.299999952316284
2018,440,한성대학교,대학,사립,서울,B그룹,382920,130630,513550,572260,157342,729602,11,30,71074,9,50,71074,2259,70,2329,17792,1515,19307,17802,0,729602,7180,101.5999984741211,19307,729602,2.700000047683716
2018,441,한세대학교,대학,사립,경기,C그룹,126448,89066,215514,239721,97202,336923,2,6,71642,0,8,71642,213,41,254,7947,293,8240,6473,0,336923,3682,91.5,8240,336923,2.5
2018,442,한신대학교,대학,사립,경기,B그룹,184265,96512,280777,367316,147489,514805,5,10,8728,1,16,8728,381,69,450,12891,2040,14931,10601,5,514805,5511,93.4000015258789,14931,514805,3.0
2018,443,한양대학교,대학,사립,서울,A그룹,575342,408295,983637,1025595,609047,1634642,44,66,139283,6,116,139283,1079,303,1382,57840,24058,81898,60561,0,1634642,22418,72.9000015258789,81898,1634642,5.300000190734863
2018,444,한양대학교(ERICA),대학,사립,경기,A그룹,406875,177704,584579,703218,246628,949846,14,8,64229,2,24,64229,216,106,322,15732,2533,18265,15896,284,949846,10255,92.5999984741211,18265,949846,2.0
2018,445,한양여자대학교,전문대학,사립,서울,A그룹,82788,20541,103329,179186,24865,204051,2,0,15934,2,4,15934,105,19,124,7842,10579,18421,14314,0,204051,6679,30.600000381469727,18421,204051,9.899999618530272
2018,446,한영대학교,전문대학,사립,전남,C그룹,4801,65,4866,26976,432,27408,2,0,0,0,2,0,76,0,76,1357,12,1369,92,0,27408,1357,20.200000762939453,1369,27408,5.300000190734863
2018,447,한일장신대학교,대학,사립,전북,C그룹,98126,19088,117214,181912,26158,208070,4,5,5846,0,9,5846,72,9,81,1958,2225,4183,3427,118,208070,1162,179.10000610351562,4183,208070,2.0999999046325684
2018,448,한중대학교,대학,사립,강원,C그룹,0,0,0,0,0,0,0,0,0,0,0,0,0,0,0,0,0,0,0,0,0,0,0.0,0,0,0.0
2018,449,합동신학대학원대학교,대학원대학,사립,경기,-,64994,59155,124149,93844,71183,165027,3,8,43346,0,11,43346,127,71,198,2786,2023,4809,4279,0,165027,304,542.9000244140625,4809,165027,3.0
2018,450,해군사관학교,기타,기타,경남,-,134294,44393,178687,192762,51255,244017,6,11,14520,0,17,14520,210,26,236,9529,2065,11594,9795,0,244017,0,0.0,11594,244017,5.0
2018,451,협성대학교,대학,사립,경기,C그룹,174331,114891,289222,264986,140683,405669,0,8,79997,1,9,79997,313,83,396,22987,621,23608,20760,0,405669,4691,86.5,23608,405669,6.199999809265137
2018,452,혜전대학교,전문대학,사립,충남,B그룹,93388,4066,97454,151139,4664,155803,1,5,6197,2,8,6197,76,0,76,3419,448,3867,1927,0,155803,2951,52.79999923706055,3867,155803,2.5
2018,453,호남대학교,대학,사립,광주,B그룹,208185,166889,375074,390895,289351,680246,7,9,32358,6,22,32358,235,108,343,19656,2182,21838,17429,0,680246,7867,86.5,21838,680246,3.299999952316284
2018,454,호남신학대학교,대학,사립,광주,C그룹,77249,61923,139172,108979,67167,176146,2,6,45954,0,8,45954,201,39,240,3096,1034,4130,3967,0,176146,946,186.1999969482422,4130,176146,2.400000095367432
2018,455,호산대학교,전문대학,사립,경북,C그룹,45955,1421,47376,76552,2167,78719,2,4,3858,0,6,3858,31,0,31,2572,0,2572,2420,0,78719,2015,39.09999847412109,2572,78719,3.400000095367432
2018,456,호서대학교,대학,사립,충남,A그룹,319663,255204,574867,695070,358139,1053209,21,25,187657,8,54,187657,431,18,449,28371,5648,34019,25407,0,1053209,13145,80.0999984741211,34019,1053209,3.299999952316284
2018,457,호원대학교,대학,사립,전북,B그룹,243913,72457,316370,388451,90282,478733,5,11,32753,3,19,32753,167,4,171,14011,630,14641,11637,20327,478733,5739,83.4000015258789,14641,478733,3.200000047683716
2018,458,홍익대학교,대학,사립,서울,A그룹,845576,270079,1115655,1535493,366617,1902110,34,40,75257,11,85,75257,918,282,1200,46462,8617,55079,46185,17207,1902110,21598,88.0999984741211,55079,1902110,3.0
2018,459,화성의과학대학교,대학,사립,경기,C그룹,10045,40,10085,18443,40,18483,1,1,0,0,2,0,75,0,75,2,753,755,466,0,18483,705,26.200000762939453,755,18483,4.300000190734863
2018,460,화신사이버대학교,대학,사립,부산,C그룹,4817,0,4817,18050,0,18050,0,0,0,0,0,0,0,0,0,457,0,457,372,0,18050,1146,15.800000190734863,457,18050,2.5999999046325684
2018,461,횃불트리니티신학대학원대학교,대학원대학,사립,서울,-,30430,30700,61130,38644,36452,75096,4,4,4719,0,8,4719,97,93,190,1352,105,1457,848,0,75096,396,189.6000061035156,1457,75096,2.0
