YR,ID,SNM,STYP,FND,RGN,USC,BR_TCNT_KB,BR_TCNT_OB,BR_TCNT_SUM,BR_BCNT_KB,BR_BCNT_OB,BR_BCNT_SUM,ER_EJN_PKG,ER_WDB_PKG,ER_EB_TCNT,ER_ELV_PKG,ER_TTL_PKG,ER_TTL_TCNT,SRL_KR,SRL_OT,SRL_TTL,AHC_ABI_BUY,AHC_ABI_DON,AHC_ABI_TTL,AHC_ATI,AHC_ARM,BPS_BO,BPS_SCP,BPS_BPS,GRR_AHBC,GRR_BO,GRR_GRR
2019,1,ICT폴리텍대학,전문대학,사립,경기,C그룹,6439,241,6680,8961,246,9207,0,0,0,0,0,0,0,0,0,177,0,177,177,0,9207,306,30.100000381469727,177,9207,2.0
2019,2,가야대학교,대학,사립,경남,C그룹,110737,34639,145376,170995,36717,207712,3,5,46366,1,9,46366,1531,54,1585,6782,886,7668,6727,0,207712,2719,76.4000015258789,7668,207712,3.799999952316284
2019,3,가천대학교,대학,사립,경기,A그룹,360073,138123,498196,893740,181397,1075137,25,29,24994,2,56,24994,279,0,279,35620,7019,42639,27844,0,1075137,20507,52.400001525878906,42639,1075137,4.099999904632568
2019,4,가톨릭관동대학교,대학,사립,강원,B그룹,226824,165056,391880,517360,219238,736598,8,18,91482,7,33,91482,280,2,282,15837,5413,21250,14609,0,736598,8700,84.69999694824219,21250,736598,3.0
2019,5,가톨릭꽃동네대학교,대학,사립,충북,C그룹,37382,11536,48918,51893,11990,63883,0,13,14394,1,14,14394,85,1,86,3110,0,3110,2987,0,63883,517,123.5999984741211,3110,63883,5.099999904632568
2019,6,가톨릭대학교,대학,사립,경기,A그룹,412182,265130,677312,751179,400019,1151198,66,64,81763,6,136,81763,2286,468,2754,33347,6519,39866,27283,16269,1151198,10450,110.1999969482422,39866,1151198,3.5999999046325684
2019,7,가톨릭상지대학교,전문대학,사립,경북,C그룹,63552,2941,66493,105563,4112,109675,5,4,9616,3,12,9616,140,0,140,2117,1237,3354,2447,0,109675,1844,59.5,3354,109675,3.200000047683716
2019,8,감리교신학대학교,대학,사립,서울,C그룹,58030,111112,169142,92855,128515,221370,4,7,67789,4,15,67789,76,22,98,65729,266,65995,65660,0,221370,1514,146.1999969482422,65995,221370,42.5
2019,9,강남대학교,대학,사립,경기,B그룹,269272,79998,349270,396262,124619,520881,7,8,38508,1,16,38508,98,76,174,4599,1248,5847,3320,0,520881,7127,73.0999984741211,5847,520881,1.100000023841858
2019,10,강동대학교,전문대학,사립,충북,B그룹,65237,38043,103280,99593,38085,137678,0,4,58904,1,5,58904,62,0,62,6322,13,6335,4635,0,137678,3906,35.20000076293945,6335,137678,4.800000190734863
2019,11,강릉영동대학교,전문대학,사립,강원,B그룹,50357,14122,64479,77237,14946,92183,1,1,24166,0,2,24166,156,0,156,3506,964,4470,3311,0,92183,2838,32.5,4470,92183,5.099999904632568
2019,12,강서대학교,대학,사립,서울,C그룹,66486,19749,86235,87339,21833,109172,4,11,13315,2,17,13315,118,30,148,2338,1143,3481,3119,0,109172,1582,69.0,3481,109172,3.299999952316284
2019,13,강원관광대학교,전문대학,사립,강원,C그룹,36284,234,36518,46054,270,46324,1,0,1819,0,1,1819,61,0,61,1265,199,1464,1255,0,46324,1168,39.70000076293945,1464,46324,3.299999952316284
2019,14,강원대학교,대학,국립,강원,A그룹,808384,185484,993868,1284895,324948,1609843,26,34,237773,0,60,237773,622,247,869,26522,4878,31400,26249,43,1609843,22571,71.30000305175781,31400,1609843,2.0
2019,15,강원도립대학교,전문대학,공립,강원,C그룹,44508,1999,46507,56095,2228,58323,0,0,5646,1,1,5646,73,0,73,1848,22,1870,1693,1316,58323,713,81.80000305175781,1870,58323,3.299999952316284
2019,16,개신대학원대학교,대학원대학,사립,서울,-,16956,1055,18011,23025,1641,24666,0,0,82,0,0,82,50,3,53,427,30,457,454,26,24666,179,137.8000030517578,457,24666,1.899999976158142
2019,17,거제대학교,전문대학,사립,경남,C그룹,51519,1689,53208,67563,1798,69361,2,4,7397,0,6,7397,93,0,93,1849,140,1989,1974,0,69361,1271,54.59999847412109,1989,69361,3.0
2019,18,건국대학교,대학,사립,서울,A그룹,516236,179009,695245,1067046,254136,1321182,26,28,23104,1,55,23104,787,199,986,28163,5748,33911,19234,31628,1321182,20313,65.0,33911,1321182,2.5999999046325684
2019,19,건국대학교(글로컬),대학,사립,충북,B그룹,294684,65849,360533,518375,151356,669731,7,19,64903,4,30,64903,195,19,214,17791,634,18425,10326,38176,669731,8108,82.5999984741211,18425,669731,2.799999952316284
2019,20,건동대학교,대학,사립,경북,C그룹,0,0,0,0,0,0,0,0,0,0,0,0,0,0,0,0,0,0,0,0,0,0,0.0,0,0,0.0
2019,21,건신대학원대학교,대학원대학,사립,대전,-,11495,3317,14812,16617,4838,21455,2,0,0,0,2,0,48,6,54,336,14,350,349,0,21455,136,157.8000030517578,350,21455,1.7000000476837158
2019,22,건양대학교,대학,사립,충남,B그룹,184496,35669,220165,314570,136285,450855,11,14,19410,0,25,19410,0,0,0,13818,1265,15083,10957,333,450855,8189,55.09999847412109,15083,450855,3.5
2019,23,경기과학기술대학교,전문대학,사립,경기,A그룹,60304,47453,107757,85626,47647,133273,2,1,48665,0,3,48665,122,31,153,4422,181,4603,4227,0,133273,3988,33.400001525878906,4603,133273,3.5999999046325684
2019,24,경기대학교,대학,사립,경기,A그룹,606398,85051,691449,1121498,168032,1289530,24,17,41771,5,46,41771,692,6,698,12084,4639,16723,13487,0,1289530,15761,81.80000305175781,16723,1289530,1.2999999523162842
2019,25,경남대학교,대학,사립,경남,A그룹,492709,166184,658893,775084,194433,969517,19,13,104103,0,32,104103,364,107,471,34206,2653,36859,29431,0,969517,13081,74.0999984741211,36859,969517,4.0
2019,26,경남도립거창대학,전문대학,공립,경남,C그룹,28983,849,29832,42825,906,43731,1,0,2624,0,1,2624,17,0,17,1024,0,1024,852,0,43731,881,49.59999847412109,1024,43731,2.400000095367432
2019,27,경남도립남해대학,전문대학,공립,경남,C그룹,32965,614,33579,40428,654,41082,0,0,108,0,0,108,40,0,40,1261,0,1261,1090,41,41082,773,53.09999847412109,1261,41082,3.200000047683716
2019,28,경남정보대학교,전문대학,사립,부산,A그룹,121218,6205,127423,212117,7364,219481,2,2,12385,0,4,12385,135,1,136,8345,904,9249,4714,0,219481,6720,32.70000076293945,9249,219481,4.400000095367432
2019,29,경동대학교,대학,사립,강원,B그룹,124877,17088,141965,247303,26211,273514,3,3,34286,2,8,34286,240,0,240,13113,0,13113,11107,0,273514,8095,33.79999923706055,13113,273514,5.0
2019,30,경민대학교,전문대학,사립,경기,B그룹,88161,6821,94982,144988,8779,153767,5,4,9817,2,11,9817,56,10,66,5870,100,5970,3717,6427,153767,4290,35.79999923706055,5970,153767,4.0
2019,31,경복대학교,전문대학,사립,경기,A그룹,74287,13103,87390,95446,13434,108880,0,3,31693,0,3,31693,200,0,200,11578,5475,17053,16349,0,108880,6651,16.399999618530273,17053,108880,18.600000381469727
2019,32,경북과학대학교,전문대학,사립,경북,C그룹,55164,11967,67131,76575,13744,90319,2,0,3925,1,3,3925,68,0,68,580,1367,1947,1844,0,90319,1486,60.79999923706055,1947,90319,2.200000047683716
2019,33,경북대학교,대학,국립,대구,A그룹,945958,620877,1566835,2315642,1114323,3429965,33,52,318853,2,87,318853,1350,596,1946,37960,10202,48162,33577,47092,3429965,28669,119.5999984741211,48162,3429965,1.399999976158142
2019,34,경북보건대학교,전문대학,사립,경북,C그룹,35767,1288,37055,42393,1525,43918,2,1,8140,0,3,8140,31,2,33,1756,35,1791,1425,2957,43918,1217,36.09999847412109,1791,43918,4.300000190734863
2019,35,경북외국어대학교,대학,사립,대구,C그룹,0,0,0,0,0,0,0,0,0,0,0,0,0,0,0,0,0,0,0,0,0,0,0.0,0,0,0.0
2019,36,경북전문대학교,전문대학,사립,경북,B그룹,79366,10099,89465,114242,12567,126809,1,1,7054,0,2,7054,141,2,143,3182,473,3655,3537,11852,126809,2818,45.0,3655,126809,3.0
2019,37,경상국립대학교,대학,국립,경남,A그룹,592675,280411,873086,1300359,476913,1777272,28,28,39978,3,59,39978,826,203,1029,33038,14820,47858,38647,105861,1777272,21799,81.5,47858,1777272,2.799999952316284
2019,38,경성대학교,대학,사립,부산,A그룹,425886,163317,589203,778449,215758,994207,12,24,60002,3,39,60002,591,66,657,23235,4285,27520,17216,66,994207,13099,75.9000015258789,27520,994207,2.799999952316284
2019,39,경안대학원대학교,대학원대학,사립,경북,-,7400,0,7400,8237,0,8237,0,0,0,0,0,0,2,0,2,14,103,117,112,0,8237,66,124.8000030517578,117,8237,1.399999976158142
2019,40,경운대학교,대학,사립,경북,C그룹,186628,26825,213453,378443,34822,413265,4,6,65348,0,10,65348,279,42,321,17352,2520,19872,10590,0,413265,4632,89.19999694824219,19872,413265,5.099999904632568
2019,41,경인교육대학교,대학,국립,인천,C그룹,198730,29133,227863,561380,36974,598354,8,7,31421,1,16,31421,179,15,194,40340,1681,42021,8346,1740,598354,4164,143.6999969482422,42021,598354,7.599999904632568
2019,42,경인여자대학교,전문대학,사립,인천,B그룹,126381,35518,161899,155542,35638,191180,0,7,47263,0,7,47263,43,14,57,5730,20100,25830,23564,0,191180,4674,40.900001525878906,25830,191180,15.600000381469728
2019,43,경일대학교,대학,사립,경북,B그룹,178722,130160,308882,376923,148430,525353,3,6,98884,6,15,98884,374,8,382,13505,1273,14778,7481,9,525353,7037,74.69999694824219,14778,525353,2.900000095367432
2019,44,경찰대학,기타,기타,충남,-,147730,47781,195511,150760,48249,199009,0,10,2051,0,10,2051,172,55,227,5559,634,6193,6193,0,199009,0,0.0,6193,199009,3.200000047683716
2019,45,경희대학교,대학,사립,서울,A그룹,903839,408325,1312164,1954720,609327,2564047,58,47,288186,6,111,288186,275,140,415,26644,5907,32551,26522,12446,2564047,33487,76.5999984741211,32551,2564047,1.2999999523162842
2019,46,계명대학교,대학,사립,대구,A그룹,580201,344114,924315,1621720,435688,2057408,34,51,79195,3,88,79195,1734,396,2130,36794,20722,57516,37719,6079,2057408,23336,88.19999694824219,57516,2057408,2.900000095367432
2019,47,계명문화대학교,전문대학,사립,대구,A그룹,153750,8498,162248,230200,12584,242784,4,5,15925,4,13,15925,71,0,71,5598,303,5901,5508,386,242784,5220,46.5,5901,242784,2.5
2019,48,계약신학대학원대학교,대학원대학,사립,경기,-,14917,4241,19158,19710,4377,24087,0,0,691,0,0,691,6,0,6,298,177,475,344,0,24087,51,472.2999877929688,475,24087,2.0
2019,49,계원예술대학교,전문대학,사립,경기,B그룹,76971,35508,112479,88392,36323,124715,2,7,8844,2,11,8844,158,85,243,2798,96,2894,2692,0,124715,2879,43.29999923706055,2894,124715,2.400000095367432
2019,50,고려대학교,대학,사립,서울,A그룹,623564,940330,1563894,1475423,1509827,2985250,113,103,632994,4,220,632994,1519,1564,3083,236811,9706,246517,223220,109114,2985250,29771,100.3000030517578,246517,2985250,9.0
2019,51,고려대학교(세종),대학,사립,세종,B그룹,277168,65941,343109,685018,86602,771620,5,9,11222,2,16,11222,98,12,110,4551,2600,7151,6666,27,771620,7240,106.5999984741211,7151,771620,0.8999999761581421
2019,52,고려사이버대학교,대학,사립,서울,A그룹,4495,38358,42853,11156,38358,49514,0,1,49514,0,1,49514,0,0,0,548,0,548,463,0,49514,9064,5.5,548,49514,1.100000023841858
2019,53,고신대학교,대학,사립,부산,C그룹,217571,128018,345589,291319,161155,452474,14,12,9106,0,26,9106,504,139,643,4679,5990,10669,7220,0,452474,4821,93.9000015258789,10669,452474,2.400000095367432
2019,54,공군사관학교,기타,기타,충북,-,192590,37821,230411,192590,37821,230411,5,6,3446,0,11,3446,197,15,212,4871,2731,7602,7602,50,230411,0,0.0,7602,230411,3.400000095367432
2019,55,공주교육대학교,대학,국립,충남,C그룹,119623,6292,125915,297251,18635,315886,5,7,8204,0,12,8204,145,0,145,4411,546,4957,1419,0,315886,2006,157.5,4957,315886,1.600000023841858
2019,56,과학기술연합대학원대학교,대학원대학,국립,대전,-,10161,41727,51888,17796,41727,59523,0,10,436271,5,15,436271,0,0,0,6289,0,6289,6055,0,59523,1331,44.70000076293945,6289,59523,11.800000190734863
2019,57,광신대학교,대학,사립,광주,C그룹,55196,57983,113179,81413,63741,145154,1,3,10607,0,4,10607,158,53,211,1995,2945,4940,4531,0,145154,984,147.5,4940,145154,3.5
2019,58,광양보건대학교,전문대학,사립,전남,C그룹,23363,476,23839,39827,542,40369,0,0,451,0,0,451,60,0,60,0,30,30,15,0,40369,1179,34.20000076293945,30,40369,0.1000000014901161
2019,59,광운대학교,대학,사립,서울,B그룹,302384,77865,380249,597268,129227,726495,17,21,55025,2,40,55025,179,38,217,22705,2738,25443,16425,93,726495,9253,78.5,25443,726495,3.5999999046325684
2019,60,광주가톨릭대학교,대학,사립,전남,C그룹,88755,58091,146846,129417,72669,202086,4,6,42384,5,15,42384,47,68,115,1006,631,1637,1479,0,202086,102,1981.199951171875,1637,202086,0.800000011920929
2019,61,광주과학기술원,대학,국립,광주,C그룹,60849,118729,179578,78835,134706,213541,22,11,92116,2,35,92116,0,0,0,10394,0,10394,8730,107,213541,2064,103.5,10394,213541,5.099999904632568
2019,62,광주교육대학교,대학,국립,광주,C그룹,178026,29294,207320,268126,33344,301470,0,4,9901,0,4,9901,74,10,84,5815,1623,7438,4526,0,301470,1993,151.3000030517578,7438,301470,2.5
2019,63,광주대학교,대학,사립,광주,B그룹,262729,56846,319575,465490,93784,559274,4,9,36227,5,18,36227,301,55,356,17808,2445,20253,12990,0,559274,7698,72.69999694824219,20253,559274,3.799999952316284
2019,64,광주보건대학교,전문대학,사립,광주,B그룹,102114,5702,107816,195468,10596,206064,2,2,8389,3,7,8389,85,19,104,3579,779,4358,2695,0,206064,3810,54.09999847412109,4358,206064,2.200000047683716
2019,65,광주여자대학교,대학,사립,광주,C그룹,175622,31974,207596,266762,40098,306860,7,8,78708,0,15,78708,44,0,44,11715,1669,13384,10114,0,306860,3922,78.19999694824219,13384,306860,4.599999904632568
2019,66,구미대학교,전문대학,사립,경북,A그룹,41301,3868,45169,181380,8297,189677,1,1,10413,0,2,10413,57,0,57,1467,6150,7617,2038,0,189677,5391,35.20000076293945,7617,189677,4.199999809265137
2019,67,구세군사관대학원대학교,대학원대학,사립,경기,-,23558,1970,25528,23558,1970,25528,1,0,0,0,1,0,75,6,81,366,158,524,348,0,25528,37,689.9000244140625,524,25528,2.0999999046325684
2019,68,국군간호사관학교,기타,기타,대전,-,58420,3108,61528,62387,3369,65756,1,5,99,0,6,99,135,8,143,1658,1189,2847,2171,1947,65756,0,0.0,2847,65756,4.5
2019,69,국립강릉원주대학교,대학,국립,강원,B그룹,390711,94198,484909,682525,156695,839220,17,13,41748,2,32,41748,733,40,773,7713,6531,14244,14079,0,839220,8470,99.0999984741211,14244,839220,1.7000000476837158
2019,70,국립경국대학교,대학,국립,경북,B그룹,349715,77339,427054,730341,117433,847774,9,8,30671,1,18,30671,230,15,245,7314,4600,11914,6496,1467,847774,7477,113.4000015258789,11914,847774,1.399999976158142
2019,71,국립공주대학교,대학,국립,충남,A그룹,483804,105308,589112,1130512,172431,1302943,20,13,41820,1,34,41820,424,64,488,23136,4366,27502,14077,0,1302943,15670,83.0999984741211,27502,1302943,2.200000047683716
2019,72,국립군산대학교,대학,국립,전북,B그룹,268909,47109,316018,589308,95374,684682,11,11,22968,5,27,22968,416,90,506,8876,3943,12819,11245,0,684682,7890,86.80000305175781,12819,684682,1.899999976158142
2019,73,국립금오공과대학교,대학,국립,경북,B그룹,189673,41531,231204,413659,67776,481435,15,16,19497,3,34,19497,115,50,165,16538,3987,20525,14305,0,481435,6567,73.30000305175781,20525,481435,4.5
2019,74,국립목포대학교,대학,국립,전남,B그룹,250833,90834,341667,497961,137829,635790,11,18,17166,0,29,17166,521,15,536,8706,5125,13831,8987,39887,635790,8140,78.0999984741211,13831,635790,2.200000047683716
2019,75,국립목포해양대학교,대학,국립,전남,C그룹,102588,15097,117685,209915,20272,230187,1,0,16729,0,1,16729,125,48,173,3198,4234,7432,4264,0,230187,2758,83.5,7432,230187,3.299999952316284
2019,76,국립부경대학교,대학,국립,부산,A그룹,342871,146801,489672,1047268,217099,1264367,19,24,36832,0,43,36832,488,135,623,26447,16264,42711,31362,0,1264367,18962,66.69999694824219,42711,1264367,3.5
2019,77,국립순천대학교,대학,국립,전남,B그룹,364395,98315,462710,701440,157679,859119,19,22,58586,10,51,58586,322,108,430,23180,2923,26103,22720,0,859119,7771,110.5999984741211,26103,859119,3.0999999046325684
2019,78,국립암센터국제암대학원대학교,대학원대학,국립,경기,-,718,628,1346,718,628,1346,0,0,91,0,0,91,0,0,0,102,0,102,102,0,1346,65,20.700000762939453,102,1346,8.199999809265137
2019,79,국립창원대학교,대학,국립,경남,B그룹,277741,105016,382757,516054,159444,675498,16,12,52922,2,30,52922,656,131,787,13820,9889,23709,21993,0,675498,9480,71.30000305175781,23709,675498,3.5999999046325684
2019,80,국립한국교통대학교,대학,국립,충북,B그룹,258566,67552,326118,588360,91413,679773,9,7,27370,2,18,27370,76,27,103,24983,1859,26842,12028,0,679773,8962,75.9000015258789,26842,679773,4.099999904632568
2019,81,국립한국해양대학교,대학,국립,부산,B그룹,186951,94685,281636,405337,151808,557145,14,16,11876,1,31,11876,215,40,255,7862,10753,18615,9940,10,557145,7596,73.30000305175781,18615,557145,3.5
2019,82,국립한밭대학교,대학,국립,대전,B그룹,233795,69973,303768,510097,91480,601577,9,13,24482,2,24,24482,351,79,430,15568,12449,28017,19254,0,601577,9231,65.19999694824219,28017,601577,4.900000095367432
2019,83,국민대학교,대학,사립,서울,A그룹,426770,216625,643395,1105349,300593,1405942,21,37,102370,7,65,102370,948,224,1172,34467,6383,40850,32983,152,1405942,18257,77.0,40850,1405942,3.0
2019,84,국방대학교,기타,기타,충남,-,173489,70737,244226,280272,84755,365027,0,20,701,0,20,701,1394,643,2037,8105,1705,9810,6628,30000,365027,0,0.0,9810,365027,2.799999952316284
2019,85,국제뇌교육종합대학원대학교,대학원대학,사립,충남,-,10677,1092,11769,12985,1177,14162,2,0,0,0,2,0,4,0,4,150,31,181,177,0,14162,277,51.09999847412109,181,14162,1.2999999523162842
2019,86,국제대학교,전문대학,사립,경기,B그룹,45137,22550,67687,100558,22576,123134,5,4,42005,0,9,42005,87,0,87,4444,677,5121,2943,0,123134,3895,31.600000381469727,5121,123134,4.300000190734863
2019,87,국제문화대학원대학교,대학원대학,사립,충남,-,0,0,0,0,0,0,0,0,0,0,0,0,0,0,0,0,0,0,0,0,0,0,0.0,0,0,0.0
2019,88,국제법률경영대학원대학교,대학원대학,사립,경기,-,1289,2708,3997,2148,4565,6713,0,0,0,0,0,0,0,0,0,0,0,0,0,0,6713,132,50.900001525878906,0,6713,0.0
2019,89,국제사이버대학교,대학,사립,경기,C그룹,1200,0,1200,9390,0,9390,0,0,9390,0,0,9390,0,0,0,0,0,0,0,0,9390,2942,3.200000047683716,0,9390,0.0
2019,90,국제언어대학원대학교,대학원대학,사립,서울,-,2908,12323,15231,3825,13432,17257,0,0,130,0,0,130,21,50,71,88,0,88,88,0,17257,87,198.3999938964844,88,17257,0.5
2019,91,국제예술대학교,기타,기타,서울,-,1041,26,1067,1041,26,1067,0,0,0,0,0,0,0,0,0,47,0,47,47,0,1067,0,0.0,47,1067,4.599999904632568
2019,92,군산간호대학교,전문대학,사립,전북,C그룹,19014,3702,22716,32362,4824,37186,1,4,11250,0,5,11250,25,25,50,1671,2,1673,1264,1037,37186,1136,32.70000076293945,1673,37186,4.699999809265137
2019,93,군장대학교,전문대학,사립,전북,C그룹,52761,244,53005,85612,333,85945,1,1,9424,0,2,9424,17,0,17,3301,24,3325,3286,0,85945,1897,45.29999923706055,3325,85945,4.0
2019,94,극동대학교,대학,사립,충북,C그룹,167426,27632,195058,275742,34406,310148,2,0,96724,2,4,96724,187,12,199,2378,900,3278,3165,0,310148,3953,78.5,3278,310148,1.100000023841858
2019,95,글로벌사이버대학교,대학,사립,충남,C그룹,786,0,786,1721,0,1721,0,1,786,0,1,786,0,0,0,155,0,155,152,0,1721,2151,0.800000011920929,155,1721,9.899999618530272
2019,96,금강대학교,대학,사립,충남,C그룹,63811,14767,78578,100536,24745,125281,0,3,0,0,3,0,82,12,94,1585,1656,3241,2291,0,125281,545,229.8999938964844,3241,125281,2.700000047683716
2019,97,기독간호대학교,전문대학,사립,광주,C그룹,19701,4264,23965,28976,5419,34395,1,1,312,0,2,312,55,0,55,700,61,761,662,0,34395,632,54.400001525878906,761,34395,2.299999952316284
2019,98,김천대학교,대학,사립,경북,C그룹,106364,139237,245601,152333,140252,292585,3,9,175289,0,12,175289,112,0,112,9498,655,10153,8268,0,292585,3340,87.5999984741211,10153,292585,3.5999999046325684
2019,99,김포대학교,전문대학,사립,경기,C그룹,65695,4904,70599,109763,5742,115505,1,7,8373,2,10,8373,101,7,108,4777,1377,6154,5028,0,115505,3508,32.900001525878906,6154,115505,5.599999904632568
2019,100,김해대학교,전문대학,사립,경남,C그룹,21894,302,22196,25307,307,25614,1,1,831,0,2,831,9,0,9,599,1182,1781,1344,0,25614,1367,18.700000762939453,1781,25614,7.5
2019,101,나사렛대학교,대학,사립,충남,B그룹,179538,107311,286849,266836,113935,380771,6,7,118544,2,15,118544,143,9,152,12716,1460,14176,11531,0,380771,5612,67.80000305175781,14176,380771,3.900000095367432
2019,102,나주대학교,전문대학,사립,전남,C그룹,23379,220,23599,28249,375,28624,0,0,451,1,1,451,109,0,109,330,439,769,758,0,28624,2217,12.899999618530272,769,28624,2.799999952316284
2019,103,남부대학교,대학,사립,광주,C그룹,79672,8706,88378,88080,8795,96875,3,10,13826,2,15,13826,168,8,176,4892,1154,6046,4581,0,96875,3530,27.399999618530277,6046,96875,6.699999809265137
2019,104,남서울대학교,대학,사립,충남,B그룹,307380,121865,429245,618685,227152,845837,6,11,119822,0,17,119822,875,32,907,18650,1137,19787,15234,0,845837,10264,82.4000015258789,19787,845837,2.400000095367432
2019,105,농협대학교,전문대학,사립,경기,C그룹,31148,4489,35637,37063,4880,41943,2,0,1077,0,2,1077,30,0,30,633,634,1267,1081,891,41943,438,95.8000030517578,1267,41943,3.0999999046325684
2019,106,능인대학원대학교,대학원대학,사립,경기,-,3547,29,3576,4602,30,4632,0,1,0,0,1,0,21,0,21,144,1146,1290,985,0,4632,72,64.30000305175781,1290,4632,38.59999847412109
2019,107,단국대학교,대학,사립,경기,A그룹,961787,275853,1237640,1517699,477511,1995210,18,16,31199,4,38,31199,934,124,1058,25544,5811,31355,26952,998,1995210,26823,74.4000015258789,31355,1995210,1.600000023841858
2019,108,대경대학교,전문대학,사립,경북,B그룹,48588,4366,52954,138212,4745,142957,0,4,28185,2,6,28185,72,0,72,7116,48157,55273,5752,0,142957,4396,32.5,55273,142957,63.0
2019,109,대구가톨릭대학교,대학,사립,경북,A그룹,508563,257096,765659,997128,363330,1360458,33,22,50980,2,57,50980,602,78,680,18921,4293,23214,21571,2,1360458,14518,93.6999969482422,23214,1360458,1.7000000476837158
2019,110,대구경북과학기술원,대학,국립,대구,C그룹,53714,80136,133850,59428,81786,141214,58,34,293842,0,92,293842,13,27,40,15309,80,15389,13712,0,141214,1351,104.5,15389,141214,12.199999809265137
2019,111,대구공업대학교,전문대학,사립,대구,C그룹,63634,2192,65826,104446,3295,107741,0,0,9726,2,2,9726,34,0,34,2287,295,2582,2557,0,107741,1715,62.79999923706055,2582,107741,2.5
2019,112,대구과학대학교,전문대학,사립,대구,A그룹,91315,3109,94424,149682,3602,153284,1,3,10134,3,7,10134,44,0,44,4973,794,5767,3096,0,153284,4064,37.70000076293945,5767,153284,3.900000095367432
2019,113,대구교육대학교,대학,국립,대구,C그룹,140669,12680,153349,296037,23079,319116,6,4,5967,0,10,5967,507,58,565,6218,698,6916,3627,171,319116,2550,125.0999984741211,6916,319116,2.200000047683716
2019,114,대구대학교,대학,사립,경북,A그룹,529953,212860,742813,1171675,406334,1578009,11,16,30766,3,30,30766,496,8,504,18702,5273,23975,14641,10423,1578009,18944,83.30000305175781,23975,1578009,1.5
2019,115,대구미래대학교,전문대학,사립,경북,C그룹,0,0,0,0,0,0,0,0,0,0,0,0,0,0,0,0,0,0,0,0,0,0,0.0,0,0,0.0
2019,116,대구보건대학교,전문대학,사립,대구,A그룹,88175,17532,105707,211108,21152,232260,2,5,19416,0,7,19416,114,10,124,7280,125,7405,4346,0,232260,6778,34.29999923706055,7405,232260,3.299999952316284
2019,117,대구사이버대학교,대학,사립,경북,C그룹,15953,0,15953,16566,0,16566,5,0,15953,0,5,15953,0,0,0,478,0,478,441,0,16566,4164,4.0,478,16566,3.0
2019,118,대구예술대학교,대학,사립,경북,C그룹,46970,1155,48125,114206,1931,116137,0,0,12493,0,0,12493,89,4,93,4027,0,4027,2039,0,116137,1198,96.9000015258789,4027,116137,3.5999999046325684
2019,119,대구외국어대학교,대학,사립,경북,C그룹,0,0,0,0,0,0,0,0,0,0,0,0,0,0,0,0,0,0,0,0,0,0,0.0,0,0,0.0
2019,120,대구한의대학교,대학,사립,경북,B그룹,261108,86318,347426,486161,129528,615689,9,12,35682,1,22,35682,343,27,370,15079,3997,19076,15277,22,615689,7256,84.9000015258789,19076,615689,3.200000047683716
2019,121,대덕대학교,전문대학,사립,대전,C그룹,71473,685,72158,167446,913,168359,4,4,41615,2,10,41615,106,3,109,5808,81197,87005,21339,17705,168359,3996,42.09999847412109,87005,168359,106.9000015258789
2019,122,대동대학교,전문대학,사립,부산,C그룹,48420,1083,49503,53217,1155,54372,3,4,10786,0,7,10786,73,3,76,1579,295,1874,1735,0,54372,1557,34.900001525878906,1874,54372,3.5999999046325684
2019,123,대림대학교,전문대학,사립,경기,A그룹,96218,47692,143910,140710,49230,189940,3,1,54006,2,6,54006,127,0,127,8110,22527,30637,26479,0,189940,6599,28.799999237060547,30637,189940,19.200000762939453
2019,124,대신대학교,대학,사립,경북,C그룹,79123,10781,89904,98688,11445,110133,2,3,7765,0,5,7765,126,5,131,670,2016,2686,2479,0,110133,619,177.89999389648438,2686,110133,2.5
2019,125,대원대학교,전문대학,사립,충북,C그룹,53320,3588,56908,81965,4085,86050,2,0,10346,2,4,10346,251,0,251,3888,736,4624,3963,0,86050,2453,35.099998474121094,4624,86050,5.699999809265137
2019,126,대전가톨릭대학교,대학,사립,세종,C그룹,89956,35089,125045,105607,36745,142352,0,4,35804,0,4,35804,136,73,209,1217,1322,2539,2047,936,142352,84,1694.699951171875,2539,142352,1.7999999523162842
2019,127,대전과학기술대학교,전문대학,사립,대전,B그룹,78294,99355,177649,174240,170204,344444,2,1,3440,3,6,3440,187,14,201,3269,1628,4897,2740,0,344444,4375,78.69999694824219,4897,344444,1.399999976158142
2019,128,대전대학교,대학,사립,대전,B그룹,389077,111385,500462,599435,156485,755920,6,16,80737,10,32,80737,382,27,409,31620,3665,35285,33264,0,755920,10093,74.9000015258789,35285,755920,4.900000095367432
2019,129,대전보건대학교,전문대학,사립,대전,A그룹,90989,10515,101504,164344,13414,177758,2,12,23945,1,15,23945,82,0,82,4665,7524,12189,3953,0,177758,5818,30.600000381469727,12189,177758,7.400000095367432
2019,130,대전신학대학교,대학,사립,대전,C그룹,40455,9272,49727,65725,11660,77385,0,2,4338,0,2,4338,184,0,184,205,10,215,211,0,77385,210,368.5,215,77385,0.3000000119209289
2019,131,대진대학교,대학,사립,경기,B그룹,265774,93426,359200,526486,145063,671549,8,19,39300,8,35,39300,229,7,236,15557,3502,19059,11874,0,671549,7975,84.19999694824219,19059,671549,2.900000095367432
2019,132,대한신학대학원대학교,대학원대학,사립,경기,-,7405,1931,9336,13118,2699,15817,0,0,0,0,0,0,0,0,0,0,0,0,0,0,15817,322,49.09999847412109,0,15817,0.0
2019,133,덕성여자대학교,대학,사립,서울,B그룹,378345,74287,452632,624311,127500,751811,17,20,13873,6,43,13873,773,93,866,10164,2991,13155,10996,3146,751811,6079,123.6999969482422,13155,751811,1.7999999523162842
2019,134,동강대학교,전문대학,사립,광주,B그룹,109765,8608,118373,156909,10049,166958,1,0,15129,1,2,15129,101,1,102,3706,613,4319,3350,0,166958,3371,49.5,4319,166958,2.700000047683716
2019,135,동국대학교,대학,사립,서울,A그룹,786627,184535,971162,1172142,258912,1431054,36,35,66772,0,71,66772,839,390,1229,35249,5034,40283,34178,0,1431054,17331,82.5999984741211,40283,1431054,2.900000095367432
2019,136,동국대학교 WISE캠퍼스,대학,사립,경북,B그룹,412706,100056,512762,649048,146201,795249,10,16,20883,1,27,20883,1170,89,1259,8434,2417,10851,10054,16350,795249,8480,93.8000030517578,10851,795249,1.399999976158142
2019,137,동남보건대학교,전문대학,사립,경기,A그룹,75837,6682,82519,137905,7755,145660,0,4,17875,1,5,17875,32,0,32,4833,1371,6204,4553,0,145660,4765,30.600000381469727,6204,145660,4.400000095367432
2019,138,동덕여자대학교,대학,사립,서울,B그룹,206903,79942,286845,414360,113101,527461,11,25,66045,2,38,66045,351,158,509,9939,1257,11196,6424,0,527461,7148,73.80000305175781,11196,527461,2.200000047683716
2019,139,동명대학교,대학,사립,부산,B그룹,351249,43755,395004,466702,49879,516581,2,7,30866,0,9,30866,50,8,58,22767,2526,25293,19754,0,516581,8230,62.79999923706055,25293,516581,5.099999904632568
2019,140,동방문화대학원대학교,대학원대학,사립,서울,-,19282,3276,22558,20708,3888,24596,3,0,946,0,3,946,14,0,14,162,289,451,224,0,24596,256,96.0999984741211,451,24596,1.899999976158142
2019,141,동부산대학교,전문대학,사립,부산,C그룹,113946,9360,123306,135094,9916,145010,0,1,4340,0,1,4340,95,0,95,1520,960,2480,2467,0,145010,1671,86.80000305175781,2480,145010,1.7000000476837158
2019,142,동서대학교,대학,사립,부산,B그룹,293622,109847,403469,613196,137609,750805,9,12,107264,0,21,107264,341,68,409,14894,19339,34233,19827,4,750805,10883,69.0,34233,750805,4.800000190734863
2019,143,동서울대학교,전문대학,사립,경기,A그룹,98854,9185,108039,212632,10531,223163,2,1,14399,3,6,14399,74,0,74,5338,64,5402,3294,857,223163,5719,39.0,5402,223163,2.5
2019,144,동신대학교,대학,사립,전남,B그룹,459190,107438,566628,573988,134298,708286,7,15,74060,5,27,74060,313,42,355,20123,2380,22503,21466,0,708286,7394,95.8000030517578,22503,708286,3.299999952316284
2019,145,동아대학교,대학,사립,부산,A그룹,551701,253514,805215,999350,363121,1362471,30,24,44471,0,54,44471,301,183,484,25313,4800,30113,19628,9552,1362471,20954,65.0,30113,1362471,2.299999952316284
2019,146,동아방송예술대학교,전문대학,사립,경기,B그룹,60350,14229,74579,84193,14508,98701,1,8,21652,0,9,21652,69,0,69,6779,275,7054,5142,0,98701,3006,32.79999923706055,7054,98701,7.699999809265137
2019,147,동아보건대학교,전문대학,사립,전남,C그룹,43281,0,43281,57673,0,57673,0,2,6621,0,2,6621,47,0,47,2358,9162,11520,10340,184,57673,1823,31.600000381469727,11520,57673,25.0
2019,148,동양대학교,대학,사립,경북,C그룹,143667,60152,203819,266091,76477,342568,5,0,27715,2,7,27715,58,0,58,13637,709,14346,10565,10103,342568,4542,75.4000015258789,14346,342568,4.400000095367432
2019,149,동양미래대학교,전문대학,사립,서울,A그룹,172675,18904,191579,257558,24708,282266,5,4,21462,2,11,21462,217,22,239,7600,145,7745,6603,0,282266,5738,49.20000076293945,7745,282266,2.799999952316284
2019,150,동우대학,전문대학,사립,강원,B그룹,0,0,0,0,0,0,0,0,0,0,0,0,0,0,0,0,0,0,0,0,0,0,0.0,0,0,0.0
2019,151,동원과학기술대학교,전문대학,사립,경남,B그룹,53159,1895,55054,82397,2173,84570,1,0,1896,0,1,1896,87,1,88,1667,290,1957,997,0,84570,2270,37.29999923706055,1957,84570,2.400000095367432
2019,152,동원대학교,전문대학,사립,경기,B그룹,84833,2076,86909,125007,3337,128344,0,1,16130,0,1,16130,62,0,62,5652,0,5652,4080,0,128344,3671,35.0,5652,128344,4.599999904632568
2019,153,동의과학대학교,전문대학,사립,부산,B그룹,89877,5681,95558,156159,7207,163366,4,4,34148,1,9,34148,116,15,131,4889,20,4909,3173,13084,163366,5300,30.799999237060547,4909,163366,3.0999999046325684
2019,154,동의대학교,대학,사립,부산,A그룹,431705,150241,581946,919786,273151,1192937,10,16,20289,4,30,20289,377,24,401,21610,2229,23839,15960,0,1192937,16570,72.0,23839,1192937,2.0
2019,155,두원공과대학교,전문대학,사립,경기,B그룹,62063,9176,71239,121511,10397,131908,1,1,1732,0,2,1732,141,0,141,4671,0,4671,1536,0,131908,5489,24.0,4671,131908,3.700000047683716
2019,156,디지털서울문화예술대학교,대학,사립,서울,C그룹,2552,0,2552,10031,0,10031,0,1,2552,0,1,2552,0,0,0,126,0,126,98,0,10031,3744,2.700000047683716,126,10031,1.2999999523162842
2019,157,루터대학교,대학,사립,경기,C그룹,18200,6449,24649,29737,10788,40525,5,5,7106,0,10,7106,48,20,68,366,658,1024,939,62,40525,402,100.8000030517578,1024,40525,2.5999999046325684
2019,158,마산대학교,전문대학,사립,경남,A그룹,98444,1311,99755,179590,1502,181092,3,4,34879,0,7,34879,127,0,127,10515,0,10515,6368,0,181092,5539,32.70000076293945,10515,181092,6.199999809265137
2019,159,명신대학교,대학,사립,전남,C그룹,0,0,0,0,0,0,0,0,0,0,0,0,0,0,0,0,0,0,0,0,0,0,0.0,0,0,0.0
2019,160,명지대학교,대학,사립,서울,A그룹,612940,263963,876903,1123604,345765,1469369,26,15,404143,13,54,404143,1163,101,1264,75719,5851,81570,57983,0,1469369,15984,91.9000015258789,81570,1469369,5.900000095367432
2019,161,명지전문대학,전문대학,사립,서울,A그룹,111635,12359,123994,219450,14739,234189,2,4,10477,2,8,10477,2417,140,2557,9550,348,9898,8130,0,234189,7178,32.599998474121094,9898,234189,4.400000095367432
2019,162,목원대학교,대학,사립,대전,B그룹,217052,178115,395167,411890,242710,654600,9,16,125343,8,33,125343,395,30,425,18223,3743,21966,9781,50,654600,8477,77.19999694824219,21966,654600,3.5
2019,163,목포가톨릭대학교,대학,사립,전남,C그룹,34226,3450,37676,44154,3526,47680,4,6,9327,0,10,9327,15,1,16,1194,47,1241,1100,0,47680,519,91.9000015258789,1241,47680,2.700000047683716
2019,164,목포과학대학교,전문대학,사립,전남,B그룹,60263,4472,64735,65956,5718,71674,0,3,4732,0,3,4732,20,0,20,1724,0,1724,1412,0,71674,2302,31.100000381469727,1724,71674,2.5
2019,165,문경대학교,전문대학,사립,경북,C그룹,31618,190,31808,40677,210,40887,1,2,2283,0,3,2283,70,0,70,864,28,892,782,0,40887,864,47.29999923706055,892,40887,2.200000047683716
2019,166,배재대학교,대학,사립,대전,B그룹,206264,211538,417802,461149,263662,724811,10,13,162999,5,28,162999,331,97,428,29583,47406,76989,67099,36,724811,9102,79.5999984741211,76989,724811,11.899999618530272
2019,167,배화여자대학교,전문대학,사립,서울,B그룹,73312,5730,79042,145580,7311,152891,2,0,4222,1,3,4222,73,16,89,3041,1244,4285,2248,637,152891,2909,52.59999847412109,4285,152891,2.900000095367432
2019,168,백석대학교,대학,사립,충남,A그룹,379245,364172,743417,738889,405805,1144694,7,11,388786,6,24,388786,219,64,283,78096,3087,81183,79020,22651,1144694,14288,80.0999984741211,81183,1144694,7.599999904632568
2019,169,백석문화대학교,전문대학,사립,충남,A그룹,86595,15241,101836,169778,20597,190375,0,4,11648,7,11,11648,18,0,18,1581,697,2278,1881,0,190375,5479,34.70000076293945,2278,190375,1.2000000476837158
2019,170,백석예술대학,전문대학,사립,서울,A그룹,0,0,0,0,0,0,0,0,0,0,0,0,0,0,0,0,0,0,0,0,0,0,0.0,0,0,0.0
2019,171,백제예술대학교,전문대학,사립,전북,C그룹,31510,1298,32808,43175,2241,45416,0,0,1257,0,0,1257,15,0,15,196,0,196,196,0,45416,1355,33.5,196,45416,0.4000000059604645
2019,172,베뢰아국제대학원대학교,대학원대학,사립,서울,-,17823,176,17999,37246,209,37455,0,0,0,0,0,0,18,14,32,275,13,288,149,0,37455,54,693.5999755859375,288,37455,0.800000011920929
2019,173,벽성대학,전문대학,사립,전북,C그룹,0,0,0,0,0,0,0,0,0,0,0,0,0,0,0,0,0,0,0,0,0,0,0.0,0,0,0.0
2019,174,부산가톨릭대학교,대학,사립,부산,C그룹,182207,106647,288854,268249,116212,384461,7,13,83695,1,21,83695,467,19,486,4156,4040,8196,7053,0,384461,4163,92.4000015258789,8196,384461,2.200000047683716
2019,175,부산경상대학교,전문대학,사립,부산,B그룹,88677,2189,90866,98337,2324,100661,0,0,7653,1,1,7653,108,0,108,731,293,1024,863,0,100661,2959,34.0,1024,100661,1.0
2019,176,부산과학기술대학교,전문대학,사립,부산,B그룹,109844,4004,113848,150260,5222,155482,2,1,12220,0,3,12220,120,0,120,5774,0,5774,2434,0,155482,4042,38.5,5774,155482,3.900000095367432
2019,177,부산교육대학교,대학,국립,부산,C그룹,162869,14435,177304,300636,17741,318377,6,10,22423,1,17,22423,197,29,226,7610,1188,8798,3428,0,318377,2439,130.5,8798,318377,2.799999952316284
2019,178,부산대학교,대학,국립,부산,A그룹,754660,502359,1257019,1644702,820952,2465654,37,48,354945,4,89,354945,990,1175,2165,136146,15889,152035,116616,114192,2465654,28715,85.9000015258789,152035,2465654,6.599999904632568
2019,179,부산디지털대학교,대학,사립,부산,C그룹,2722,0,2722,2722,0,2722,1,0,742,0,1,742,0,0,0,86,0,86,86,0,2722,2243,1.2000000476837158,86,2722,3.299999952316284
2019,180,부산보건대학교,전문대학,사립,부산,B그룹,76547,12717,89264,97622,16997,114619,3,5,36065,0,8,36065,153,0,153,4857,1682,6539,6421,0,114619,3135,36.59999847412109,6539,114619,6.099999904632568
2019,181,부산여자대학교,전문대학,사립,부산,C그룹,138986,1406,140392,158614,1471,160085,4,4,5437,0,8,5437,101,8,109,2302,678,2980,2782,0,160085,2877,55.59999847412109,2980,160085,1.899999976158142
2019,182,부산예술대학교,전문대학,사립,부산,C그룹,9058,0,9058,13035,0,13035,0,0,0,0,0,0,0,0,0,467,987,1454,1417,0,13035,749,17.399999618530273,1454,13035,12.600000381469728
2019,183,부산외국어대학교,대학,사립,부산,B그룹,277505,194472,471977,520694,283236,803930,7,16,62265,6,29,62265,394,43,437,27867,3339,31206,27564,1064,803930,9075,88.5999984741211,31206,803930,4.0
2019,184,부산장신대학교,대학,사립,경남,C그룹,40132,5150,45282,60856,6579,67435,5,0,0,0,5,0,48,0,48,985,75,1060,850,0,67435,465,145.0,1060,67435,1.600000023841858
2019,185,부천대학교,전문대학,사립,경기,A그룹,165840,23297,189137,262732,28347,291079,2,9,40087,1,12,40087,139,16,155,9622,2518,12140,9610,0,291079,7668,38.0,12140,291079,4.400000095367432
2019,186,삼육대학교,대학,사립,서울,B그룹,208599,83155,291754,333308,114325,447633,1,14,36046,5,20,36046,131,103,234,12400,15792,28192,23491,17,447633,6054,73.9000015258789,28192,447633,6.699999809265137
2019,187,삼육보건대학교,전문대학,사립,서울,C그룹,43685,1801,45486,57437,2671,60108,1,2,3241,0,3,3241,155,2,157,2303,668,2971,2552,0,60108,1404,42.79999923706055,2971,60108,5.199999809265137
2019,188,상명대학교,대학,사립,서울,A그룹,539042,196757,735799,948172,268589,1216761,14,15,174152,7,36,174152,463,117,580,33650,17456,51106,36021,134480,1216761,14001,86.9000015258789,51106,1216761,4.400000095367432
2019,189,상지대학교,대학,사립,강원,B그룹,229960,24913,254873,547359,47018,594377,7,9,10487,8,24,10487,355,1,356,5436,1418,6854,4262,0,594377,6720,88.4000015258789,6854,594377,1.2000000476837158
2019,190,상지영서대학교,전문대학,사립,강원,B그룹,65962,3916,69878,117776,4862,122638,0,0,8482,0,0,8482,30,0,30,2112,0,2112,1535,3142,122638,2414,50.79999923706055,2112,122638,1.7999999523162842
2019,191,서강대학교,대학,사립,서울,A그룹,391081,445828,836909,691017,583810,1274827,41,44,61604,6,91,61604,230,186,416,30848,2482,33330,28139,0,1274827,11103,114.8000030517578,33330,1274827,2.700000047683716
2019,192,서경대학교,대학,사립,서울,B그룹,272059,46209,318268,502841,66158,568999,4,4,31146,3,11,31146,448,80,528,24974,834,25808,22318,0,568999,6858,83.0,25808,568999,4.800000190734863
2019,193,서남대학교,대학,사립,전북,C그룹,0,0,0,0,0,0,0,0,0,0,0,0,0,0,0,0,0,0,0,0,0,0,0.0,0,0,0.0
2019,194,서라벌대학교,전문대학,사립,경북,C그룹,30059,4148,34207,106374,16526,122900,1,2,2291,0,3,2291,73,0,73,1136,147,1283,922,0,122900,729,168.60000610351562,1283,122900,1.100000023841858
2019,195,서영대학교,전문대학,사립,광주,A그룹,78159,3213,81372,95805,3544,99349,1,6,29549,1,8,29549,169,0,169,4739,0,4739,3936,0,99349,5179,19.200000762939453,4739,99349,5.0
2019,196,서울과학기술대학교,대학,국립,서울,A그룹,323197,109316,432513,611099,130370,741469,24,26,44130,4,54,44130,523,36,559,21345,606,21951,12880,0,741469,11934,62.09999847412109,21951,741469,3.0999999046325684
2019,197,서울과학종합대학원대학교,대학원대학,사립,서울,-,1672,244,1916,2493,323,2816,2,1,0,0,3,0,4,0,4,0,18,18,2,0,2816,506,5.599999904632568,18,2816,0.6000000238418579
2019,198,서울교육대학교,대학,국립,서울,C그룹,160442,26737,187179,279334,36009,315343,9,7,43651,0,16,43651,177,25,202,8672,1470,10142,8314,0,315343,2988,105.5,10142,315343,3.299999952316284
2019,199,서울기독대학교,대학,사립,서울,C그룹,29794,12278,42072,40104,14860,54964,3,8,4840,0,11,4840,62,2,64,1113,51,1164,1065,0,54964,808,68.0,1164,54964,2.200000047683716
2019,200,서울대학교,대학,국립,서울,A그룹,707717,1139047,1846764,2413999,2753707,5167706,89,107,665726,0,196,665726,1679,2050,3729,34716,33869,68585,54365,7644,5167706,28102,183.8999938964844,68585,5167706,1.2999999523162842
2019,201,서울디지털대학교,대학,사립,서울,A그룹,12792,0,12792,35985,0,35985,1,0,11719,0,1,11719,0,0,0,1108,54,1162,857,0,35985,10933,3.299999952316284,1162,35985,3.299999952316284
2019,202,서울미디어대학원대학교,대학원대학,사립,서울,-,3402,1207,4609,3829,1369,5198,0,1,0,0,1,0,10,0,10,71,75,146,146,0,5198,119,43.70000076293945,146,5198,2.900000095367432
2019,203,서울벤처대학원대학교,대학원대학,사립,서울,-,880,390,1270,2191,1146,3337,0,0,0,0,0,0,0,0,0,0,0,0,0,0,3337,256,13.0,0,3337,0.0
2019,204,서울불교대학원대학교,대학원대학,사립,서울,-,7608,1545,9153,7608,1545,9153,0,2,0,0,2,0,2,1,3,340,70,410,375,0,9153,181,50.59999847412109,410,9153,4.699999809265137
2019,205,서울사이버대학교,대학,사립,서울,A그룹,2036,10325,12361,7933,50975,58908,0,3,53011,0,3,53011,0,0,0,0,0,0,0,0,58908,10344,5.699999809265137,0,58908,0.0
2019,206,서울사회복지대학원대학교,대학원대학,사립,서울,-,5188,0,5188,5433,0,5433,0,0,0,0,0,0,5,0,5,68,426,494,475,1,5433,138,39.400001525878906,494,5433,10.0
2019,207,서울상담심리대학원대학교,대학원대학,사립,서울,-,7907,449,8356,8959,456,9415,2,1,0,0,3,0,28,0,28,437,54,491,460,0,9415,115,81.9000015258789,491,9415,5.5
2019,208,서울성경신학대학원대학교,대학원대학,사립,서울,-,18768,2424,21192,19892,3109,23001,0,5,5417,0,5,5417,59,0,59,116,249,365,331,490,23001,93,247.3000030517578,365,23001,1.600000023841858
2019,209,서울시립대학교,대학,공립,서울,A그룹,413800,159445,573245,789492,284028,1073520,28,58,289746,4,90,289746,533,254,787,24087,3497,27584,23735,0,1073520,11632,92.3000030517578,27584,1073520,2.5999999046325684
2019,210,서울신학대학교,대학,사립,경기,C그룹,115465,121003,236468,216657,138298,354955,4,8,54314,2,14,54314,111,51,162,2701,763,3464,3013,0,354955,3188,111.3000030517578,3464,354955,1.0
2019,211,서울여자간호대학교,전문대학,사립,서울,C그룹,23722,1408,25130,33313,1754,35067,4,5,5993,0,9,5993,43,2,45,1040,827,1867,1553,0,35067,933,37.59999847412109,1867,35067,5.599999904632568
2019,212,서울여자대학교,대학,사립,서울,B그룹,403964,146894,550858,578012,180824,758836,18,18,40620,5,41,40620,143,135,278,22045,1832,23877,21027,51,758836,7541,100.5999984741211,23877,758836,3.200000047683716
2019,213,서울예술대학교,전문대학,사립,경기,B그룹,71369,10378,81747,92041,11289,103330,5,10,6642,4,19,6642,80,34,114,3183,138,3321,3163,0,103330,3074,33.599998474121094,3321,103330,3.299999952316284
2019,214,서울외국어대학원대학교,대학원대학,사립,서울,-,1857,660,2517,2636,708,3344,0,0,0,0,0,0,0,0,0,0,0,0,0,0,3344,158,21.200000762939453,0,3344,0.0
2019,215,서울장신대학교,대학,사립,경기,C그룹,64135,7461,71596,84623,25025,109648,4,8,25604,1,13,25604,147,2,149,16904,421,17325,17072,1153,109648,818,134.0,17325,109648,18.799999237060547
2019,216,서울한영대학교,대학,사립,서울,C그룹,48594,32947,81541,79284,48386,127670,0,9,7837,0,9,7837,231,13,244,845,337,1182,860,303,127670,943,135.39999389648438,1182,127670,0.8999999761581421
2019,217,서원대학교,대학,사립,충북,B그룹,282052,61238,343290,591389,113713,705102,6,12,39534,0,18,39534,545,20,565,20676,9869,30545,23090,4795,705102,7245,97.3000030517578,30545,705102,4.5
2019,218,서일대학교,전문대학,사립,서울,A그룹,102937,14969,117906,163513,16191,179704,4,5,9947,4,13,9947,102,14,116,6049,125,6174,5391,14366,179704,6070,29.600000381469727,6174,179704,3.5999999046325684
2019,219,서정대학교,전문대학,사립,경기,A그룹,41190,15520,56710,64235,18655,82890,0,1,55435,1,2,55435,46,0,46,8987,0,8987,8405,0,82890,4918,16.899999618530273,8987,82890,12.199999809265137
2019,220,서해대학,전문대학,사립,전북,C그룹,44737,1035,45772,57985,1349,59334,0,0,1270,0,0,1270,19,0,19,0,0,0,0,0,59334,915,64.80000305175781,0,59334,0.0
2019,221,선교청대학교,대학,사립,충남,C그룹,0,0,0,0,0,0,0,0,0,0,0,0,0,0,0,0,0,0,0,0,0,0,0.0,0,0,0.0
2019,222,선린대학교,전문대학,사립,경북,C그룹,48647,2560,51207,77491,3288,80779,2,0,11377,0,2,11377,65,0,65,3041,0,3041,2450,0,80779,2471,32.70000076293945,3041,80779,3.900000095367432
2019,223,선문대학교,대학,사립,충남,B그룹,309540,111553,421093,545515,141984,687499,10,15,37682,4,29,37682,354,67,421,20536,6060,26596,15269,0,687499,9804,70.0999984741211,26596,687499,4.0
2019,224,선학유피대학원대학교,대학원대학,사립,경기,-,30915,9192,40107,34033,11352,45385,0,0,0,0,0,0,72,8,80,365,427,792,566,0,45385,54,840.5,792,45385,1.7999999523162842
2019,225,성결대학교,대학,사립,경기,B그룹,236773,75508,312281,417589,94019,511608,5,14,25107,6,25,25107,161,84,245,11187,1209,12396,9997,0,511608,5806,88.0999984741211,12396,511608,2.5
2019,226,성공회대학교,대학,사립,서울,C그룹,124520,72468,196988,159609,102311,261920,9,14,67051,4,27,67051,98,36,134,13501,681,14182,13825,4325,261920,2436,107.5,14182,261920,5.699999809265137
2019,227,성균관대학교,대학,사립,서울,A그룹,698993,534115,1233108,1279612,776952,2056564,47,72,510135,6,125,510135,403,320,723,51127,8291,59418,30892,866,2056564,26602,77.30000305175781,59418,2056564,3.0
2019,228,성산효대학원대학교,대학원대학,사립,인천,-,21167,5491,26658,21477,5491,26968,1,0,0,0,1,0,23,1,24,302,311,613,588,0,26968,243,111.0,613,26968,2.299999952316284
2019,229,성서침례대학원대학교,대학원대학,사립,경기,-,16285,6008,22293,17090,6111,23201,0,0,0,0,0,0,55,14,69,345,321,666,664,0,23201,52,446.2000122070313,666,23201,3.0
2019,230,성신여자대학교,대학,사립,서울,A그룹,370478,173166,543644,724954,218151,943105,19,19,56918,7,45,56918,208,111,319,29386,1561,30947,23030,0,943105,9940,94.9000015258789,30947,943105,3.400000095367432
2019,231,성운대학교,전문대학,사립,경북,C그룹,22183,5467,27650,39799,5467,45266,0,0,8410,0,0,8410,30,0,30,1941,1060,3001,2182,0,45266,1497,30.200000762939453,3001,45266,7.099999904632568
2019,232,성화대학,전문대학,사립,전남,B그룹,0,0,0,0,0,0,0,0,0,0,0,0,0,0,0,0,0,0,0,0,0,0,0.0,0,0,0.0
2019,233,세경대학교,전문대학,사립,강원,C그룹,42218,1454,43672,43890,1454,45344,0,2,6691,0,2,6691,68,0,68,1210,62,1272,1272,0,45344,1058,42.900001525878906,1272,45344,2.900000095367432
2019,234,세계사이버대학,기타,기타,경기,-,0,0,0,0,0,0,0,0,0,0,0,0,0,0,0,0,0,0,0,0,0,0,0.0,0,0,0.0
2019,235,세명대학교,대학,사립,충북,B그룹,261841,69808,331649,541734,114396,656130,4,13,31824,10,27,31824,122,24,146,16248,1812,18060,14863,0,656130,7921,82.80000305175781,18060,656130,2.799999952316284
2019,236,세종대학교,대학,사립,서울,A그룹,367085,195437,562522,642895,304357,947252,26,23,45996,9,58,45996,191,82,273,5844,1234,7078,5907,0,947252,14224,66.5999984741211,7078,947252,0.800000011920929
2019,237,세한대학교,대학,사립,충남,C그룹,153193,51352,204545,246750,72586,319336,3,9,29583,3,15,29583,166,14,180,11118,227,11345,8093,0,319336,4316,74.0,11345,319336,3.700000047683716
2019,238,송곡대학교,전문대학,사립,강원,C그룹,12107,29,12136,14026,83,14109,2,0,1205,0,2,1205,11,0,11,612,1685,2297,1964,0,14109,694,20.299999237060547,2297,14109,19.399999618530277
2019,239,송원대학교,대학,사립,광주,C그룹,106766,16789,123555,245150,24342,269492,7,7,29969,1,15,29969,108,1,109,4780,615,5395,4980,0,269492,2970,90.6999969482422,5395,269492,2.0
2019,240,송호대학교,전문대학,사립,강원,C그룹,27217,1580,28797,41533,2237,43770,0,2,2479,0,2,2479,47,0,47,864,10,874,619,2,43770,981,44.59999847412109,874,43770,2.0
2019,241,수도국제대학원대학교,대학원대학,사립,서울,-,13830,2459,16289,20558,3970,24528,0,0,0,0,0,0,28,0,28,52,346,398,309,50,24528,314,78.0999984741211,398,24528,1.600000023841858
2019,242,수성대학교,전문대학,사립,대구,B그룹,70277,2679,72956,114896,3601,118497,1,0,13342,1,2,13342,57,0,57,4989,233,5222,3899,0,118497,3495,33.900001525878906,5222,118497,4.599999904632568
2019,243,수원가톨릭대학교,대학,사립,경기,C그룹,60302,24822,85124,95403,38723,134126,4,4,1483,0,8,1483,151,128,279,2608,762,3370,2773,0,134126,182,737.0,3370,134126,2.5999999046325684
2019,244,수원과학대학교,전문대학,사립,경기,B그룹,113712,7765,121477,210167,9948,220115,0,3,31235,2,5,31235,126,1,127,7038,138,7176,4648,0,220115,6425,34.29999923706055,7176,220115,3.400000095367432
2019,245,수원대학교,대학,사립,경기,B그룹,276564,113611,390175,657786,265986,923772,7,8,67004,5,20,67004,293,6,299,5574,11879,17453,14981,0,923772,10388,88.9000015258789,17453,923772,1.899999976158142
2019,246,수원여자대학교,전문대학,사립,경기,B그룹,69271,5509,74780,159055,11079,170134,1,3,5572,1,5,5572,91,0,91,5795,0,5795,3425,0,170134,4341,39.20000076293945,5795,170134,3.5
2019,247,숙명여자대학교,대학,사립,서울,A그룹,410371,265406,675777,923195,309937,1233132,29,37,102909,2,68,102909,453,182,635,25854,3104,28958,17992,834,1233132,12367,99.6999969482422,28958,1233132,2.400000095367432
2019,248,순복음대학원대학교,대학원대학,사립,서울,-,17144,243,17387,28814,304,29118,0,0,0,0,0,0,26,0,26,0,497,497,354,0,29118,101,288.29998779296875,497,29118,1.7000000476837158
2019,249,순복음총회신학교,대학,사립,충북,C그룹,13580,0,13580,25001,0,25001,0,0,0,0,0,0,0,0,0,0,134,134,134,0,25001,229,109.1999969482422,134,25001,0.5
2019,250,순천제일대학교,전문대학,사립,전남,B그룹,73034,1102,74136,107221,1221,108442,3,1,3441,0,4,3441,33,0,33,3779,118,3897,3633,0,108442,2570,42.20000076293945,3897,108442,3.700000047683716
2019,251,순천향대학교,대학,사립,충남,A그룹,339826,214464,554290,577102,243369,820471,40,22,149724,4,66,149724,159,12,171,26519,1194,27713,24054,0,820471,11750,69.80000305175781,27713,820471,3.5
2019,252,숭실대학교,대학,사립,서울,A그룹,393936,217697,611633,687417,244956,932373,31,37,295968,6,74,295968,179,144,323,38377,2886,41263,32297,0,932373,15979,58.29999923706055,41263,932373,4.599999904632568
2019,253,숭실사이버대학교,대학,사립,서울,B그룹,2203,0,2203,9519,0,9519,0,0,2203,0,0,2203,0,0,0,0,0,0,0,0,9519,5397,1.7999999523162842,0,9519,0.0
2019,254,숭의여자대학교,전문대학,사립,서울,B그룹,112820,19206,132026,163295,20970,184265,2,0,11763,2,4,11763,47,10,57,5234,242,5476,3506,0,184265,3439,53.59999847412109,5476,184265,3.0999999046325684
2019,255,신경주대학교,대학,사립,경북,C그룹,211069,34651,245720,348416,58039,406455,6,5,21033,1,12,21033,215,0,215,3678,1155,4833,4568,137,406455,1478,275.0,4833,406455,1.2000000476837158
2019,256,신구대학교,전문대학,사립,경기,A그룹,112377,8321,120698,169938,9434,179372,2,1,15219,4,7,15219,101,16,117,7125,885,8010,6642,0,179372,6468,27.700000762939453,8010,179372,4.699999809265137
2019,257,신라대학교,대학,사립,부산,B그룹,257839,71313,329152,593941,118018,711959,8,12,47012,4,24,47012,375,18,393,6892,1272,8164,4088,0,711959,10391,68.5,8164,711959,1.2000000476837158
2019,258,신성대학교,전문대학,사립,충남,B그룹,112539,13253,125792,159635,21152,180787,5,3,4881,0,8,4881,130,0,130,8289,669,8958,8000,2961,180787,3821,47.29999923706055,8958,180787,5.199999809265137
2019,259,신안산대학교,전문대학,사립,경기,B그룹,79762,2076,81838,129646,2194,131840,0,0,2022,0,0,2022,84,2,86,6636,1290,7926,5602,0,131840,4267,30.899999618530277,7926,131840,6.400000095367432
2019,260,신한대학교,대학,사립,경기,B그룹,233867,75594,309461,320701,77045,397746,7,11,60242,3,21,60242,340,14,354,27912,9739,37651,28554,0,397746,6718,59.20000076293945,37651,397746,10.5
2019,261,신흥대학교,전문대학,사립,경기,A그룹,0,0,0,0,0,0,0,0,0,0,0,0,0,0,0,0,0,0,0,0,0,0,0.0,0,0,0.0
2019,262,실천신학대학원대학교,대학원대학,사립,경기,-,6209,5327,11536,7310,5666,12976,0,1,0,0,1,0,10,3,13,76,7,83,83,0,12976,41,316.5,83,12976,0.6000000238418579
2019,263,아신대학교,대학,사립,경기,C그룹,48995,32523,81518,84873,51868,136741,1,6,1652,0,7,1652,143,77,220,2022,1450,3472,2617,499,136741,1409,97.0,3472,136741,2.5999999046325684
2019,264,아주대학교,대학,사립,경기,A그룹,355750,244388,600138,643285,448686,1091971,40,46,48234,3,89,48234,567,104,671,17558,3463,21021,17464,0,1091971,13884,78.5999984741211,21021,1091971,2.0
2019,265,아주자동차대학교,전문대학,사립,충남,C그룹,14097,95,14192,38571,269,38840,0,0,4474,0,0,4474,77,0,77,1202,288,1490,1344,0,38840,1003,38.70000076293945,1490,38840,4.0
2019,266,안동과학대학교,전문대학,사립,경북,B그룹,68379,2402,70781,128698,2545,131243,2,5,13842,1,8,13842,151,6,157,4115,944,5059,5009,0,131243,2615,50.20000076293945,5059,131243,4.0
2019,267,안산대학교,전문대학,사립,경기,A그룹,94023,31239,125262,149228,34733,183961,4,1,36262,0,5,36262,114,26,140,2689,0,2689,2470,0,183961,4376,42.0,2689,183961,1.5
2019,268,안양대학교,대학,사립,경기,B그룹,315235,81283,396518,431772,86816,518588,4,9,79762,4,17,79762,87,16,103,6492,27261,33753,23384,9576,518588,5404,96.0,33753,518588,7.0
2019,269,에스라성경대학원대학교,대학원대학,사립,경기,-,3563,2155,5718,7353,2184,9537,0,0,0,0,0,0,8,0,8,87,0,87,80,0,9537,76,125.5,87,9537,0.8999999761581421
2019,270,여주대학교,전문대학,사립,경기,B그룹,128395,45597,173992,140833,45806,186639,3,1,65771,0,4,65771,37,0,37,10606,47,10653,10563,0,186639,5369,34.79999923706055,10653,186639,6.099999904632568
2019,271,연성대학교,전문대학,사립,경기,A그룹,133121,20438,153559,175732,21871,197603,2,1,28361,8,11,28361,134,0,134,6743,595,7338,6739,0,197603,5827,33.900001525878906,7338,197603,3.900000095367432
2019,272,연세대학교,대학,사립,서울,A그룹,828146,817578,1645724,1453525,1143524,2597049,68,87,275487,1,156,275487,1200,719,1919,61453,21368,82821,73622,100914,2597049,30729,84.5,82821,2597049,3.299999952316284
2019,273,연세대학교(미래),대학,사립,강원,B그룹,342244,87223,429467,468148,150534,618682,29,19,189499,4,52,189499,444,79,523,18578,1728,20306,15342,24242,618682,7840,78.9000015258789,20306,618682,3.400000095367432
2019,274,연암공과대학교,전문대학,사립,경남,C그룹,54948,4088,59036,64989,5001,69990,0,0,4155,15,15,4155,90,0,90,1720,142,1862,1533,13,69990,1185,59.09999847412109,1862,69990,2.700000047683716
2019,275,연암대학교,전문대학,사립,충남,C그룹,39580,2147,41727,57038,2724,59762,0,1,2568,0,1,2568,31,1,32,1529,134,1663,1640,0,59762,1111,53.79999923706055,1663,59762,2.900000095367432
2019,276,영남대학교,대학,사립,경북,A그룹,521920,377853,899773,1207322,620605,1827927,43,40,45598,2,85,45598,819,173,992,23387,6845,30232,28166,0,1827927,23864,76.5999984741211,30232,1827927,1.7000000476837158
2019,277,영남사이버대학교,대학,사립,경북,C그룹,0,0,0,0,0,0,0,0,0,0,0,0,0,0,0,0,0,0,0,0,0,0,0.0,0,0,0.0
2019,278,영남신학대학교,대학,사립,경북,C그룹,66094,42203,108297,95293,44231,139524,4,6,23608,0,10,23608,167,39,206,981,105,1086,694,559,139524,717,194.6000061035156,1086,139524,0.800000011920929
2019,279,영남외국어대학,전문대학,사립,경북,C그룹,25123,1024,26147,25658,1026,26684,0,0,1345,0,0,1345,0,0,0,0,0,0,0,0,26684,608,43.900001525878906,0,26684,0.0
2019,280,영남이공대학교,전문대학,사립,대구,A그룹,104964,6214,111178,227607,9493,237100,3,5,31244,1,9,31244,223,0,223,6126,8018,14144,5960,1485,237100,5592,42.400001525878906,14144,237100,6.300000190734863
2019,281,영산대학교,대학,사립,경남,B그룹,249562,58071,307633,391110,71142,462252,7,9,11411,6,22,11411,179,10,189,5032,7781,12813,10962,0,462252,7230,63.900001525878906,12813,462252,2.900000095367432
2019,282,영산선학대학교,대학,사립,전남,C그룹,36866,733,37599,55552,1029,56581,0,0,0,0,0,0,55,0,55,598,207,805,713,0,56581,45,1257.4000244140625,805,56581,1.399999976158142
2019,283,영진전문대학교,전문대학,사립,대구,A그룹,149097,23898,172995,301868,35786,337654,4,13,25319,4,21,25319,220,2,222,9772,0,9772,4427,0,337654,7954,42.5,9772,337654,3.0
2019,284,예명대학원대학교,대학원대학,사립,서울,-,8150,1156,9306,15599,1456,17055,0,0,0,0,0,0,0,0,0,59,0,59,52,0,17055,346,49.29999923706055,59,17055,0.3000000119209289
2019,285,예수대학교,대학,사립,전북,C그룹,30362,3313,33675,39397,3993,43390,0,9,3610,1,10,3610,68,11,79,1518,250,1768,1691,201,43390,595,72.9000015258789,1768,43390,4.199999809265137
2019,286,예원예술대학교,대학,사립,전북,C그룹,30907,149,31056,41236,189,41425,0,3,1046,0,3,1046,11,0,11,1545,116,1661,1352,0,41425,1358,30.5,1661,41425,4.199999809265137
2019,287,오산대학교,전문대학,사립,경기,A그룹,115618,6756,122374,153589,7399,160988,5,4,11021,2,11,11021,151,5,156,5895,392,6287,5180,0,160988,5022,32.099998474121094,6287,160988,4.099999904632568
2019,288,온석대학원대학교,대학원대학,사립,경기,-,11000,150,11150,18070,311,18381,0,0,0,0,0,0,0,0,0,79,4,83,83,0,18381,262,70.19999694824219,83,18381,0.5
2019,289,용인대학교,대학,사립,경기,B그룹,185374,23721,209095,359356,39409,398765,10,7,39866,4,21,39866,238,8,246,15670,1648,17318,9041,0,398765,6949,57.400001525878906,17318,398765,4.5
2019,290,용인예술과학대학교,전문대학,사립,경기,B그룹,87685,12603,100288,144791,12936,157727,2,1,39745,1,4,39745,51,3,54,6680,7023,13703,13481,13804,157727,3847,41.0,13703,157727,9.5
2019,291,우석대학교,대학,사립,전북,B그룹,228501,123648,352149,590017,196865,786882,7,11,55387,4,22,55387,398,9,407,9129,5396,14525,9787,0,786882,7994,98.4000015258789,14525,786882,1.899999976158142
2019,292,우송공업대학,전문대학,사립,대전,B그룹,0,0,0,0,0,0,0,0,0,0,0,0,0,0,0,0,0,0,0,0,0,0,0.0,0,0,0.0
2019,293,우송대학교,대학,사립,대전,A그룹,137199,135571,272770,382580,158185,540765,6,10,180875,3,19,180875,119,20,139,29985,2116,32101,10395,0,540765,10317,52.400001525878906,32101,540765,6.300000190734863
2019,294,우송정보대학,전문대학,사립,대전,B그룹,61710,9126,70836,151064,13910,164974,0,0,6316,1,1,6316,40,9,49,9896,875,10771,2789,0,164974,4587,36.0,10771,164974,7.0
2019,295,울산과학기술원,대학,국립,울산,C그룹,94253,138372,232625,106342,141686,248028,36,28,310963,0,64,310963,68,14,82,7898,1201,9099,8774,0,248028,4255,58.29999923706055,9099,248028,3.799999952316284
2019,296,울산과학대학교,전문대학,사립,울산,A그룹,107877,5420,113297,167970,9055,177025,3,4,9776,0,7,9776,74,9,83,5431,722,6153,4613,42790,177025,5036,35.20000076293945,6153,177025,3.5999999046325684
2019,297,울산대학교,대학,사립,울산,A그룹,385403,205387,590790,661487,460532,1122019,43,38,107503,0,81,107503,230,65,295,10351,2536,12887,10125,549,1122019,13880,80.80000305175781,12887,1122019,1.2000000476837158
2019,298,웅지세무대학교,전문대학,사립,경기,C그룹,7902,2262,10164,7902,2262,10164,0,0,0,0,0,0,0,0,0,0,0,0,0,0,10164,1489,6.800000190734863,0,10164,0.0
2019,299,원광대학교,대학,사립,전북,A그룹,476602,225755,702357,1072305,455145,1527450,21,23,48070,4,48,48070,572,11,583,34876,4601,39477,24261,0,1527450,16799,90.9000015258789,39477,1527450,2.700000047683716
2019,300,원광보건대학교,전문대학,사립,전북,B그룹,79434,9710,89144,166923,15349,182272,2,6,15087,2,10,15087,151,5,156,4561,1260,5821,2986,0,182272,4510,40.400001525878906,5821,182272,3.299999952316284
2019,301,원불교대학원대학교,대학원대학,사립,전북,-,13138,1952,15090,22993,2276,25269,0,0,0,0,0,0,46,0,46,111,473,584,311,0,25269,41,616.2999877929688,584,25269,2.400000095367432
2019,302,웨스트민스터신학대학원대학교,대학원대학,사립,경기,-,23432,7040,30472,32638,8557,41195,0,3,0,0,3,0,349,0,349,614,11,625,450,0,41195,432,95.4000015258789,625,41195,1.5
2019,303,위덕대학교,대학,사립,경북,C그룹,106414,57306,163720,204939,74031,278970,1,11,26324,1,13,26324,179,29,208,7092,840,7932,5533,0,278970,3439,81.0999984741211,7932,278970,2.900000095367432
2019,304,유원대학교,대학,사립,충북,C그룹,196340,6539,202879,385610,12565,398175,0,4,53668,0,4,53668,91,0,91,5096,36,5132,3580,0,398175,3789,105.0999984741211,5132,398175,1.2999999523162842
2019,305,유한대학교,전문대학,사립,경기,A그룹,111392,20434,131826,187891,22282,210173,1,3,18408,1,5,18408,81,9,90,6552,142,6694,5235,14026,210173,4548,46.20000076293945,6694,210173,3.299999952316284
2019,306,육군사관학교,기타,기타,서울,-,157474,74958,232432,209181,84446,293627,9,2,3613,0,11,3613,210,50,260,2893,1554,4447,3296,24819,293627,0,0.0,4447,293627,1.5
2019,307,을지대학교,대학,사립,대전,B그룹,108283,57789,166072,167523,62533,230056,13,11,43181,2,26,43181,70,0,70,4942,30878,35820,33859,0,230056,5177,44.400001525878906,35820,230056,18.399999618530277
2019,308,이화여자대학교,대학,사립,서울,A그룹,566824,501775,1068599,980255,710797,1691052,22,83,284372,8,113,284372,694,1194,1888,41888,4576,46464,36238,4573,1691052,21596,78.30000305175781,46464,1691052,2.799999952316284
2019,309,인덕대학교,전문대학,사립,서울,A그룹,104003,37308,141311,193099,41590,234689,3,8,10839,2,13,10839,94,0,94,1437,111,1548,1175,0,234689,6067,38.70000076293945,1548,234689,0.699999988079071
2019,310,인제대학교,대학,사립,경남,B그룹,398614,166345,564959,645189,241668,886857,30,21,79141,0,51,79141,163,27,190,15923,1857,17780,15240,0,886857,10687,83.0,17780,886857,2.0
2019,311,인제대학원대학교,대학원대학,사립,서울,-,0,0,0,0,0,0,0,0,0,0,0,0,0,0,0,0,0,0,0,0,0,0,0.0,0,0,0.0
2019,312,인천가톨릭대학교,대학,사립,인천,C그룹,61545,26540,88085,89665,37047,126712,8,12,19564,0,20,19564,153,124,277,2830,568,3398,2767,0,126712,828,153.0,3398,126712,2.799999952316284
2019,313,인천대학교,대학,국립,인천,A그룹,409027,146368,555395,1019549,188485,1208034,22,37,64793,0,59,64793,490,69,559,30485,1887,32372,9061,0,1208034,13500,89.5,32372,1208034,2.799999952316284
2019,314,인천전문대학,전문대학,공립,인천,A그룹,0,0,0,0,0,0,0,0,0,0,0,0,0,0,0,0,0,0,0,0,0,0,0.0,0,0,0.0
2019,315,인하공업전문대학,전문대학,사립,인천,A그룹,84704,15862,100566,183106,20837,203943,2,4,12004,1,7,12004,62,8,70,6919,5672,12591,6185,0,203943,6583,31.0,12591,203943,6.599999904632568
2019,316,인하대학교,대학,사립,인천,A그룹,572324,329949,902273,1257235,402640,1659875,36,37,57894,5,78,57894,480,106,586,20731,6326,27057,21099,12840,1659875,20289,81.80000305175781,27057,1659875,1.7000000476837158
2019,317,장로회신학대학교,대학,사립,서울,C그룹,136204,116772,252976,238452,160626,399078,10,9,45975,1,20,45975,179,168,347,18279,1308,19587,19587,0,399078,2177,183.3000030517578,19587,399078,5.199999809265137
2019,318,장안대학교,전문대학,사립,경기,B그룹,100359,23770,124129,163563,25515,189078,5,3,47406,9,17,47406,139,19,158,5987,1251,7238,5455,0,189078,5629,33.599998474121094,7238,189078,4.0
2019,319,재능대학교,전문대학,사립,인천,B그룹,58650,786,59436,105063,997,106060,3,4,9698,0,7,9698,78,0,78,5463,870,6333,3509,0,106060,3965,26.700000762939453,6333,106060,6.400000095367432
2019,320,전남과학대학교,전문대학,사립,전남,B그룹,98636,1046,99682,120822,1184,122006,2,1,28903,1,4,28903,100,0,100,25097,227,25324,18236,0,122006,4210,29.0,25324,122006,26.200000762939453
2019,321,전남대학교,대학,국립,광주,A그룹,617498,441333,1058831,1272045,636951,1908996,31,31,198679,0,62,198679,1156,296,1452,69950,90564,160514,122834,90564,1908996,24116,79.19999694824219,160514,1908996,9.199999809265137
2019,322,전남도립대학교,전문대학,공립,전남,C그룹,64260,1066,65326,88263,1226,89489,1,1,7355,2,4,7355,135,0,135,1960,1191,3151,2164,0,89489,1387,64.5,3151,89489,3.5999999046325684
2019,323,전북과학대학교,전문대학,사립,전북,C그룹,41604,1561,43165,60596,4243,64839,0,8,7262,4,12,7262,81,0,81,1446,110,1556,1465,0,64839,1606,40.400001525878906,1556,64839,2.5
2019,324,전북대학교,대학,국립,전북,A그룹,593404,168919,762323,1303080,340452,1643532,34,37,5910,6,77,5910,600,538,1138,13818,10901,24719,13201,0,1643532,21943,74.9000015258789,24719,1643532,1.5
2019,325,전주교육대학교,대학,국립,전북,C그룹,121637,11276,132913,278584,15450,294034,4,8,7467,0,12,7467,210,41,251,5757,1438,7195,2163,0,294034,1400,210.0,7195,294034,2.5
2019,326,전주기전대학,전문대학,사립,전북,C그룹,40462,1901,42363,83116,3897,87013,0,0,19444,0,0,19444,7,0,7,2683,0,2683,2660,0,87013,1693,51.400001525878906,2683,87013,3.200000047683716
2019,327,전주대학교,대학,사립,전북,A그룹,251794,54266,306060,511581,107697,619278,9,6,11319,5,20,11319,366,9,375,10318,759,11077,6244,16312,619278,12245,50.59999847412109,11077,619278,1.7999999523162842
2019,328,전주비전대학교,전문대학,사립,전북,B그룹,72726,6995,79721,130767,8356,139123,1,1,5564,30,32,5564,40,1,41,3630,613,4243,2360,0,139123,3623,38.400001525878906,4243,139123,3.0999999046325684
2019,329,제네바신학대학원대학교,대학원대학,사립,경기,-,18493,6605,25098,34078,9404,43482,0,0,0,0,0,0,59,29,88,188,0,188,171,0,43482,11,3952.89990234375,188,43482,0.4000000059604645
2019,330,제주관광대학교,전문대학,사립,제주,C그룹,50412,1204,51616,70073,1506,71579,1,2,12313,0,3,12313,142,9,151,2604,256,2860,1934,0,71579,2242,31.899999618530277,2860,71579,4.199999809265137
2019,331,제주국제대학교,대학,사립,제주,C그룹,52638,7705,60343,72960,8316,81276,0,0,6428,0,0,6428,135,0,135,828,0,828,828,0,81276,1587,51.20000076293945,828,81276,1.0
2019,332,제주대학교,대학,국립,제주,A그룹,518850,296316,815166,1050345,420398,1470743,19,30,390321,1,50,390321,515,316,831,136076,8400,144476,132982,0,1470743,12189,120.6999969482422,144476,1470743,10.899999618530272
2019,333,제주한라대학교,전문대학,사립,제주,A그룹,84745,12135,96880,128485,13840,142325,2,2,22634,1,5,22634,124,0,124,7972,69,8041,8041,0,142325,5505,25.899999618530277,8041,142325,6.0
2019,334,조선간호대학교,전문대학,사립,광주,C그룹,26039,1577,27616,31061,1585,32646,1,0,6823,0,1,6823,29,0,29,997,185,1182,1087,0,32646,791,41.29999923706055,1182,32646,3.799999952316284
2019,335,조선대학교,대학,사립,광주,A그룹,465614,211226,676840,966983,379838,1346821,26,16,113730,4,46,113730,438,155,593,21820,10342,32162,20095,0,1346821,21414,62.900001525878906,32162,1346821,2.400000095367432
2019,336,조선이공대학교,전문대학,사립,광주,B그룹,74387,16489,90876,92225,20198,112423,0,0,19448,0,0,19448,39,0,39,4191,23,4214,3302,0,112423,3378,33.29999923706055,4214,112423,3.900000095367432
2019,337,주안대학원대학교,대학원대학,사립,인천,-,5804,3746,9550,10207,3967,14174,1,1,8458,0,2,8458,29,2,31,463,869,1332,1293,1017,14174,74,191.5,1332,14174,10.399999618530272
2019,338,중부대학교,대학,사립,충남,B그룹,246632,48496,295128,519944,62256,582200,8,12,97384,8,28,97384,355,0,355,19997,4388,24385,12698,0,582200,9523,61.09999847412109,24385,582200,4.400000095367432
2019,339,중앙대학교,대학,사립,서울,A그룹,517731,467682,985413,1480581,700012,2180593,37,66,396093,1,104,396093,342,205,547,71512,4985,76497,71150,0,2180593,29014,75.19999694824219,76497,2180593,3.5999999046325684
2019,340,중앙승가대학교,대학,사립,경기,C그룹,80640,9175,89815,90483,11837,102320,3,0,272,0,3,272,1119,51,1170,381,4684,5065,4843,0,102320,227,450.7000122070313,5065,102320,5.199999809265137
2019,341,중원대학교,대학,사립,충북,C그룹,60196,129043,189239,73428,129785,203213,2,11,132526,0,13,132526,49,7,56,10716,7608,18324,15799,0,203213,4142,49.09999847412109,18324,203213,9.899999618530272
2019,342,진주교육대학교,대학,국립,경남,C그룹,121588,14542,136130,285343,16799,302142,5,4,10253,0,9,10253,66,0,66,5789,1055,6844,3371,10854,302142,1754,172.3000030517578,6844,302142,2.299999952316284
2019,343,진주보건대학교,전문대학,사립,경남,B그룹,63652,1955,65607,88189,2378,90567,2,2,0,0,4,0,336,0,336,2473,611,3084,1668,0,90567,2789,32.5,3084,90567,3.5
2019,344,차의과학대학교,대학,사립,경기,C그룹,36426,15891,52317,49410,23223,72633,7,5,8626,0,12,8626,165,4,169,2720,6408,9128,8668,0,72633,3395,21.399999618530277,9128,72633,14.399999618530272
2019,345,창신대학교,대학,사립,경남,C그룹,97085,3765,100850,136496,5391,141887,1,9,28055,2,12,28055,81,0,81,8370,5526,13896,8709,0,141887,1987,71.4000015258789,13896,141887,10.899999618530272
2019,346,창원문성대학교,전문대학,사립,경남,C그룹,91403,2655,94058,188961,5657,194618,1,1,6765,0,2,6765,30,1,31,4161,0,4161,1559,0,194618,3156,61.70000076293945,4161,194618,2.200000047683716
2019,347,청강문화산업대학교,전문대학,사립,경기,B그룹,90842,15679,106521,187387,16771,204158,0,0,11131,1,1,11131,132,55,187,5565,8981,14546,3102,0,204158,3631,56.20000076293945,14546,204158,7.699999809265137
2019,348,청암대학교,전문대학,사립,전남,B그룹,58886,7242,66128,85138,10727,95865,0,5,3190,2,7,3190,14,0,14,2500,300,2800,2100,0,95865,2757,34.79999923706055,2800,95865,3.0
2019,349,청운대학교,대학,사립,충남,B그룹,265202,60101,325303,560521,69925,630446,8,8,90049,3,19,90049,164,31,195,18562,992,19554,12433,0,630446,6835,92.1999969482422,19554,630446,3.200000047683716
2019,350,청주교육대학교,대학,국립,충북,C그룹,146863,10556,157419,261649,23839,285488,0,7,18598,0,7,18598,137,19,156,5231,6090,11321,7342,0,285488,1626,175.60000610351562,11321,285488,4.099999904632568
2019,351,청주대학교,대학,사립,충북,A그룹,432007,180943,612950,946420,279621,1226041,11,24,60669,4,39,60669,323,82,405,27878,1763,29641,22062,0,1226041,11378,107.8000030517578,29641,1226041,2.5
2019,352,초당대학교,대학,사립,전남,C그룹,180522,37604,218126,299288,43031,342319,5,7,45076,6,18,45076,103,11,114,10859,799,11658,8278,0,342319,3443,99.4000015258789,11658,342319,3.5
2019,353,총신대학교,대학,사립,서울,C그룹,114220,325239,439459,273506,385176,658682,6,14,202104,2,22,202104,279,218,497,24322,2510,26832,23856,0,658682,3958,166.39999389648438,26832,658682,4.199999809265137
2019,354,추계예술대학교,대학,사립,서울,C그룹,103001,8973,111974,126610,9670,136280,3,2,8771,4,9,8771,105,30,135,2734,12968,15702,2771,96,136280,1315,103.5999984741211,15702,136280,13.0
2019,355,춘천교육대학교,대학,국립,강원,C그룹,221257,5980,227237,321309,9111,330420,0,5,8738,0,5,8738,110,0,110,5738,643,6381,5275,0,330420,1733,190.6999969482422,6381,330420,2.0
2019,356,춘해보건대학교,전문대학,사립,울산,B그룹,68500,1705,70205,79601,2152,81753,3,4,18297,0,7,18297,84,1,85,3708,431,4139,3959,0,81753,2667,30.700000762939453,4139,81753,5.300000190734863
2019,357,충남대학교,대학,국립,대전,A그룹,592954,273231,866185,1333289,479413,1812702,26,44,44994,7,77,44994,507,855,1362,31467,13537,45004,33274,0,1812702,23125,78.4000015258789,45004,1812702,2.5
2019,358,충남도립대학교,전문대학,공립,충남,C그룹,43678,1649,45327,66286,2006,68292,1,2,1121,1,4,1121,96,3,99,1481,1034,2515,1669,0,68292,1112,61.400001525878906,2515,68292,3.799999952316284
2019,359,충북대학교,대학,국립,충북,A그룹,451239,166553,617792,1083084,249653,1332737,31,35,55700,2,68,55700,716,211,927,17815,10319,28134,17850,61172,1332737,17378,76.69999694824219,28134,1332737,2.200000047683716
2019,360,충북도립대학교,전문대학,공립,충북,C그룹,39790,1282,41072,68046,1666,69712,0,1,2872,0,1,2872,52,0,52,2571,1032,3603,1428,0,69712,856,81.4000015258789,3603,69712,5.5
2019,361,충북보건과학대학교,전문대학,사립,충북,B그룹,78323,4500,82823,119192,5706,124898,0,2,8996,0,2,8996,165,0,165,3170,70,3240,2600,0,124898,2768,45.09999847412109,3240,124898,2.700000047683716
2019,362,충청대학교,전문대학,사립,충북,B그룹,93255,11496,104751,150871,14104,164975,4,8,12892,6,18,12892,184,5,189,4905,190,5095,2859,0,164975,4390,37.59999847412109,5095,164975,3.200000047683716
2019,363,치유상담대학원대학교,대학원대학,사립,서울,-,11718,3093,14811,12631,3112,15743,0,2,0,0,2,0,5,0,5,114,0,114,95,0,15743,165,95.4000015258789,114,15743,0.699999988079071
2019,364,칼빈대학교,대학,사립,경기,C그룹,42495,22618,65113,77171,27413,104584,2,8,10511,0,10,10511,160,21,181,2335,527,2862,2679,0,104584,1106,94.5999984741211,2862,104584,2.799999952316284
2019,365,탐라대학교,대학,사립,제주,C그룹,0,0,0,0,0,0,0,0,0,0,0,0,0,0,0,0,0,0,0,0,0,0,0.0,0,0,0.0
2019,366,평택대학교,대학,사립,경기,C그룹,206178,72878,279056,318541,87673,406214,7,11,16270,1,19,16270,117,97,214,7614,5208,12822,11471,0,406214,4286,94.8000030517578,12822,406214,3.299999952316284
2019,367,포항공과대학교,대학,사립,경북,C그룹,85438,200419,285857,129286,342206,471492,36,9,527142,0,45,527142,98,26,124,12580,683,13263,12901,140,471492,3195,147.60000610351562,13263,471492,2.900000095367432
2019,368,포항대학교,전문대학,사립,경북,C그룹,49644,2981,52625,93002,3544,96546,0,2,2336,0,2,2336,70,0,70,2145,0,2145,1602,0,96546,1877,51.400001525878906,2145,96546,2.299999952316284
2019,369,한경국립대학교,대학,국립,경기,B그룹,221385,42407,263792,455405,57643,513048,14,7,10967,2,23,10967,279,51,330,14214,1513,15727,9885,9397,513048,7097,72.30000305175781,15727,513048,3.200000047683716
2019,370,한국개발연구원국제정책대학원대학교,대학원대학,사립,세종,-,81237,142475,223712,91303,168621,259924,6,22,446505,0,28,446505,1,15,16,1223,1769,2992,2577,1,259924,707,367.6000061035156,2992,259924,1.2000000476837158
2019,371,한국골프과학기술대학교,전문대학,사립,강원,C그룹,14417,44,14461,14964,44,15008,0,0,2091,0,0,2091,18,0,18,498,310,808,787,0,15008,450,33.400001525878906,808,15008,5.699999809265137
2019,372,한국공학대학교,대학,사립,경기,B그룹,113380,10080,123460,182427,13243,195670,14,4,32160,7,25,32160,178,34,212,10140,1985,12125,10795,0,195670,7385,26.5,12125,195670,6.599999904632568
2019,373,한국과학기술원,대학,국립,대전,A그룹,258354,326682,585036,353841,383463,737304,55,64,383657,3,122,383657,120,48,168,31263,5663,36926,31264,42,737304,10595,69.5999984741211,36926,737304,5.300000190734863
2019,374,한국관광대학교,전문대학,사립,경기,C그룹,48343,1433,49776,87141,1851,88992,2,3,7307,1,6,7307,111,1,112,4772,581,5353,2756,0,88992,1950,45.59999847412109,5353,88992,6.400000095367432
2019,375,한국교원대학교,대학,국립,충북,B그룹,234788,68151,302939,506825,130734,637559,18,15,70906,1,34,70906,183,64,247,11289,4415,15704,10423,0,637559,5798,110.0,15704,637559,2.5
2019,376,한국국제대학교,대학,사립,경남,C그룹,103503,21158,124661,245624,23959,269583,0,5,35138,0,5,35138,93,0,93,0,1115,1115,280,0,269583,2905,92.8000030517578,1115,269583,0.4000000059604645
2019,377,한국기술교육대학교,대학,사립,충남,C그룹,166610,32921,199531,347892,41064,388956,10,16,22893,3,29,22893,196,62,258,16853,1733,18586,9436,0,388956,4870,79.9000015258789,18586,388956,5.0
2019,378,한국농수산대학교,전문대학,국립,전북,C그룹,48337,3814,52151,56221,4579,60800,1,3,14195,2,6,14195,166,46,212,1677,87,1764,1706,0,60800,1504,40.400001525878906,1764,60800,3.0
2019,379,한국방송통신대학교,대학,국립,서울,A그룹,221009,78912,299921,1012746,107316,1120062,7,11,54242,4,22,54242,171,14,185,19186,6313,25499,12435,67993,1120062,112743,9.899999618530272,25499,1120062,2.299999952316284
2019,380,한국복지사이버대학교,전문대학,사립,경북,B그룹,1650,5491,7141,4090,5491,9581,0,0,7141,0,0,7141,0,0,0,159,0,159,122,0,9581,1804,5.300000190734863,159,9581,1.7000000476837158
2019,381,한국상담대학원대학교,대학원대학,사립,서울,-,10254,1805,12059,14912,2192,17104,3,1,0,0,4,0,0,0,0,1121,328,1449,1112,0,17104,135,126.6999969482422,1449,17104,9.300000190734863
2019,382,한국성서대학교,대학,사립,서울,C그룹,90844,19576,110420,139118,25699,164817,0,7,34397,1,8,34397,376,21,397,1692,2464,4156,2944,0,164817,1291,127.6999969482422,4156,164817,2.5999999046325684
2019,383,한국승강기대학교,전문대학,사립,경남,C그룹,15516,261,15777,20148,327,20475,0,0,1637,0,0,1637,0,1,1,962,0,962,849,0,20475,647,31.600000381469727,962,20475,4.900000095367432
2019,384,한국에너지공과대학교,대학,국립,전남,C그룹,0,0,0,0,0,0,0,0,0,0,0,0,0,0,0,0,0,0,0,0,0,0,0.0,0,0,0.0
2019,385,한국열린사이버대학교,대학,사립,서울,B그룹,2295,0,2295,2295,0,2295,0,0,2295,0,0,2295,0,0,0,60,0,60,60,0,2295,4809,0.5,60,2295,2.700000047683716
2019,386,한국영상대학교,전문대학,사립,세종,B그룹,61264,1521,62785,118974,2302,121276,0,1,11669,2,3,11669,77,2,79,3905,431,4336,3428,0,121276,3543,34.20000076293945,4336,121276,3.700000047683716
2019,387,한국예술종합학교,대학,국립,서울,C그룹,118449,69385,187834,198355,83116,281471,8,19,29814,1,28,29814,199,231,430,20782,1103,21885,19709,0,281471,2693,104.5,21885,281471,8.399999618530273
2019,388,한국외국어대학교,대학,사립,서울,A그룹,547034,360833,907867,1323833,567928,1891761,30,44,107007,7,81,107007,1638,647,2285,50129,6668,56797,36543,64,1891761,19919,95.0,56797,1891761,3.0999999046325684
2019,389,한국전력국제원자력대학원대학교,대학원대학,사립,울산,-,2641,3217,5858,2641,3217,5858,2,0,0,0,2,0,5,10,15,432,25,457,457,0,5858,98,59.79999923706055,457,5858,8.5
2019,390,한국전통문화대학교,대학,국립,충남,C그룹,100941,19716,120657,215142,30324,245466,3,13,16680,0,16,16680,134,66,200,11402,4371,15773,8698,0,245466,687,357.29998779296875,15773,245466,6.900000095367432
2019,391,한국정보통신대학교,대학,사립,대전,C그룹,0,0,0,0,0,0,0,0,0,0,0,0,0,0,0,0,0,0,0,0,0,0,0.0,0,0,0.0
2019,392,한국철도대학,전문대학,국립,경기,C그룹,0,0,0,0,0,0,0,0,0,0,0,0,0,0,0,0,0,0,0,0,0,0,0.0,0,0,0.0
2019,393,한국체육대학교,대학,국립,서울,C그룹,88337,14785,103122,137321,19966,157287,2,12,20674,0,14,20674,55,13,68,5700,693,6393,5378,438,157287,3122,50.400001525878906,6393,157287,4.199999809265137
2019,394,한국침례신학대학교,대학,사립,대전,C그룹,108197,69704,177901,186808,87919,274727,4,5,45863,0,9,45863,114,48,162,3642,715,4357,3475,0,274727,2212,124.1999969482422,4357,274727,1.600000023841858
2019,395,한국폴리텍Ⅰ대학서울강서캠퍼스,전문대학,사립,서울,C그룹,6495,0,6495,6506,0,6506,0,0,0,0,0,0,2,0,2,504,0,504,504,0,6506,504,12.899999618530272,504,6506,8.399999618530273
2019,396,한국폴리텍Ⅰ대학서울정수캠퍼스,전문대학,사립,서울,C그룹,9480,15,9495,12010,15,12025,0,0,0,0,0,0,0,0,0,711,0,711,711,0,12025,1432,8.399999618530273,711,12025,6.300000190734863
2019,397,한국폴리텍Ⅰ대학성남캠퍼스,전문대학,사립,경기,C그룹,8322,0,8322,10252,0,10252,0,0,0,0,0,0,0,0,0,637,0,637,615,0,10252,905,11.300000190734863,637,10252,6.599999904632568
2019,398,한국폴리텍Ⅰ대학제주캠퍼스,전문대학,사립,제주,C그룹,5622,0,5622,6766,0,6766,0,0,0,0,0,0,0,0,0,0,0,0,0,0,6766,42,161.10000610351562,0,6766,0.0
2019,399,한국폴리텍Ⅱ대학남인천캠퍼스,전문대학,사립,인천,C그룹,0,0,0,0,0,0,0,0,0,0,0,0,0,0,0,0,0,0,0,0,0,0,0.0,0,0,0.0
2019,400,한국폴리텍Ⅱ대학인천캠퍼스,전문대학,사립,인천,C그룹,5944,0,5944,17834,0,17834,0,0,0,0,0,0,0,0,0,982,0,982,511,0,17834,2262,7.900000095367432,982,17834,5.800000190734863
2019,401,한국폴리텍Ⅱ대학화성캠퍼스,전문대학,사립,경기,C그룹,0,0,0,0,0,0,0,0,0,0,0,0,0,0,0,0,0,0,0,0,0,0,0.0,0,0,0.0
2019,402,한국폴리텍Ⅲ대학강릉캠퍼스,전문대학,사립,강원,C그룹,3739,0,3739,4393,0,4393,0,0,0,0,0,0,5,0,5,448,0,448,440,0,4393,122,36.0,448,4393,11.399999618530272
2019,403,한국폴리텍Ⅲ대학원주캠퍼스,전문대학,사립,강원,C그룹,2406,0,2406,2406,0,2406,0,0,1263,0,0,1263,3,0,3,325,0,325,325,0,2406,51,47.20000076293945,325,2406,15.600000381469728
2019,404,한국폴리텍Ⅲ대학춘천캠퍼스,전문대학,사립,강원,C그룹,9018,0,9018,9018,0,9018,0,0,1263,0,0,1263,15,0,15,384,0,384,364,0,9018,377,23.899999618530277,384,9018,4.400000095367432
2019,405,한국폴리텍Ⅳ대학대전캠퍼스,전문대학,사립,대전,C그룹,7184,0,7184,7719,0,7719,0,0,620,0,0,620,0,0,0,580,714,1294,818,0,7719,970,8.0,1294,7719,20.100000381469727
2019,406,한국폴리텍Ⅳ대학아산캠퍼스,전문대학,사립,충남,C그룹,6196,0,6196,7943,0,7943,0,0,0,0,0,0,0,0,0,284,0,284,284,0,7943,530,15.0,284,7943,3.700000047683716
2019,407,한국폴리텍Ⅳ대학청주캠퍼스,전문대학,사립,충북,C그룹,4835,0,4835,4835,0,4835,0,0,0,0,0,0,0,0,0,859,0,859,859,0,4835,801,6.0,859,4835,21.600000381469727
2019,408,한국폴리텍Ⅳ대학충남캠퍼스,전문대학,사립,충남,C그룹,1,0,1,5416,0,5416,0,0,0,0,0,0,0,0,0,0,0,0,0,0,5416,251,21.600000381469727,0,5416,0.0
2019,409,한국폴리텍Ⅴ대학광주캠퍼스,전문대학,사립,광주,C그룹,10819,0,10819,13414,0,13414,0,0,0,0,0,0,1,0,1,673,0,673,304,0,13414,882,15.199999809265137,673,13414,5.300000190734863
2019,410,한국폴리텍Ⅴ대학순천캠퍼스,전문대학,사립,전남,C그룹,3907,7,3914,4139,9,4148,0,0,0,0,0,0,0,0,0,221,0,221,221,0,4148,23,180.3000030517578,221,4148,5.599999904632568
2019,411,한국폴리텍Ⅴ대학익산캠퍼스,전문대학,사립,전북,C그룹,3176,0,3176,3781,0,3781,0,0,0,0,0,0,0,0,0,179,0,179,162,0,3781,98,38.59999847412109,179,3781,5.0
2019,412,한국폴리텍Ⅴ대학전남캠퍼스,전문대학,사립,전남,C그룹,2500,0,2500,3006,0,3006,0,0,0,0,0,0,0,0,0,227,10,237,210,50,3006,239,12.600000381469728,237,3006,8.600000381469727
2019,413,한국폴리텍Ⅴ대학전북캠퍼스,전문대학,사립,전북,C그룹,4480,0,4480,4498,0,4498,0,0,0,0,0,0,0,0,0,186,0,186,177,0,4498,516,8.699999809265137,186,4498,4.300000190734863
2019,414,한국폴리텍Ⅵ대학구미캠퍼스,전문대학,사립,경북,C그룹,2500,0,2500,7125,0,7125,0,0,0,0,0,0,8,0,8,448,0,448,150,299,7125,548,13.0,448,7125,6.699999809265137
2019,415,한국폴리텍Ⅵ대학대구캠퍼스,전문대학,사립,대구,C그룹,13324,0,13324,13324,0,13324,0,0,0,0,0,0,27,0,27,782,0,782,782,782,13324,967,13.800000190734863,782,13324,6.199999809265137
2019,416,한국폴리텍Ⅵ대학영남융합기술캠퍼스,전문대학,사립,대구,C그룹,6585,0,6585,7852,0,7852,0,0,0,0,0,0,0,0,0,786,0,786,786,0,7852,267,29.399999618530277,786,7852,11.100000381469728
2019,417,한국폴리텍Ⅵ대학영주캠퍼스,전문대학,사립,경북,C그룹,1625,0,1625,1846,0,1846,0,0,0,0,0,0,0,0,0,118,0,118,98,118,1846,54,34.20000076293945,118,1846,6.800000190734863
2019,418,한국폴리텍Ⅶ대학동부산캠퍼스,전문대학,사립,부산,C그룹,0,0,0,0,0,0,0,0,0,0,0,0,0,0,0,0,0,0,0,0,0,0,0.0,0,0,0.0
2019,419,한국폴리텍Ⅶ대학부산캠퍼스,전문대학,사립,부산,C그룹,10373,0,10373,13010,0,13010,0,0,0,0,0,0,0,0,0,476,55,531,520,0,13010,957,13.600000381469728,531,13010,4.300000190734863
2019,420,한국폴리텍Ⅶ대학울산캠퍼스,전문대학,사립,울산,C그룹,6797,0,6797,6797,0,6797,0,0,0,0,0,0,0,0,0,378,0,378,378,0,6797,860,7.900000095367432,378,6797,5.900000095367432
2019,421,한국폴리텍Ⅶ대학진주캠퍼스,전문대학,사립,경남,C그룹,0,0,0,0,0,0,0,0,0,0,0,0,0,0,0,0,0,0,0,0,0,0,0.0,0,0,0.0
2019,422,한국폴리텍Ⅶ대학창원캠퍼스,전문대학,사립,경남,C그룹,22028,3,22031,26271,3,26274,0,0,1263,0,0,1263,23,0,23,802,0,802,725,0,26274,1444,18.200000762939453,802,26274,3.0999999046325684
2019,423,한국폴리텍특성화 로봇캠퍼스,전문대학,사립,경북,C그룹,0,0,0,0,0,0,0,0,0,0,0,0,0,0,0,0,0,0,0,0,0,0,0.0,0,0,0.0
2019,424,한국폴리텍특성화 바이오캠퍼스,전문대학,사립,충남,C그룹,3865,0,3865,4929,0,4929,0,0,0,0,0,0,0,0,0,252,0,252,224,0,4929,378,13.0,252,4929,5.400000095367432
2019,425,한국폴리텍특성화 반도체융합캠퍼스,전문대학,사립,경기,C그룹,7590,0,7590,9364,0,9364,0,0,0,0,0,0,450,0,450,450,0,450,440,0,9364,615,15.199999809265137,450,9364,5.0
2019,426,한국폴리텍특성화 항공캠퍼스,전문대학,사립,경남,C그룹,5243,200,5443,5243,200,5443,0,0,0,0,0,0,0,0,0,45,0,45,45,0,5443,523,10.399999618530272,45,5443,0.800000011920929
2019,427,한국학대학원,대학원대학,국립,경기,-,193925,75497,269422,326190,144513,470703,0,21,0,0,21,0,2911,305,3216,3875,6694,10569,8578,0,470703,295,1595.5999755859375,10569,470703,2.299999952316284
2019,428,한국항공대학교,대학,사립,경기,C그룹,108567,47869,156436,177852,61512,239364,7,10,10321,0,17,10321,90,26,116,2317,366,2683,2393,0,239364,4479,53.400001525878906,2683,239364,1.100000023841858
2019,429,한남대학교,대학,사립,대전,A그룹,346097,151024,497121,712013,243663,955676,8,20,68059,0,28,68059,436,51,487,24024,6171,30195,20807,0,955676,13031,73.30000305175781,30195,955676,3.299999952316284
2019,430,한동대학교,대학,사립,경북,C그룹,109405,95879,205284,158230,117914,276144,13,7,43944,1,21,43944,60,70,130,4709,2394,7103,4618,0,276144,4343,63.59999847412109,7103,276144,2.5999999046325684
2019,431,한라대학교,대학,사립,강원,C그룹,107386,51139,158525,169812,51633,221445,8,4,91359,5,17,91359,88,0,88,6498,412,6910,6265,0,221445,3845,57.59999847412109,6910,221445,3.200000047683716
2019,432,한려대학교,대학,사립,전남,C그룹,35666,16,35682,97715,16,97731,1,0,86,0,1,86,0,0,0,0,0,0,0,0,97731,553,176.6999969482422,0,97731,0.0
2019,433,한림국제대학원대학교,대학원대학,사립,서울,-,2082,1217,3299,2887,1301,4188,0,0,0,0,0,0,0,0,0,11,9,20,20,110,4188,154,27.200000762939453,20,4188,0.5
2019,434,한림대학교,대학,사립,강원,B그룹,274831,146786,421617,551755,271494,823249,18,13,16390,1,32,16390,481,78,559,12056,3198,15254,9286,1743,823249,8451,97.4000015258789,15254,823249,1.899999976158142
2019,435,한림성심대학교,전문대학,사립,강원,B그룹,88315,4838,93153,147639,7601,155240,2,3,12284,9,14,12284,212,1,213,4622,1145,5767,3042,0,155240,3158,49.20000076293945,5767,155240,3.900000095367432
2019,436,한민학교,대학,사립,충남,C그룹,0,0,0,0,0,0,0,0,0,0,0,0,0,0,0,0,0,0,0,0,0,0,0.0,0,0,0.0
2019,437,한반도국제대학원대학교,대학원대학,사립,서울,-,11335,1492,12827,11504,1501,13005,0,0,0,0,0,0,0,0,0,31,124,155,152,0,13005,82,158.60000610351562,155,13005,1.2000000476837158
2019,438,한북대학교,대학,사립,경기,C그룹,0,0,0,0,0,0,0,0,0,0,0,0,0,0,0,0,0,0,0,0,0,0,0.0,0,0,0.0
2019,439,한서대학교,대학,사립,충남,B그룹,212621,244965,457586,337782,334393,672175,2,9,34934,5,16,34934,138,38,176,12847,6482,19329,16038,0,672175,7680,87.5,19329,672175,3.0
2019,440,한성대학교,대학,사립,서울,B그룹,388901,131345,520246,572949,161099,734048,9,14,98574,6,29,98574,1682,49,1731,15455,143,15598,14863,13203,734048,7380,99.5,15598,734048,2.200000047683716
2019,441,한세대학교,대학,사립,경기,C그룹,131210,91314,222524,245238,99579,344817,1,3,76632,3,7,76632,214,41,255,161050,758,161808,7014,0,344817,3608,95.5999984741211,161808,344817,88.4000015258789
2019,442,한신대학교,대학,사립,경기,B그룹,190057,97160,287217,372874,147784,520658,7,8,9116,1,16,9116,270,63,333,8500,2107,10607,6977,4764,520658,5509,94.5,10607,520658,2.0999999046325684
2019,443,한양대학교,대학,사립,서울,A그룹,647958,429027,1076985,1056610,626671,1683281,49,64,158718,7,120,158718,585,281,866,35651,13229,48880,41102,0,1683281,22643,74.30000305175781,48880,1683281,3.0
2019,444,한양대학교(ERICA),대학,사립,경기,A그룹,423984,183819,607803,723203,253023,976226,15,12,223559,2,29,223559,119,90,209,18414,5372,23786,22088,193,976226,10087,96.8000030517578,23786,976226,2.5
2019,445,한양여자대학교,전문대학,사립,서울,A그룹,87056,40693,127749,187446,45017,232463,6,4,41320,3,13,41320,80,5,85,8164,20248,28412,24434,0,232463,6495,35.79999923706055,28412,232463,13.899999618530272
2019,446,한영대학교,전문대학,사립,전남,C그룹,14743,318,15061,27763,432,28195,0,1,0,0,1,0,84,0,84,747,0,747,692,0,28195,1365,20.700000762939453,747,28195,2.700000047683716
2019,447,한일장신대학교,대학,사립,전북,C그룹,99858,19154,119012,183891,26248,210139,5,6,11271,0,11,11271,72,9,81,1819,565,2384,1812,315,210139,1178,178.39999389648438,2384,210139,1.100000023841858
2019,448,한중대학교,대학,사립,강원,C그룹,0,0,0,0,0,0,0,0,0,0,0,0,0,0,0,0,0,0,0,0,0,0,0.0,0,0,0.0
2019,449,합동신학대학원대학교,대학원대학,사립,경기,-,68033,59644,127677,100271,71741,172012,3,9,44080,0,12,44080,126,76,202,1777,5208,6985,6241,0,172012,299,575.2999877929688,6985,172012,4.199999809265137
2019,450,해군사관학교,기타,기타,경남,-,142255,44602,186857,202175,51515,253690,5,11,8442,1,17,8442,210,24,234,9361,2672,12033,10259,0,253690,0,0.0,12033,253690,5.0
2019,451,협성대학교,대학,사립,경기,C그룹,179985,115081,295066,273060,154656,427716,0,16,98490,4,20,98490,240,47,287,6783,1205,7988,6147,0,427716,4732,90.4000015258789,7988,427716,1.899999976158142
2019,452,혜전대학교,전문대학,사립,충남,B그룹,98115,4143,102258,165220,5336,170556,0,2,7369,1,3,7369,71,0,71,13553,798,14351,4803,0,170556,2859,59.70000076293945,14351,170556,9.199999809265137
2019,453,호남대학교,대학,사립,광주,B그룹,218528,160387,378915,408564,291764,700328,7,10,47002,6,23,47002,214,94,308,20308,1606,21914,17858,0,700328,7914,88.5,21914,700328,3.200000047683716
2019,454,호남신학대학교,대학,사립,광주,C그룹,78696,76861,155557,110486,82115,192601,2,8,61351,0,10,61351,201,39,240,16040,415,16455,16424,0,192601,951,202.5,16455,192601,9.300000190734863
2019,455,호산대학교,전문대학,사립,경북,C그룹,48535,1434,49969,79286,2178,81464,2,4,4658,0,6,4658,28,0,28,2381,295,2676,2610,0,81464,2040,39.900001525878906,2676,81464,3.400000095367432
2019,456,호서대학교,대학,사립,충남,A그룹,338608,255944,594552,734109,352350,1086459,13,34,198240,6,53,198240,297,5,302,27065,6185,33250,21517,0,1086459,13087,83.0,33250,1086459,3.200000047683716
2019,457,호원대학교,대학,사립,전북,B그룹,246123,75243,321366,386338,93080,479418,7,10,37666,4,21,37666,163,3,166,12027,234,12261,8066,12093,479418,5592,85.69999694824219,12261,479418,2.5999999046325684
2019,458,홍익대학교,대학,사립,서울,A그룹,877131,251094,1128225,1559672,378081,1937753,36,41,75493,12,89,75493,852,265,1117,44719,8163,52882,44571,13096,1937753,21699,89.30000305175781,52882,1937753,2.799999952316284
2019,459,화성의과학대학교,대학,사립,경기,C그룹,10045,40,10085,18745,40,18785,1,1,0,0,2,0,75,0,75,6,300,306,301,0,18785,660,28.5,306,18785,1.7000000476837158
2019,460,화신사이버대학교,대학,사립,부산,C그룹,5149,0,5149,19014,0,19014,0,0,5149,0,0,5149,0,0,0,434,500,934,332,0,19014,1239,15.300000190734863,934,19014,5.199999809265137
2019,461,횃불트리니티신학대학원대학교,대학원대학,사립,서울,-,30744,31237,61981,39075,37073,76148,4,5,4847,0,9,4847,97,92,189,1036,16,1052,851,0,76148,387,196.8000030517578,1052,76148,1.399999976158142
