YR,ID,SNM,STYP,FND,RGN,USC,BR_TCNT_KB,BR_TCNT_OB,BR_TCNT_SUM,BR_BCNT_KB,BR_BCNT_OB,BR_BCNT_SUM,ER_EJN_PKG,ER_WDB_PKG,ER_EB_TCNT,ER_ELV_PKG,ER_TTL_PKG,ER_TTL_TCNT,SRL_KR,SRL_OT,SRL_TTL,AHC_ABI_BUY,AHC_ABI_DON,AHC_ABI_TTL,AHC_ATI,AHC_ARM,BPS_BO,BPS_SCC,BPS_BPS,GRR_AHBC,GRR_BO,GRR_GRR
2014,1,ICT폴리텍대학,전문대학,사립,경기,C그룹,5315,0,5315,7885,0,7885,0,0,0,0,0,0,0,0,0,202,0,202,180,20,7885,325,24.299999237060547,202,7885,2.5999999046325684
2014,2,가야대학교,대학,사립,경남,C그룹,65002,21166,86168,118759,23098,141857,0,2,9556,0,2,11643,1538,69,1607,2664,3179,5843,3881,0,141857,2890,49.09999847412109,5843,141857,4.300000190734863
2014,3,가천대학교,대학,사립,경기,A그룹,290995,122677,413672,725326,163354,888680,44,45,9882,0,89,115441,222,23,245,27629,10544,38173,19821,0,888680,21016,42.29999923706055,38173,888680,4.5
2014,4,가톨릭관동대학교,대학,사립,강원,B그룹,186095,138482,324577,442869,192471,635340,9,9,41493,0,18,94316,780,100,880,10853,2608,13461,8354,0,635340,9993,63.59999847412109,13461,635340,2.200000047683716
2014,5,가톨릭꽃동네대학교,대학,사립,충북,C그룹,31045,1929,32974,43799,2427,46226,1,8,354,0,9,1701,102,1,103,1108,1109,2217,1861,0,46226,569,81.19999694824219,2217,46226,5.0
2014,6,가톨릭대학교,대학,사립,경기,A그룹,343227,176816,520043,636467,327215,963682,75,60,18892,0,135,86202,2702,1003,3705,23818,8644,32462,21611,39,963682,11016,87.5,32462,963682,3.5
2014,7,가톨릭상지대학교,전문대학,사립,경북,C그룹,55663,2499,58162,92216,4282,96498,4,3,7805,0,7,8116,49,0,49,2049,889,2938,2366,0,96498,2066,46.70000076293945,2938,96498,3.0999999046325684
2014,8,감리교신학대학교,대학,사립,서울,C그룹,42893,38972,81865,76020,89169,165189,4,5,41522,0,9,46806,186,70,256,2140,4612,6752,6469,0,165189,1576,104.8000030517578,6752,165189,4.300000190734863
2014,9,강남대학교,대학,사립,경기,B그룹,207624,96871,304495,359854,132556,492410,10,6,7733,0,16,17358,155,123,278,4885,1289,6174,3849,0,492410,7910,62.29999923706055,6174,492410,1.2999999523162842
2014,10,강동대학교,전문대학,사립,충북,B그룹,40236,330,40566,59342,363,59705,1,0,2801,0,1,6110,90,2,92,4518,424,4942,2587,0,59705,4368,13.699999809265137,4942,59705,9.0
2014,11,강릉영동대학교,전문대학,사립,강원,B그룹,32056,2106,34162,46480,2921,49401,1,2,691,0,3,3988,216,3,219,4786,0,4786,2537,0,49401,3057,16.200000762939453,4786,49401,10.699999809265137
2014,12,강서대학교,대학,사립,서울,C그룹,59450,16397,75847,73045,17567,90612,3,10,5722,0,13,9186,210,69,279,1088,690,1778,1576,52,90612,1592,56.900001525878906,1778,90612,2.0
2014,13,강원관광대학교,전문대학,사립,강원,C그룹,27455,184,27639,35898,220,36118,1,0,0,0,1,3297,134,2,136,1890,792,2682,2327,0,36118,1322,27.299999237060547,2682,36118,8.0
2014,14,강원대학교,대학,국립,강원,A그룹,653717,135055,788772,1185180,290603,1475783,42,38,20250,0,80,115510,1538,786,2324,53091,7701,60792,40077,1,1475783,25030,59.0,60792,1475783,4.300000190734863
2014,15,강원도립대학교,전문대학,공립,강원,C그룹,43319,1347,44666,43319,1347,44666,0,0,962,0,0,962,68,0,68,3033,300,3333,3333,0,44666,973,45.900001525878906,3333,44666,8.100000381469727
2014,16,개신대학원대학교,대학원대학,사립,서울,-,10673,5722,16395,10673,5722,16395,0,0,0,0,0,0,54,0,54,644,10,654,0,0,16395,163,100.5999984741211,654,16395,4.199999809265137
2014,17,거제대학교,전문대학,사립,경남,C그룹,39466,1713,41179,55656,1802,57458,0,0,9710,0,0,9710,68,0,68,2925,164,3089,2920,5,57458,1631,35.20000076293945,3089,57458,5.699999809265137
2014,18,건국대학교,대학,사립,서울,A그룹,458764,143000,601764,962551,215701,1178252,31,40,22231,0,71,57139,1298,218,1516,34257,7847,42104,24458,1735,1178252,20328,58.0,42104,1178252,3.700000047683716
2014,19,건국대학교(글로컬),대학,사립,충북,B그룹,229221,53030,282251,451349,92614,543963,14,8,6003,0,22,60374,238,93,331,27184,492,27676,19087,0,543963,9196,59.20000076293945,27676,543963,5.400000095367432
2014,20,건동대학교,대학,사립,경북,C그룹,0,0,0,0,0,0,0,0,0,0,0,0,0,0,0,0,0,0,0,0,0,0,0.0,0,0,0.0
2014,21,건신대학원대학교,대학원대학,사립,대전,-,10197,2926,13123,15213,4587,19800,0,1,0,0,1,0,59,20,79,376,2194,2570,2108,0,19800,161,123.0,2570,19800,14.899999618530272
2014,22,건양대학교,대학,사립,충남,B그룹,145988,34984,180972,245272,127170,372442,16,1,4203,0,17,35048,149,0,149,8999,2702,11701,10883,0,372442,8863,42.0,11701,372442,3.200000047683716
2014,23,경기과학기술대학교,전문대학,사립,경기,A그룹,0,0,0,41710,7682,49392,2,0,5153,0,2,7093,119,49,168,3350,0,3350,0,0,49392,4523,10.899999618530272,3350,49392,7.300000190734863
2014,24,경기대학교,대학,사립,경기,A그룹,510168,72333,582501,965079,153808,1118887,23,27,23085,0,50,71714,1054,198,1252,28763,11886,40649,26266,0,1118887,17227,64.9000015258789,40649,1118887,3.799999952316284
2014,25,경남대학교,대학,사립,경남,A그룹,403863,93722,497585,631092,121344,752436,24,23,130752,0,47,181335,742,108,850,17425,3739,21164,18262,15373,752436,14624,51.5,21164,752436,2.900000095367432
2014,26,경남도립거창대학,전문대학,공립,경남,C그룹,24677,499,25176,36691,550,37241,0,0,1325,0,0,1346,23,0,23,979,0,979,783,0,37241,995,37.400001525878906,979,37241,2.700000047683716
2014,27,경남도립남해대학,전문대학,공립,경남,C그룹,27793,498,28291,34034,519,34553,1,0,318,0,1,341,40,0,40,1176,0,1176,1117,0,34553,950,36.400001525878906,1176,34553,3.5
2014,28,경남정보대학교,전문대학,사립,부산,A그룹,93329,4312,97641,157396,26105,183501,2,5,1781,0,7,7183,232,2,234,7042,1961,9003,4457,0,183501,7321,25.100000381469727,9003,183501,5.199999809265137
2014,29,경동대학교,대학,사립,강원,B그룹,61626,9368,70994,107639,16706,124345,0,0,5462,0,0,5812,287,20,307,2129,1832,3961,2171,0,124345,5801,21.399999618530277,3961,124345,3.299999952316284
2014,30,경민대학교,전문대학,사립,경기,B그룹,71769,6141,77910,106420,8159,114579,5,2,4608,0,7,13866,111,20,131,3708,404,4112,3082,0,114579,4967,23.100000381469727,4112,114579,3.700000047683716
2014,31,경복대학교,전문대학,사립,경기,A그룹,39855,1256,41111,49384,1559,50943,0,4,1473,0,4,1896,207,0,207,5690,152,5842,5439,411,50943,6483,7.900000095367432,5842,50943,13.0
2014,32,경북과학대학교,전문대학,사립,경북,C그룹,41552,11803,53355,58297,13740,72037,2,0,1718,0,2,5113,516,0,516,1029,748,1777,1386,0,72037,1841,39.09999847412109,1777,72037,2.5
2014,33,경북대학교,대학,국립,대구,A그룹,854266,451130,1305396,2139349,938874,3078223,36,41,144906,0,77,188555,1077,1228,2305,48541,8558,57099,35932,34032,3078223,30971,99.4000015258789,57099,3078223,1.899999976158142
2014,34,경북보건대학교,전문대학,사립,경북,C그룹,28097,1127,29224,35170,1362,36532,2,1,4942,0,3,8444,38,2,40,1601,279,1880,1740,0,36532,1307,28.0,1880,36532,5.400000095367432
2014,35,경북외국어대학교,대학,사립,대구,C그룹,0,0,0,0,0,0,0,0,0,0,0,0,0,0,0,0,0,0,0,0,0,0,0.0,0,0,0.0
2014,36,경북전문대학교,전문대학,사립,경북,B그룹,65020,64213,129233,93859,82950,176809,1,0,2546,0,1,5843,113,0,113,3985,755,4740,4322,0,176809,2666,66.30000305175781,4740,176809,2.799999952316284
2014,37,경상국립대학교,대학,국립,경남,A그룹,594111,265869,859980,1195669,419597,1615266,40,29,24252,0,69,59698,1263,423,1686,44553,24330,68883,51254,0,1615266,23945,67.5,68883,1615266,4.5
2014,38,경성대학교,대학,사립,부산,A그룹,357161,145053,502214,635778,194840,830618,22,36,45797,0,58,85869,959,169,1128,26823,8761,35584,21409,41513,830618,14514,57.20000076293945,35584,830618,4.5
2014,39,경안대학원대학교,대학원대학,사립,경북,-,11,1,12,7371,305,7676,0,0,0,0,0,0,5,0,5,0,178,178,166,0,7676,58,132.3000030517578,178,7676,2.400000095367432
2014,40,경운대학교,대학,사립,경북,C그룹,126150,17595,143745,229040,25404,254444,7,4,11449,0,11,18142,438,17,455,8712,2370,11082,7226,30,254444,5387,47.20000076293945,11082,254444,4.599999904632568
2014,41,경인교육대학교,대학,국립,인천,C그룹,169455,10607,180062,441676,19209,460885,2,11,5056,0,13,6578,340,65,405,39065,5193,44258,23660,2633,460885,4440,103.8000030517578,44258,460885,10.600000381469728
2014,42,경인여자대학교,전문대학,사립,인천,B그룹,73466,1859,75325,100272,2319,102591,1,3,15178,0,4,17127,55,17,72,7925,515,8440,4955,8633,102591,4835,21.200000762939453,8440,102591,9.0
2014,43,경일대학교,대학,사립,경북,B그룹,143527,44096,187623,294622,62321,356943,2,0,7584,0,2,11602,199,19,218,10578,1274,11852,5983,15,356943,7620,46.79999923706055,11852,356943,3.400000095367432
2014,44,경찰대학,기타,기타,충남,-,0,0,0,119557,41558,161115,0,8,1486,0,8,1486,196,61,257,3368,413,3781,0,0,161115,474,339.8999938964844,3781,161115,2.400000095367432
2014,45,경희대학교,대학,사립,서울,A그룹,801261,389405,1190666,1883989,582962,2466951,63,46,114514,0,109,216280,746,542,1288,52807,12447,65254,50760,32790,2466951,32137,76.80000305175781,65254,2466951,2.700000047683716
2014,46,계명대학교,대학,사립,대구,A그룹,486911,309775,796686,1406832,393171,1800003,37,42,42756,0,79,143218,1534,372,1906,35680,7173,42853,24623,53,1800003,25911,69.5,42853,1800003,2.400000095367432
2014,47,계명문화대학교,전문대학,사립,대구,A그룹,135279,8537,143816,225836,12741,238577,1,2,2477,0,3,8996,241,8,249,8061,514,8575,7825,0,238577,5332,44.70000076293945,8575,238577,3.700000047683716
2014,48,계약신학대학원대학교,대학원대학,사립,경기,-,12814,0,12814,14417,4148,18565,0,0,691,0,0,691,10,0,10,191,0,191,112,0,18565,66,281.29998779296875,191,18565,1.0
2014,49,계원예술대학교,전문대학,사립,경기,B그룹,64258,29467,93725,67610,30241,97851,2,5,4061,0,7,9106,224,110,334,5363,794,6157,6108,404,97851,2927,33.400001525878906,6157,97851,6.699999809265137
2014,50,고려대학교,대학,사립,서울,A그룹,528499,688676,1217175,1403501,1257757,2661258,100,114,262077,0,214,325185,1483,1589,3072,39268,37327,76595,56679,347,2661258,29387,90.5999984741211,76595,2661258,3.0
2014,51,고려대학교(세종),대학,사립,세종,B그룹,245296,58850,304146,398435,92843,491278,10,7,7152,0,17,10198,337,38,375,5433,4357,9790,8702,127,491278,8017,61.29999923706055,9790,491278,2.0
2014,52,고려사이버대학교,대학,사립,서울,A그룹,3079,0,3079,3079,0,3079,0,1,3079,0,1,4536,0,0,0,0,0,0,0,0,3079,9867,0.3000000119209289,0,3079,0.0
2014,53,고신대학교,대학,사립,부산,C그룹,0,0,0,249649,149336,398985,20,7,4091,0,27,13617,782,252,1034,8040,4037,12077,0,0,398985,5114,78.0,12077,398985,3.0999999046325684
2014,54,공군사관학교,기타,기타,충북,-,0,0,0,168154,36000,204154,3,1,2268,0,4,5152,321,15,336,5542,11656,17198,0,5379,204154,634,322.0,17198,204154,9.199999809265137
2014,55,공주교육대학교,대학,국립,충남,C그룹,106294,4927,111221,274817,9757,284574,3,3,1428,0,6,13777,63,24,87,9307,220,9527,2669,4324,284574,2136,133.1999969482422,9527,284574,3.5
2014,56,과학기술연합대학원대학교,대학원대학,국립,대전,-,0,0,0,2609,100,2709,0,0,2709,0,0,2709,0,0,0,0,0,0,0,0,2709,924,2.900000095367432,0,2709,0.0
2014,57,광신대학교,대학,사립,광주,C그룹,44322,54071,98393,69982,64493,134475,0,2,3926,0,2,3926,160,49,209,182,1768,1950,1608,0,134475,982,136.89999389648438,1950,134475,1.5
2014,58,광양보건대학교,전문대학,사립,전남,C그룹,20705,458,21163,34483,511,34994,0,0,0,0,0,0,60,0,60,1168,345,1513,674,0,34994,1984,17.600000381469727,1513,34994,4.5
2014,59,광운대학교,대학,사립,서울,B그룹,230162,56215,286377,453612,103529,557141,23,18,13183,0,41,63186,370,112,482,18172,2474,20646,10535,30000,557141,10605,52.5,20646,557141,3.799999952316284
2014,60,광주가톨릭대학교,대학,사립,전남,C그룹,82447,53966,136413,120928,68006,188934,2,5,15805,0,7,20625,60,79,139,2201,1398,3599,3317,0,188934,111,1702.0999755859375,3599,188934,1.899999976158142
2014,61,광주과학기술원,대학,국립,광주,C그룹,0,0,0,0,0,0,0,0,0,0,0,0,0,0,0,0,0,0,0,0,0,0,0.0,0,0,0.0
2014,62,광주교육대학교,대학,국립,광주,C그룹,129030,11859,140889,261097,11859,272956,0,3,7662,0,3,7662,264,48,312,8315,1006,9321,4419,0,272956,2279,119.8000030517578,9321,272956,3.5
2014,63,광주대학교,대학,사립,광주,B그룹,214872,40394,255266,397067,64762,461829,3,10,3182,0,13,28329,409,59,468,5570,590,6160,3827,6683,461829,8073,57.20000076293945,6160,461829,1.399999976158142
2014,64,광주보건대학교,전문대학,사립,광주,B그룹,89444,5545,94989,173663,10465,184128,3,3,129,0,6,4269,222,42,264,3642,336,3978,2046,0,184128,4190,43.900001525878906,3978,184128,2.200000047683716
2014,65,광주여자대학교,대학,사립,광주,C그룹,124371,17190,141561,182798,24655,207453,3,2,34990,0,5,37783,148,20,168,21800,687,22487,11751,0,207453,4386,47.29999923706055,22487,207453,12.199999809265137
2014,66,구미대학교,전문대학,사립,경북,A그룹,33794,3672,37466,66137,7806,73943,0,0,1396,0,0,1396,113,0,113,2076,1921,3997,1421,0,73943,5498,13.399999618530272,3997,73943,5.699999809265137
2014,67,구세군사관대학원대학교,대학원대학,사립,경기,-,0,0,0,20127,1776,21903,0,0,0,0,0,0,116,7,123,287,355,642,408,0,21903,24,912.5999755859376,642,21903,3.0
2014,68,국군간호사관학교,기타,기타,대전,-,50992,2847,53839,55369,3020,58389,0,2,0,0,2,0,469,12,481,1877,701,2578,2185,46,58389,321,181.8999938964844,2578,58389,4.599999904632568
2014,69,국립강릉원주대학교,대학,국립,강원,B그룹,326019,84559,410578,595592,166320,761912,16,11,36332,0,27,70017,638,397,1035,30155,11548,41703,20349,0,761912,8932,85.30000305175781,41703,761912,5.800000190734863
2014,70,국립경국대학교,대학,국립,경북,B그룹,330372,74996,405368,666433,107331,773764,15,16,19845,0,31,30890,494,53,547,15800,5498,21298,13995,0,773764,8422,91.9000015258789,21298,773764,2.799999952316284
2014,71,국립공주대학교,대학,국립,충남,A그룹,470020,92049,562069,1003154,166543,1169697,22,23,38879,0,45,77835,656,128,784,35744,3751,39495,20562,0,1169697,17185,68.0999984741211,39495,1169697,3.5
2014,72,국립군산대학교,대학,국립,전북,B그룹,225463,44457,269920,494062,90665,584727,10,9,3025,0,19,12364,167,86,253,11039,4894,15933,9000,0,584727,8879,65.9000015258789,15933,584727,2.799999952316284
2014,73,국립금오공과대학교,대학,국립,경북,B그룹,145631,32410,178041,324282,56763,381045,16,9,5854,0,25,15136,253,94,347,17385,3129,20514,11707,0,381045,7466,51.0,20514,381045,5.699999809265137
2014,74,국립목포대학교,대학,국립,전남,B그룹,225968,86077,312045,437304,130656,567960,11,19,9770,0,30,49258,279,75,354,15391,5034,20425,12364,0,567960,9363,60.70000076293945,20425,567960,3.700000047683716
2014,75,국립목포해양대학교,대학,국립,전남,C그룹,81829,8178,90007,167322,20046,187368,9,9,17343,0,18,25513,96,65,161,5940,1458,7398,4064,0,187368,2638,71.0,7398,187368,4.099999904632568
2014,76,국립부경대학교,대학,국립,부산,A그룹,291657,132142,423799,872411,194199,1066610,21,22,26275,0,43,57564,1743,297,2040,19086,15504,34590,28020,0,1066610,19944,53.5,34590,1066610,3.400000095367432
2014,77,국립순천대학교,대학,국립,전남,B그룹,291831,78476,370307,599774,123571,723345,24,27,17177,0,51,87446,370,129,499,25847,5736,31583,25368,0,723345,8747,82.69999694824219,31583,723345,4.599999904632568
2014,78,국립암센터국제암대학원대학교,대학원대학,국립,경기,-,0,0,0,0,0,0,0,0,0,0,0,0,0,0,0,0,0,0,0,0,0,0,0.0,0,0,0.0
2014,79,국립창원대학교,대학,국립,경남,B그룹,239962,52333,292295,515012,115731,630743,14,12,30964,0,26,42010,674,263,937,10857,5599,16456,12423,0,630743,10578,59.59999847412109,16456,630743,2.700000047683716
2014,80,국립한국교통대학교,대학,국립,충북,B그룹,247733,38737,286470,499603,61449,561052,10,10,5992,0,20,20982,1918,320,2238,17840,1268,19108,9281,7055,561052,9885,56.79999923706055,19108,561052,3.5
2014,81,국립한국해양대학교,대학,국립,부산,B그룹,144286,83111,227397,356880,141206,498086,9,15,20055,0,24,48610,375,93,468,19293,9793,29086,20948,0,498086,7843,63.5,29086,498086,6.199999809265137
2014,82,국립한밭대학교,대학,국립,대전,B그룹,200761,55539,256300,421945,76532,498477,9,8,1010,0,17,27411,361,83,444,13783,2401,16184,9544,0,498477,8964,55.59999847412109,16184,498477,3.400000095367432
2014,83,국민대학교,대학,사립,서울,A그룹,362060,134958,497018,873698,216728,1090426,26,42,43427,0,68,89442,1081,428,1509,40890,4627,45517,29081,244,1090426,18224,59.79999923706055,45517,1090426,4.400000095367432
2014,84,국방대학교,기타,기타,충남,-,0,0,0,272763,57348,330111,0,11,9572,0,11,9617,429,183,612,4484,4124,8608,6139,0,330111,0,0.0,8608,330111,2.700000047683716
2014,85,국제뇌교육종합대학원대학교,대학원대학,사립,충남,-,14655,529,15184,17489,529,18018,0,1,0,0,1,0,18,1,19,18,300,318,58,0,18018,246,73.19999694824219,318,18018,1.7999999523162842
2014,86,국제대학교,전문대학,사립,경기,B그룹,27939,736,28675,49096,753,49849,4,2,14513,0,6,27198,97,0,97,3039,1564,4603,3260,0,49849,4431,11.300000190734863,4603,49849,10.199999809265137
2014,87,국제문화대학원대학교,대학원대학,사립,충남,-,3463,291,3754,5969,497,6466,0,0,0,0,0,0,10,0,10,0,10,10,10,0,6466,18,359.20001220703125,10,6466,0.2000000029802322
2014,88,국제법률경영대학원대학교,대학원대학,사립,경기,-,1283,2703,3986,2252,4837,7089,1,0,0,0,1,0,0,0,0,0,100,100,100,11,7089,88,80.5999984741211,100,7089,1.399999976158142
2014,89,국제사이버대학교,대학,사립,경기,C그룹,0,0,0,9390,0,9390,0,0,9390,0,0,9390,0,0,0,0,0,0,0,0,9390,2125,4.400000095367432,0,9390,0.0
2014,90,국제언어대학원대학교,대학원대학,사립,서울,-,2404,11076,13480,2501,12473,14974,1,0,90,0,1,111,17,37,54,596,0,596,587,1785,14974,93,161.0,596,14974,4.099999904632568
2014,91,국제예술대학교,기타,기타,서울,-,5,1,6,1001,26,1027,0,0,0,0,0,0,0,0,0,26,25,51,4,26,1027,424,2.400000095367432,51,1027,5.199999809265137
2014,92,군산간호대학교,전문대학,사립,전북,C그룹,21410,1926,23336,32667,2159,34826,0,2,2167,0,2,2167,32,0,32,1953,844,2797,2107,0,34826,1113,31.299999237060547,2797,34826,8.699999809265137
2014,93,군장대학교,전문대학,사립,전북,C그룹,40962,154,41116,72232,207,72439,1,1,4062,0,2,7972,24,1,25,1318,100,1418,1194,0,72439,2107,34.400001525878906,1418,72439,2.0
2014,94,극동대학교,대학,사립,충북,C그룹,41395,25657,67052,64946,28980,93926,1,2,10549,0,3,13846,109,15,124,8161,0,8161,5368,0,93926,4370,21.5,8161,93926,9.5
2014,95,글로벌사이버대학교,대학,사립,충남,C그룹,424,2,426,1389,2,1391,0,1,464,0,1,1240,0,0,0,0,34,34,28,0,1391,2195,0.6000000238418579,34,1391,2.5
2014,96,금강대학교,대학,사립,충남,C그룹,42103,21368,63471,68914,34689,103603,0,3,1509,0,3,1509,70,12,82,538,5219,5757,5757,0,103603,473,219.0,5757,103603,5.900000095367432
2014,97,기독간호대학교,전문대학,사립,광주,C그룹,22700,560,23260,24655,4898,29553,0,1,46,0,1,46,44,0,44,486,536,1022,855,0,29553,579,51.0,1022,29553,3.5999999046325684
2014,98,김천대학교,대학,사립,경북,C그룹,68674,1589,70263,84631,2252,86883,2,0,0,0,2,3395,129,9,138,2265,607,2872,1488,7,86883,3499,24.799999237060547,2872,86883,3.400000095367432
2014,99,김포대학교,전문대학,사립,경기,C그룹,56738,2410,59148,93649,2772,96421,3,1,9788,0,4,15113,131,14,145,6198,242,6440,3365,0,96421,3400,28.399999618530277,6440,96421,7.199999809265137
2014,100,김해대학교,전문대학,사립,경남,C그룹,12671,32,12703,14542,33,14575,1,0,0,0,1,1678,34,0,34,1298,1048,2346,1878,0,14575,1532,9.5,2346,14575,19.200000762939453
2014,101,나사렛대학교,대학,사립,충남,B그룹,131232,49767,180999,196475,56069,252544,5,6,41984,0,11,59107,129,71,200,9928,249,10177,6014,0,252544,6278,40.20000076293945,10177,252544,4.199999809265137
2014,102,나주대학교,전문대학,사립,전남,C그룹,9008,10,9018,23475,10,23485,0,0,0,0,0,0,118,0,118,320,615,935,522,0,23485,2089,11.199999809265137,935,23485,4.099999904632568
2014,103,남부대학교,대학,사립,광주,C그룹,64182,719,64901,64442,788,65230,4,3,2540,0,7,9048,122,10,132,11374,338,11712,7331,0,65230,3572,18.299999237060547,11712,65230,21.899999618530277
2014,104,남서울대학교,대학,사립,충남,B그룹,286716,114720,401436,554002,150186,704188,5,8,28376,0,13,57508,872,96,968,7966,1066,9032,6106,0,704188,10972,64.19999694824219,9032,704188,1.2999999523162842
2014,105,농협대학교,전문대학,사립,경기,C그룹,20010,5443,25453,43131,6351,49482,2,0,701,0,2,5676,29,9,38,788,555,1343,1261,4097,49482,490,101.0,1343,49482,2.799999952316284
2014,106,능인대학원대학교,대학원대학,사립,경기,-,0,0,0,0,0,0,0,0,0,0,0,0,0,0,0,0,0,0,0,0,0,0,0.0,0,0,0.0
2014,107,단국대학교,대학,사립,경기,A그룹,824987,287017,1112004,1393501,485696,1879197,44,37,28528,0,81,70688,958,273,1231,52271,12042,64313,46814,0,1879197,28912,65.0,64313,1879197,3.5
2014,108,대경대학교,전문대학,사립,경북,B그룹,18576,489,19065,31825,657,32482,0,3,378,0,3,472,78,0,78,1523,786,2309,1575,0,32482,3935,8.300000190734863,2309,32482,7.699999809265137
2014,109,대구가톨릭대학교,대학,사립,경북,A그룹,450127,243814,693941,895046,341811,1236857,42,31,27310,0,73,65348,1666,387,2053,38091,7963,46054,28298,0,1236857,15506,79.80000305175781,46054,1236857,3.900000095367432
2014,110,대구경북과학기술원,대학,국립,대구,C그룹,28266,32401,60667,31108,33082,64190,35,15,23440,0,50,38256,41,20,61,17839,100,17939,17852,0,64190,416,154.3000030517578,17939,64190,38.79999923706055
2014,111,대구공업대학교,전문대학,사립,대구,C그룹,51893,2141,54034,92156,3029,95185,0,3,3091,0,3,3330,145,5,150,1122,856,1978,983,0,95185,2263,42.09999847412109,1978,95185,2.0999999046325684
2014,112,대구과학대학교,전문대학,사립,대구,A그룹,66095,1802,67897,125114,2794,127908,1,1,2245,0,2,4170,122,1,123,5411,0,5411,4602,0,127908,4500,28.399999618530277,5411,127908,4.400000095367432
2014,113,대구교육대학교,대학,국립,대구,C그룹,126725,12057,138782,260894,21895,282789,0,8,1788,0,8,1788,468,128,596,7669,994,8663,4774,0,282789,2677,105.5999984741211,8663,282789,3.200000047683716
2014,114,대구대학교,대학,사립,경북,A그룹,465415,225249,690664,1138766,412720,1551486,7,12,22586,0,19,31824,1528,244,1772,19037,6316,25353,14590,23987,1551486,21803,71.19999694824219,25353,1551486,1.7000000476837158
2014,115,대구미래대학교,전문대학,사립,경북,C그룹,0,0,0,88178,2977,91155,1,0,865,0,1,2512,65,0,65,197,0,197,178,0,91155,1314,69.4000015258789,197,91155,0.2000000029802322
2014,116,대구보건대학교,전문대학,사립,대구,A그룹,58769,11195,69964,150103,20899,171002,1,8,3044,0,9,3393,174,15,189,8009,0,8009,2242,0,171002,6996,24.399999618530277,8009,171002,4.900000095367432
2014,117,대구사이버대학교,대학,사립,경북,C그룹,14120,0,14120,14213,0,14213,5,0,14213,0,5,14218,0,0,0,1353,0,1353,1322,0,14213,4005,3.5,1353,14213,10.5
2014,118,대구예술대학교,대학,사립,경북,C그룹,37472,0,37472,83266,1849,85115,0,0,2124,0,0,2124,58,5,63,487,417,904,502,0,85115,1507,56.5,904,85115,1.100000023841858
2014,119,대구외국어대학교,대학,사립,경북,C그룹,14458,349,14807,27590,1455,29045,0,0,0,0,0,0,66,5,71,1632,358,1990,1365,0,29045,333,87.19999694824219,1990,29045,7.400000095367432
2014,120,대구한의대학교,대학,사립,경북,B그룹,235368,60252,295620,428142,99378,527520,8,6,13424,0,14,22208,458,36,494,9602,3428,13030,8007,28,527520,7524,70.0999984741211,13030,527520,2.5
2014,121,대덕대학교,전문대학,사립,대전,C그룹,39456,1046,40502,65579,1433,67012,1,0,6411,0,1,9710,125,4,129,2836,184,3020,1556,7061,67012,4593,14.600000381469728,3020,67012,4.699999809265137
2014,122,대동대학교,전문대학,사립,부산,C그룹,35232,1040,36272,38478,1108,39586,1,3,1858,0,4,12998,101,10,111,2420,249,2669,2375,0,39586,1701,23.299999237060547,2669,39586,7.199999809265137
2014,123,대림대학교,전문대학,사립,경기,A그룹,63723,6075,69798,97874,7261,105135,3,2,2861,0,5,7929,171,17,188,2700,447,3147,2768,0,105135,6777,15.5,3147,105135,3.0999999046325684
2014,124,대신대학교,대학,사립,경북,C그룹,74242,7494,81736,94823,8200,103023,1,3,1219,0,4,1221,189,15,204,3453,1065,4518,3952,0,103023,549,187.6999969482422,4518,103023,4.599999904632568
2014,125,대원대학교,전문대학,사립,충북,C그룹,37998,3504,41502,55397,3990,59387,1,0,3414,0,1,7136,294,2,296,2386,1066,3452,2687,0,59387,2768,21.5,3452,59387,6.199999809265137
2014,126,대전가톨릭대학교,대학,사립,세종,C그룹,80623,33473,114096,95646,35311,130957,2,2,331,0,4,639,95,86,181,3951,901,4852,4158,0,130957,119,1100.5,4852,130957,3.799999952316284
2014,127,대전과학기술대학교,전문대학,사립,대전,B그룹,72486,98673,171159,146224,169064,315288,2,2,1693,0,4,8355,207,21,228,4322,3101,7423,4469,0,315288,4564,69.0999984741211,7423,315288,2.400000095367432
2014,128,대전대학교,대학,사립,대전,B그룹,283463,52767,336230,458660,96036,554696,12,10,11872,0,22,50141,637,109,746,16039,4436,20475,17627,0,554696,10915,50.79999923706055,20475,554696,3.799999952316284
2014,129,대전보건대학교,전문대학,사립,대전,A그룹,63231,7235,70466,111193,10016,121209,3,6,7301,0,9,22900,148,43,191,4948,3,4951,2182,0,121209,5917,20.5,4951,121209,4.300000190734863
2014,130,대전신학대학교,대학,사립,대전,C그룹,36609,6587,43196,58213,7916,66129,0,3,100,0,3,100,154,14,168,891,1284,2175,1368,0,66129,329,201.0,2175,66129,3.400000095367432
2014,131,대진대학교,대학,사립,경기,B그룹,202030,89980,292010,420181,149738,569919,6,18,17563,0,24,26111,277,20,297,8871,6646,15517,12090,0,569919,8682,65.5999984741211,15517,569919,2.799999952316284
2014,132,대한신학대학원대학교,대학원대학,사립,경기,-,7405,1931,9336,13183,2699,15882,0,0,0,0,0,0,20,0,20,10,3,13,9,3,15882,214,74.19999694824219,13,15882,0.1000000014901161
2014,133,덕성여자대학교,대학,사립,서울,B그룹,310998,71936,382934,541525,134401,675926,22,19,122955,0,41,162693,688,143,831,17262,5618,22880,17055,375,675926,6710,100.6999969482422,22880,675926,3.5
2014,134,동강대학교,전문대학,사립,광주,B그룹,91821,8507,100328,124993,9887,134880,1,2,4429,0,3,7493,222,10,232,2865,489,3354,2040,0,134880,3758,35.900001525878906,3354,134880,2.5999999046325684
2014,135,동국대학교,대학,사립,서울,A그룹,733006,157748,890754,1136049,225664,1361713,33,50,27226,0,83,105336,1244,615,1859,30032,11327,41359,37506,1014,1361713,17349,78.5,41359,1361713,3.0999999046325684
2014,136,동국대학교 WISE캠퍼스,대학,사립,경북,B그룹,399570,42790,442360,665988,61129,727117,16,9,5299,0,25,19152,629,124,753,16284,909,17193,15738,4,727117,9151,79.5,17193,727117,2.400000095367432
2014,137,동남보건대학교,전문대학,사립,경기,A그룹,64293,7263,71556,104786,9252,114038,0,4,5872,0,4,6227,61,0,61,3261,474,3735,2459,0,114038,5036,22.600000381469727,3735,114038,3.400000095367432
2014,138,동덕여자대학교,대학,사립,서울,B그룹,188759,85521,274280,398105,117719,515824,17,29,54757,0,46,122883,341,255,596,19957,1533,21490,11907,159,515824,8493,60.70000076293945,21490,515824,4.300000190734863
2014,139,동명대학교,대학,사립,부산,B그룹,258031,32520,290551,346602,38497,385099,3,1,4162,0,4,10034,95,35,130,20464,4526,24990,22565,0,385099,9537,40.400001525878906,24990,385099,6.900000095367432
2014,140,동방문화대학원대학교,대학원대학,사립,서울,-,16059,2734,18793,18156,2737,20893,2,0,0,0,2,2,11,0,11,307,429,736,536,0,20893,235,88.9000015258789,736,20893,3.700000047683716
2014,141,동부산대학교,전문대학,사립,부산,C그룹,95045,12538,107583,116395,13171,129566,0,1,3299,0,1,3311,256,2,258,8730,663,9393,6811,0,129566,2978,43.5,9393,129566,7.800000190734863
2014,142,동서대학교,대학,사립,부산,B그룹,205454,50264,255718,404904,84332,489236,8,6,14610,0,14,22992,580,91,671,7146,3368,10514,6492,0,489236,11783,41.5,10514,489236,2.200000047683716
2014,143,동서울대학교,전문대학,사립,경기,A그룹,86540,8713,95253,187079,9738,196817,2,1,7714,0,3,16893,98,0,98,7615,150,7765,4627,3299,196817,6195,31.799999237060547,7765,196817,4.099999904632568
2014,144,동신대학교,대학,사립,전남,B그룹,413422,80271,493693,510793,88977,599770,7,6,10445,0,13,32117,276,41,317,7928,3346,11274,10390,0,599770,7619,78.69999694824219,11274,599770,1.899999976158142
2014,145,동아대학교,대학,사립,부산,A그룹,670464,116046,786510,1045431,180946,1226377,33,36,25580,0,69,47449,603,573,1176,24888,4528,29416,16355,5897,1226377,23773,51.59999847412109,29416,1226377,2.5
2014,146,동아방송예술대학교,전문대학,사립,경기,B그룹,46447,2458,48905,55142,2677,57819,2,5,1866,0,7,7114,64,7,71,3019,793,3812,3360,0,57819,3015,19.200000762939453,3812,57819,7.099999904632568
2014,147,동아보건대학교,전문대학,사립,전남,C그룹,25244,2210,27454,28549,2210,30759,0,0,197,0,0,219,3,0,3,2904,335,3239,2696,0,30759,2114,14.600000381469728,3239,30759,11.800000190734863
2014,148,동양대학교,대학,사립,경북,C그룹,138410,38889,177299,226871,42575,269446,7,0,15167,0,7,27270,290,43,333,9030,601,9631,5172,103262,269446,4911,54.900001525878906,9631,269446,3.700000047683716
2014,149,동양미래대학교,전문대학,사립,서울,A그룹,143861,16318,160179,215494,21526,237020,4,4,4810,0,8,9685,258,78,336,6334,742,7076,5538,0,237020,6508,36.400001525878906,7076,237020,3.0999999046325684
2014,150,동우대학,전문대학,사립,강원,B그룹,0,0,0,0,0,0,0,0,0,0,0,0,0,0,0,0,0,0,0,0,0,0,0.0,0,0,0.0
2014,151,동원과학기술대학교,전문대학,사립,경남,B그룹,45892,1217,47109,71304,2698,74002,0,0,1250,0,0,1250,82,2,84,2317,629,2946,2099,680,74002,2351,31.5,2946,74002,4.099999904632568
2014,152,동원대학교,전문대학,사립,경기,B그룹,61078,1870,62948,98175,3102,101277,0,1,8839,0,1,9012,132,7,139,7483,526,8009,6827,0,101277,3920,25.799999237060547,8009,101277,8.600000381469727
2014,153,동의과학대학교,전문대학,사립,부산,B그룹,80020,5923,85943,126893,7665,134558,3,2,6580,0,5,13777,227,25,252,4380,2051,6431,4969,0,134558,5795,23.200000762939453,6431,134558,5.0
2014,154,동의대학교,대학,사립,부산,A그룹,378001,148424,526425,795656,266652,1062308,12,10,15416,0,22,28763,643,161,804,23529,4486,28015,16196,0,1062308,18496,57.400001525878906,28015,1062308,2.700000047683716
2014,155,두원공과대학교,전문대학,사립,경기,B그룹,54506,8512,63018,101359,9895,111254,0,1,505,0,1,520,148,50,198,3524,0,3524,1919,0,111254,6105,18.200000762939453,3524,111254,3.299999952316284
2014,156,디지털서울문화예술대학교,대학,사립,서울,C그룹,1729,0,1729,9149,0,9149,0,0,9149,0,0,9149,0,0,0,2206,0,2206,288,0,9149,3439,2.700000047683716,2206,9149,31.799999237060547
2014,157,루터대학교,대학,사립,경기,C그룹,18322,6892,25214,25715,9761,35476,0,3,0,0,3,1678,40,25,65,538,9,547,328,0,35476,493,72.0,547,35476,1.600000023841858
2014,158,마산대학교,전문대학,사립,경남,A그룹,57728,1236,58964,99321,1404,100725,1,3,4765,0,4,8104,135,0,135,7162,376,7538,3458,0,100725,6333,15.899999618530272,7538,100725,8.100000381469727
2014,159,명신대학교,대학,사립,전남,C그룹,0,0,0,0,0,0,0,0,0,0,0,0,0,0,0,0,0,0,0,0,0,0,0.0,0,0,0.0
2014,160,명지대학교,대학,사립,서울,A그룹,500440,103621,604061,915863,258802,1174665,33,22,83586,0,55,140310,838,164,1002,30816,3662,34478,28617,45622,1174665,17271,68.0,34478,1174665,3.0
2014,161,명지전문대학,전문대학,사립,서울,A그룹,88756,10544,99300,165839,13340,179179,3,2,3262,0,5,7334,427,43,470,8354,945,9299,6816,0,179179,7640,23.5,9299,179179,5.5
2014,162,목원대학교,대학,사립,대전,B그룹,177638,103231,280869,326055,164998,491053,14,19,15385,0,33,52387,751,114,865,13420,6644,20064,13038,26,491053,9977,49.20000076293945,20064,491053,4.300000190734863
2014,163,목포가톨릭대학교,대학,사립,전남,C그룹,28266,3385,31651,34897,3458,38355,2,0,2725,0,2,7700,280,12,292,1315,535,1850,1644,0,38355,539,71.19999694824219,1850,38355,5.099999904632568
2014,164,목포과학대학교,전문대학,사립,전남,B그룹,48774,4401,53175,59301,5618,64919,1,1,2142,0,2,4128,50,0,50,3651,340,3991,3456,1502,64919,3154,20.600000381469727,3991,64919,6.599999904632568
2014,165,문경대학교,전문대학,사립,경북,C그룹,31461,171,31632,35096,186,35282,2,0,667,0,2,4162,106,2,108,1161,509,1670,1322,750,35282,914,38.59999847412109,1670,35282,5.0
2014,166,배재대학교,대학,사립,대전,B그룹,159906,59105,219011,332692,106485,439177,12,6,12982,0,18,25320,503,192,695,14348,6078,20426,13685,58,439177,10540,41.70000076293945,20426,439177,4.900000095367432
2014,167,배화여자대학교,전문대학,사립,서울,B그룹,66064,5445,71509,127379,6937,134316,2,1,3145,0,3,8369,174,19,193,5187,221,5408,2982,2065,134316,3098,43.400001525878906,5408,134316,4.199999809265137
2014,168,백석대학교,대학,사립,충남,A그룹,258892,138634,397526,541380,170782,712162,9,13,43802,0,22,53297,340,179,519,23189,8494,31683,23754,0,712162,15700,45.400001525878906,31683,712162,4.699999809265137
2014,169,백석문화대학교,전문대학,사립,충남,A그룹,73755,13936,87691,147387,18546,165933,4,7,2347,0,11,4560,48,11,59,4386,550,4936,4470,0,165933,6267,26.5,4936,165933,3.0999999046325684
2014,170,백석예술대학,전문대학,사립,서울,A그룹,0,0,0,0,0,0,0,0,0,0,0,0,0,0,0,0,0,0,0,0,0,0,0.0,0,0,0.0
2014,171,백제예술대학교,전문대학,사립,전북,C그룹,22964,1210,24174,33210,2182,35392,0,0,0,0,0,0,111,0,111,1361,0,1361,1272,0,35392,1925,18.399999618530277,1361,35392,4.0
2014,172,베뢰아국제대학원대학교,대학원대학,사립,서울,-,18172,0,18172,34813,0,34813,0,0,0,0,0,0,33,14,47,725,0,725,396,0,34813,86,404.7999877929688,725,34813,2.0999999046325684
2014,173,벽성대학,전문대학,사립,전북,C그룹,0,0,0,0,0,0,0,0,0,0,0,0,0,0,0,0,0,0,0,0,0,0,0.0,0,0,0.0
2014,174,부산가톨릭대학교,대학,사립,부산,C그룹,150685,36733,187418,221456,52945,274401,5,12,7539,0,17,18593,702,126,828,6534,7550,14084,10970,0,274401,4307,63.70000076293945,14084,274401,5.400000095367432
2014,175,부산경상대학교,전문대학,사립,부산,B그룹,79220,1465,80685,89532,1572,91104,0,1,7754,0,1,7845,139,5,144,3786,352,4138,4000,682,91104,3452,26.399999618530277,4138,91104,4.800000190734863
2014,176,부산과학기술대학교,전문대학,사립,부산,B그룹,91039,4642,95681,126470,5165,131635,0,0,7022,0,0,7022,200,0,200,4667,0,4667,0,0,131635,4685,28.100000381469727,4667,131635,3.700000047683716
2014,177,부산교육대학교,대학,국립,부산,C그룹,0,0,0,241462,18747,260209,0,14,9231,0,14,9234,362,44,406,13216,1051,14267,0,0,260209,2620,99.3000030517578,14267,260209,5.800000190734863
2014,178,부산대학교,대학,국립,부산,A그룹,681846,347474,1029320,1770025,459916,2229941,39,45,116191,0,84,170133,1287,1429,2716,63034,39437,102471,60199,0,2229941,30429,73.30000305175781,102471,2229941,4.800000190734863
2014,179,부산디지털대학교,대학,사립,부산,C그룹,0,0,0,0,0,0,0,0,0,0,0,0,0,0,0,0,0,0,0,0,0,0,0.0,0,0,0.0
2014,180,부산보건대학교,전문대학,사립,부산,B그룹,44584,9680,54264,57768,13946,71714,6,3,9276,0,9,59738,205,1,206,3228,1965,5193,4463,0,71714,3493,20.5,5193,71714,7.800000190734863
2014,181,부산여자대학교,전문대학,사립,부산,C그룹,106091,1506,107597,132867,7112,139979,3,0,691,0,3,4547,112,8,120,5754,515,6269,5898,0,139979,3267,42.79999923706055,6269,139979,4.699999809265137
2014,182,부산예술대학교,전문대학,사립,부산,C그룹,14109,804,14913,21315,804,22119,0,0,0,0,0,0,50,0,50,0,345,345,290,0,22119,867,25.5,345,22119,1.600000023841858
2014,183,부산외국어대학교,대학,사립,부산,B그룹,218949,153995,372944,452870,239332,692202,5,5,29590,0,10,54535,530,86,616,11759,1753,13512,12774,0,692202,9811,70.5999984741211,13512,692202,2.0
2014,184,부산장신대학교,대학,사립,경남,C그룹,34459,4246,38705,52483,5573,58056,3,0,0,0,3,3916,94,23,117,900,1427,2327,1722,0,58056,519,111.9000015258789,2327,58056,4.199999809265137
2014,185,부천대학교,전문대학,사립,경기,A그룹,110651,12532,123183,195589,16705,212294,2,0,10460,0,2,13616,130,28,158,21046,503,21549,10111,0,212294,7840,27.100000381469727,21549,212294,11.300000190734863
2014,186,삼육대학교,대학,사립,서울,B그룹,161034,48530,209564,270092,75691,345783,11,10,5471,0,21,16638,175,191,366,8692,1040,9732,7220,33916,345783,6258,55.29999923706055,9732,345783,2.900000095367432
2014,187,삼육보건대학교,전문대학,사립,서울,C그룹,32344,1756,34100,45630,2198,47828,1,2,1204,0,3,6554,167,14,181,1075,122,1197,1054,0,47828,1248,38.29999923706055,1197,47828,2.5999999046325684
2014,188,상명대학교,대학,사립,서울,A그룹,462955,184490,647445,899218,295839,1195057,19,27,94604,0,46,139499,639,243,882,28970,49574,78544,59315,0,1195057,14725,81.19999694824219,78544,1195057,7.0
2014,189,상지대학교,대학,사립,강원,B그룹,211200,24418,235618,506854,46037,552891,12,8,4444,0,20,35268,438,93,531,15051,1137,16188,7533,0,552891,8885,62.20000076293945,16188,552891,3.0
2014,190,상지영서대학교,전문대학,사립,강원,B그룹,54193,3470,57663,94336,4420,98756,0,0,1335,0,0,1335,66,6,72,3242,437,3679,2288,0,98756,2890,34.20000076293945,3679,98756,3.900000095367432
2014,191,서강대학교,대학,사립,서울,A그룹,346682,414011,760693,664899,578018,1242917,37,26,44694,0,63,59866,843,593,1436,28274,2166,30440,20079,12852,1242917,11614,107.0,30440,1242917,2.5
2014,192,서경대학교,대학,사립,서울,B그룹,190015,49155,239170,358204,74582,432786,4,1,16934,0,5,26456,1018,160,1178,20055,10114,30169,14166,0,432786,7186,60.20000076293945,30169,432786,7.5
2014,193,서남대학교,대학,사립,전북,C그룹,0,0,0,174138,18959,193097,0,0,0,0,0,0,31,0,31,70,417,487,328,0,193097,1962,98.4000015258789,487,193097,0.3000000119209289
2014,194,서라벌대학교,전문대학,사립,경북,C그룹,28185,4140,32325,99292,16512,115804,0,0,0,0,0,0,81,1,82,2164,346,2510,1039,0,115804,1106,104.6999969482422,2510,115804,2.200000047683716
2014,195,서영대학교,전문대학,사립,광주,A그룹,46066,3129,49195,68086,3858,71944,0,2,1439,0,2,1561,198,0,198,2656,55,2711,2021,0,71944,4970,14.5,2711,71944,3.900000095367432
2014,196,서울과학기술대학교,대학,국립,서울,A그룹,201933,78615,280548,493355,93183,586538,35,24,10244,0,59,24728,361,134,495,26560,990,27550,16607,0,586538,12465,47.09999847412109,27550,586538,4.900000095367432
2014,197,서울과학종합대학원대학교,대학원대학,사립,서울,-,1501,243,1744,2088,322,2410,2,1,0,0,3,2838,1,0,1,18,286,304,209,0,2410,359,6.699999809265137,304,2410,14.399999618530272
2014,198,서울교육대학교,대학,국립,서울,C그룹,136969,22053,159022,250386,30988,281374,6,8,2987,0,14,18516,134,57,191,6475,2427,8902,5793,17316,281374,3041,92.5,8902,281374,3.299999952316284
2014,199,서울기독대학교,대학,사립,서울,C그룹,26858,11170,38028,36948,16112,53060,3,7,9422,0,10,9425,49,2,51,1644,32,1676,1654,3360,53060,891,59.59999847412109,1676,53060,3.299999952316284
2014,200,서울대학교,대학,국립,서울,A그룹,626865,1135225,1762090,2209778,2490073,4699851,97,88,468994,0,185,516893,1730,2151,3881,51082,29930,81012,55926,11855,4699851,27986,167.89999389648438,81012,4699851,1.7999999523162842
2014,201,서울디지털대학교,대학,사립,서울,A그룹,5992,0,5992,22155,0,22155,0,0,21283,0,0,22961,0,0,0,0,85,85,60,0,22155,10689,2.0999999046325684,85,22155,0.4000000059604645
2014,202,서울미디어대학원대학교,대학원대학,사립,서울,-,618,92,710,3490,1176,4666,0,1,427,0,1,2299,0,0,0,0,0,0,0,0,4666,90,51.79999923706055,0,4666,0.0
2014,203,서울벤처대학원대학교,대학원대학,사립,서울,-,230,390,620,1942,1146,3088,0,0,0,0,0,0,0,0,0,1,0,1,1,0,3088,244,12.699999809265137,1,3088,0.0
2014,204,서울불교대학원대학교,대학원대학,사립,서울,-,0,0,0,7906,1869,9775,1,1,0,0,2,0,0,0,0,885,126,1011,1011,0,9775,157,62.29999923706055,1011,9775,11.5
2014,205,서울사이버대학교,대학,사립,서울,A그룹,1769,325,2094,6823,975,7798,2,4,7798,0,6,10629,0,0,0,0,0,0,0,0,7798,11362,0.699999988079071,0,7798,0.0
2014,206,서울사회복지대학원대학교,대학원대학,사립,서울,-,5405,0,5405,5405,0,5405,0,0,0,0,0,0,0,0,0,0,50,50,1,0,5405,137,39.5,50,5405,0.8999999761581421
2014,207,서울상담심리대학원대학교,대학원대학,사립,서울,-,3245,1227,4472,4654,1376,6030,2,1,0,0,3,4264,19,0,19,442,62,504,449,0,6030,125,48.20000076293945,504,6030,9.100000381469728
2014,208,서울성경신학대학원대학교,대학원대학,사립,서울,-,14730,468,15198,16388,901,17289,0,0,691,0,0,691,61,0,61,45,145,190,146,0,17289,58,298.1000061035156,190,17289,1.100000023841858
2014,209,서울시립대학교,대학,공립,서울,A그룹,332041,121014,453055,664082,242027,906109,22,60,159242,0,82,159244,619,520,1139,24608,4005,28613,18809,0,906109,12265,73.9000015258789,28613,906109,3.299999952316284
2014,210,서울신학대학교,대학,사립,경기,C그룹,101482,100619,202101,196199,124500,320699,3,5,56434,0,8,59856,92,102,194,58106,2221,60327,54933,0,320699,3234,99.1999969482422,60327,320699,23.200000762939453
2014,211,서울여자간호대학교,전문대학,사립,서울,C그룹,17741,1477,19218,25058,2452,27510,1,2,0,0,3,14022,26,4,30,876,399,1275,873,0,27510,968,28.399999618530277,1275,27510,4.900000095367432
2014,212,서울여자대학교,대학,사립,서울,B그룹,373158,124026,497184,535524,156509,692033,22,21,36106,0,43,48559,1245,296,1541,17581,8649,26230,21599,39577,692033,8520,81.19999694824219,26230,692033,3.900000095367432
2014,213,서울예술대학교,전문대학,사립,경기,B그룹,57322,8777,66099,68291,9246,77537,1,12,881,0,13,8012,103,51,154,2064,661,2725,2635,0,77537,2959,26.200000762939453,2725,77537,3.5999999046325684
2014,214,서울외국어대학원대학교,대학원대학,사립,서울,-,11,4,15,844,157,1001,0,0,0,0,0,0,0,0,0,0,48,48,8,0,1001,156,6.400000095367432,48,1001,5.0
2014,215,서울장신대학교,대학,사립,경기,C그룹,57956,7037,64993,77374,8881,86255,2,1,0,0,3,2419,278,29,307,1942,673,2615,0,0,86255,864,99.8000030517578,2615,86255,3.0999999046325684
2014,216,서울한영대학교,대학,사립,서울,C그룹,38525,31531,70056,61853,46891,108744,3,3,1098,0,6,5121,160,12,172,3516,107,3623,2538,20,108744,1000,108.6999969482422,3623,108744,3.400000095367432
2014,217,서원대학교,대학,사립,충북,B그룹,202445,59253,261698,459575,96691,556266,6,8,14580,0,14,35295,933,26,959,10702,3044,13746,7812,0,556266,7468,74.5,13746,556266,2.5
2014,218,서일대학교,전문대학,사립,서울,A그룹,88294,12339,100633,145087,14202,159289,3,5,6478,0,8,15216,187,32,219,7904,221,8125,5396,0,159289,6396,24.899999618530277,8125,159289,5.400000095367432
2014,219,서정대학교,전문대학,사립,경기,A그룹,15653,413,16066,24881,524,25405,0,0,3455,0,0,3455,28,0,28,2367,3735,6102,3242,0,25405,4487,5.699999809265137,6102,25405,31.600000381469727
2014,220,서해대학,전문대학,사립,전북,C그룹,39730,993,40723,49859,1303,51162,0,0,684,0,0,684,46,0,46,1953,0,1953,1171,0,51162,1402,36.5,1953,51162,4.0
2014,221,선교청대학교,대학,사립,충남,C그룹,0,0,0,0,0,0,0,0,0,0,0,0,0,0,0,0,0,0,0,0,0,0,0.0,0,0,0.0
2014,222,선린대학교,전문대학,사립,경북,C그룹,37400,2416,39816,56278,3066,59344,0,1,3984,0,1,3984,46,3,49,1851,206,2057,889,0,59344,2717,21.799999237060547,2057,59344,3.5999999046325684
2014,223,선문대학교,대학,사립,충남,B그룹,240299,92529,332828,434275,117526,551801,11,16,3272,0,27,34266,761,136,897,11388,4622,16010,10582,0,551801,10887,50.70000076293945,16010,551801,3.0
2014,224,선학유피대학원대학교,대학원대학,사립,경기,-,36530,4750,41280,36869,5807,42676,0,1,5000,0,1,5000,108,50,158,254,15,269,180,0,42676,61,699.5999755859375,269,42676,0.6000000238418579
2014,225,성결대학교,대학,사립,경기,B그룹,198013,66997,265010,358984,83698,442682,8,9,18227,0,17,25867,457,195,652,9713,1943,11656,6524,0,442682,6168,71.80000305175781,11656,442682,2.700000047683716
2014,226,성공회대학교,대학,사립,서울,C그룹,109576,66032,175608,147040,88660,235700,10,11,21391,0,21,38797,193,106,299,4618,1023,5641,7756,3013,235700,2594,90.9000015258789,5641,235700,2.5
2014,227,성균관대학교,대학,사립,서울,A그룹,581188,431611,1012799,1169426,683590,1853016,94,104,334623,0,198,421415,904,691,1595,35889,6337,42226,34196,6536,1853016,27048,68.5,42226,1853016,2.299999952316284
2014,228,성산효대학원대학교,대학원대학,사립,인천,-,15227,5338,20565,17348,5388,22736,0,0,0,0,0,0,30,1,31,404,288,692,673,0,22736,208,109.3000030517578,692,22736,3.0999999046325684
2014,229,성서침례대학원대학교,대학원대학,사립,경기,-,14754,5692,20446,15045,5736,20781,0,0,0,0,0,0,29,14,43,245,108,353,351,0,20781,51,407.5,353,20781,1.7000000476837158
2014,230,성신여자대학교,대학,사립,서울,A그룹,314639,155078,469717,601637,196863,798500,23,40,176998,0,63,381936,441,276,717,22400,2414,24814,14012,0,798500,11238,71.0999984741211,24814,798500,3.200000047683716
2014,231,성운대학교,전문대학,사립,경북,C그룹,14846,80,14926,20735,80,20815,0,0,0,0,0,0,40,0,40,6,24,30,26,0,20815,1339,15.5,30,20815,0.1000000014901161
2014,232,성화대학,전문대학,사립,전남,B그룹,0,0,0,0,0,0,0,0,0,0,0,0,0,0,0,0,0,0,0,0,0,0,0.0,0,0,0.0
2014,233,세경대학교,전문대학,사립,강원,C그룹,35064,1454,36518,36736,1454,38190,0,0,620,0,0,620,100,0,100,635,283,918,918,0,38190,1015,37.59999847412109,918,38190,2.5
2014,234,세계사이버대학,기타,기타,경기,-,0,0,0,397,0,397,0,0,397,0,0,397,0,0,0,0,0,0,0,0,397,1854,0.2000000029802322,0,397,0.0
2014,235,세명대학교,대학,사립,충북,B그룹,190249,69010,259259,383329,113557,496886,6,9,16462,0,15,23794,254,66,320,13746,1877,15623,13051,0,496886,8866,56.0,15623,496886,3.200000047683716
2014,236,세종대학교,대학,사립,서울,A그룹,345026,183745,528771,616856,316804,933660,30,29,33518,0,59,57264,292,119,411,7273,2575,9848,7265,0,933660,13590,68.69999694824219,9848,933660,1.100000023841858
2014,237,세한대학교,대학,사립,충남,C그룹,113736,43508,157244,199913,64512,264425,6,1,9538,0,7,15187,103,15,118,8849,743,9592,5078,0,264425,4556,58.0,9592,264425,3.799999952316284
2014,238,송곡대학교,전문대학,사립,강원,C그룹,10689,81,10770,12380,81,12461,1,1,185,0,2,186,16,0,16,574,381,955,910,0,12461,646,19.299999237060547,955,12461,8.300000190734863
2014,239,송원대학교,대학,사립,광주,C그룹,52518,3360,55878,79700,4617,84317,0,0,3288,0,0,3288,110,0,110,1825,7319,9144,7078,0,84317,2066,40.79999923706055,9144,84317,12.199999809265137
2014,240,송호대학교,전문대학,사립,강원,C그룹,21122,1640,22762,31603,2299,33902,0,0,256,0,0,256,56,0,56,2639,33,2672,2465,272,33902,1007,33.70000076293945,2672,33902,8.600000381469727
2014,241,수도국제대학원대학교,대학원대학,사립,서울,-,13276,3026,16302,19058,3799,22857,0,0,0,0,0,0,38,0,38,112,888,1000,689,0,22857,321,71.19999694824219,1000,22857,4.599999904632568
2014,242,수성대학교,전문대학,사립,대구,B그룹,44887,2549,47436,85882,3521,89403,1,2,6501,0,3,7208,94,0,94,6521,392,6913,3397,13404,89403,3899,22.899999618530277,6913,89403,8.399999618530273
2014,243,수원가톨릭대학교,대학,사립,경기,C그룹,48549,22611,71160,76800,35821,112621,3,2,984,0,5,5213,161,137,298,1562,1846,3408,0,0,112621,188,599.0,3408,112621,3.0999999046325684
2014,244,수원과학대학교,전문대학,사립,경기,B그룹,78151,9050,87201,168072,13707,181779,1,2,9924,0,3,10221,158,2,160,2394,11,2405,1673,0,181779,6544,27.799999237060547,2405,181779,1.2999999523162842
2014,245,수원대학교,대학,사립,경기,B그룹,270445,108589,379034,593265,225348,818613,7,17,36332,0,24,73175,472,45,517,1595,15722,17317,11582,0,818613,12037,68.0,17317,818613,2.200000047683716
2014,246,수원여자대학교,전문대학,사립,경기,B그룹,54718,5312,60030,126864,11192,138056,4,0,2341,0,4,2348,109,0,109,7258,0,7258,3235,2550,138056,4489,30.799999237060547,7258,138056,5.5
2014,247,숙명여자대학교,대학,사립,서울,A그룹,348950,215686,564636,805180,256309,1061489,47,79,64535,0,126,125153,846,535,1381,29594,5149,34743,18202,50879,1061489,13141,80.80000305175781,34743,1061489,3.400000095367432
2014,248,순복음대학원대학교,대학원대학,사립,서울,-,14703,118,14821,25384,178,25562,0,0,0,0,0,0,20,0,20,0,261,261,148,0,25562,136,188.0,261,25562,1.0
2014,249,순복음총회신학교,대학,사립,충북,C그룹,0,0,0,0,0,0,0,0,0,0,0,0,0,0,0,0,0,0,0,0,0,0,0.0,0,0,0.0
2014,250,순천제일대학교,전문대학,사립,전남,B그룹,0,0,0,47410,14484,61894,0,2,465,0,2,465,31,2,33,1553,0,1553,1329,0,61894,2497,24.799999237060547,1553,61894,2.5999999046325684
2014,251,순천향대학교,대학,사립,충남,A그룹,307507,120458,427965,503092,144450,647542,34,14,24883,0,48,67279,285,110,395,9185,2530,11715,9868,0,647542,12387,52.29999923706055,11715,647542,1.7999999523162842
2014,252,숭실대학교,대학,사립,서울,A그룹,383282,168132,551414,723281,239207,962488,30,27,159541,0,57,215379,1198,239,1437,36759,6108,42867,25068,0,962488,15913,60.5,42867,962488,4.699999809265137
2014,253,숭실사이버대학교,대학,사립,서울,B그룹,2203,0,2203,2203,0,2203,0,0,2203,0,0,2203,0,0,0,0,0,0,0,0,2203,4777,0.5,0,2203,0.0
2014,254,숭의여자대학교,전문대학,사립,서울,B그룹,85739,5997,91736,122005,6515,128520,1,0,3279,0,1,4975,107,24,131,3069,4561,7630,5987,0,128520,3710,34.599998474121094,7630,128520,6.300000190734863
2014,255,신경주대학교,대학,사립,경북,C그룹,179212,39405,218617,311002,64818,375820,2,3,2828,0,5,8000,212,35,247,1114,1317,2431,1876,3,375820,2706,138.89999389648438,2431,375820,0.699999988079071
2014,256,신구대학교,전문대학,사립,경기,A그룹,86571,7984,94555,135743,9094,144837,2,1,6170,0,3,6659,59,42,101,6432,298,6730,5562,0,144837,6790,21.299999237060547,6730,144837,4.900000095367432
2014,257,신라대학교,대학,사립,부산,B그룹,221578,68105,289683,517516,113383,630899,10,18,4206,0,28,76325,510,128,638,15623,2963,18586,10250,0,630899,10788,58.5,18586,630899,3.0
2014,258,신성대학교,전문대학,사립,충남,B그룹,76736,12920,89656,120728,23278,144006,2,1,2494,0,3,7469,135,0,135,6481,851,7332,6270,0,144006,4188,34.400001525878906,7332,144006,5.400000095367432
2014,259,신안산대학교,전문대학,사립,경기,B그룹,52063,1667,53730,63100,1773,64873,0,0,365,0,0,365,126,12,138,3465,458,3923,3310,2123,64873,4422,14.699999809265137,3923,64873,6.400000095367432
2014,260,신한대학교,대학,사립,경기,B그룹,166855,8095,174950,198063,8135,206198,2,3,3005,0,5,13962,334,6,340,12004,2927,14931,9174,1316,206198,7070,29.200000762939453,14931,206198,7.800000190734863
2014,261,신흥대학교,전문대학,사립,경기,A그룹,0,0,0,0,0,0,0,0,0,0,0,0,0,0,0,0,0,0,0,0,0,0,0.0,0,0,0.0
2014,262,실천신학대학원대학교,대학원대학,사립,경기,-,5024,4136,9160,6713,5354,12067,0,0,0,0,0,0,10,2,12,68,536,604,601,0,12067,89,135.60000610351562,604,12067,5.300000190734863
2014,263,아신대학교,대학,사립,경기,C그룹,41812,27629,69441,71515,42584,114099,0,1,67,0,1,311,165,100,265,1786,2396,4182,2906,0,114099,1420,80.4000015258789,4182,114099,3.799999952316284
2014,264,아주대학교,대학,사립,경기,A그룹,303071,223111,526182,579591,419217,998808,46,35,32163,0,81,62619,607,397,1004,10432,8956,19388,14123,0,998808,14295,69.9000015258789,19388,998808,2.0
2014,265,아주자동차대학교,전문대학,사립,충남,C그룹,8471,86,8557,27260,226,27486,0,0,0,0,0,0,74,0,74,1445,5,1450,1068,0,27486,957,28.700000762939453,1450,27486,5.599999904632568
2014,266,안동과학대학교,전문대학,사립,경북,B그룹,49917,2322,52239,103329,2361,105690,2,2,8725,0,4,13700,230,14,244,4025,574,4599,2413,0,105690,2734,38.70000076293945,4599,105690,4.5
2014,267,안산대학교,전문대학,사립,경기,A그룹,73683,30900,104583,108180,34192,142372,5,3,29030,0,8,35501,152,57,209,7488,1444,8932,4530,0,142372,4628,30.799999237060547,8932,142372,6.699999809265137
2014,268,안양대학교,대학,사립,경기,B그룹,198045,24805,222850,336878,27278,364156,7,7,8662,0,14,15806,128,22,150,5835,200,6035,4233,0,364156,5957,61.09999847412109,6035,364156,1.7000000476837158
2014,269,에스라성경대학원대학교,대학원대학,사립,경기,-,3318,2163,5481,6169,2516,8685,0,0,0,0,0,0,9,0,9,147,0,147,130,0,8685,93,93.4000015258789,147,8685,1.7000000476837158
2014,270,여주대학교,전문대학,사립,경기,B그룹,102220,5841,108061,108457,6050,114507,2,1,2024,0,3,5469,107,13,120,3916,25,3941,3875,0,114507,6084,18.799999237060547,3941,114507,3.5999999046325684
2014,271,연성대학교,전문대학,사립,경기,A그룹,91815,7169,98984,111957,8105,120062,1,2,1732,0,3,5383,270,14,284,9309,388,9697,6575,0,120062,5919,20.299999237060547,9697,120062,8.800000190734863
2014,272,연세대학교,대학,사립,서울,A그룹,901458,468761,1370219,1632197,767814,2400011,87,149,282927,0,236,371909,1779,1100,2879,47501,17802,65303,42451,1619,2400011,31061,77.30000305175781,65303,2400011,2.799999952316284
2014,273,연세대학교(미래),대학,사립,강원,B그룹,322469,90168,412637,473632,128027,601659,31,18,134430,0,49,150693,452,175,627,18167,4807,22974,20700,12559,601659,8447,71.19999694824219,22974,601659,4.0
2014,274,연암공과대학교,전문대학,사립,경남,C그룹,47233,4002,51235,60188,4948,65136,0,0,2528,0,0,2623,71,4,75,2949,227,3176,2170,1467,65136,1445,45.09999847412109,3176,65136,5.099999904632568
2014,275,연암대학교,전문대학,사립,충남,C그룹,0,0,0,51409,2735,54144,0,1,811,0,1,811,39,3,42,1086,60,1146,0,0,54144,1143,47.400001525878906,1146,54144,2.200000047683716
2014,276,영남대학교,대학,사립,경북,A그룹,537843,316023,853866,1224388,558056,1782444,46,37,25745,0,83,70494,1298,684,1982,53629,5354,58983,41196,10308,1782444,26728,66.69999694824219,58983,1782444,3.400000095367432
2014,277,영남사이버대학교,대학,사립,경북,C그룹,0,0,0,356,0,356,0,0,356,0,0,356,0,0,0,0,0,0,0,0,356,879,0.4000000059604645,0,356,0.0
2014,278,영남신학대학교,대학,사립,경북,C그룹,60312,32426,92738,88749,36900,125649,3,4,19113,0,7,22789,233,53,286,1879,331,2210,1702,32,125649,819,153.39999389648438,2210,125649,1.7999999523162842
2014,279,영남외국어대학,전문대학,사립,경북,C그룹,23984,1025,25009,24619,1027,25646,0,0,1318,0,0,1318,38,0,38,0,0,0,0,0,25646,987,26.0,0,25646,0.0
2014,280,영남이공대학교,전문대학,사립,대구,A그룹,67511,5906,73417,160946,9266,170212,0,4,10768,0,4,10941,174,31,205,4824,1106,5930,2699,0,170212,6256,27.200000762939453,5930,170212,3.5999999046325684
2014,281,영산대학교,대학,사립,경남,B그룹,214292,54329,268621,323057,66126,389183,3,11,4134,0,14,78869,512,34,546,7077,3381,10458,9568,0,389183,7522,51.70000076293945,10458,389183,2.799999952316284
2014,282,영산선학대학교,대학,사립,전남,C그룹,35260,733,35993,52405,1029,53434,0,1,0,0,1,0,92,0,92,349,711,1060,347,0,53434,43,1242.699951171875,1060,53434,2.0
2014,283,영진전문대학교,전문대학,사립,대구,A그룹,122766,22462,145228,213549,25849,239398,3,11,17852,0,14,24154,305,0,305,8021,134,8155,5560,0,239398,8139,29.399999618530277,8155,239398,3.5
2014,284,예명대학원대학교,대학원대학,사립,서울,-,8138,1104,9242,14698,1393,16091,0,0,0,0,0,0,12,0,12,300,0,300,10,0,16091,61,263.79998779296875,300,16091,1.899999976158142
2014,285,예수대학교,대학,사립,전북,C그룹,21893,3771,25664,26916,4817,31733,0,4,96,0,4,99,60,20,80,862,101,963,841,1567,31733,609,52.09999847412109,963,31733,3.0999999046325684
2014,286,예원예술대학교,대학,사립,전북,C그룹,17931,12342,30273,21233,12525,33758,0,0,1045,0,0,1045,21,0,21,2,0,2,0,0,33758,1148,29.399999618530277,2,33758,0.0
2014,287,오산대학교,전문대학,사립,경기,A그룹,85681,6839,92520,111468,7567,119035,3,1,2215,0,4,13278,549,21,570,8690,653,9343,7878,0,119035,4953,24.0,9343,119035,8.5
2014,288,온석대학원대학교,대학원대학,사립,경기,-,0,0,0,17991,213,18204,0,0,0,0,0,0,0,0,0,300,0,300,0,0,18204,281,64.80000305175781,300,18204,1.7000000476837158
2014,289,용인대학교,대학,사립,경기,B그룹,155907,34674,190581,282694,60974,343668,12,1,14698,0,13,22877,250,20,270,5396,1250,6646,4072,0,343668,7341,46.79999923706055,6646,343668,2.0
2014,290,용인예술과학대학교,전문대학,사립,경기,B그룹,63021,4690,67711,102093,5248,107341,2,0,16451,0,2,20056,103,9,112,4503,345,4848,2221,0,107341,4255,25.200000762939453,4848,107341,4.699999809265137
2014,291,우석대학교,대학,사립,전북,B그룹,196976,76351,273327,510901,153455,664356,7,5,6862,0,12,25310,533,60,593,9706,1153,10859,6103,0,664356,9170,72.4000015258789,10859,664356,1.7000000476837158
2014,292,우송공업대학,전문대학,사립,대전,B그룹,0,0,0,0,0,0,0,0,0,0,0,0,0,0,0,0,0,0,0,0,0,0,0.0,0,0,0.0
2014,293,우송대학교,대학,사립,대전,A그룹,75265,29653,104918,203388,44530,247918,5,8,10281,0,13,19575,151,30,181,3032,1198,4230,4040,0,247918,9500,26.100000381469727,4230,247918,1.7000000476837158
2014,294,우송정보대학,전문대학,사립,대전,B그룹,82703,14489,97192,119157,15817,134974,5,8,10281,0,13,19575,87,7,94,1500,424,1924,1891,0,134974,4791,28.200000762939453,1924,134974,1.399999976158142
2014,295,울산과학기술원,대학,국립,울산,C그룹,71700,78800,150500,84356,82254,166610,32,25,290507,0,57,301282,80,20,100,21370,411,21781,20174,0,166610,3572,46.59999847412109,21781,166610,15.0
2014,296,울산과학대학교,전문대학,사립,울산,A그룹,106536,14014,120550,148725,15351,164076,0,2,3426,0,2,3494,163,17,180,5364,407,5771,4503,0,164076,5026,32.599998474121094,5771,164076,3.5999999046325684
2014,297,울산대학교,대학,사립,울산,A그룹,348347,211154,559501,612821,426798,1039619,59,57,109443,0,116,151745,489,296,785,11626,4796,16422,11818,24671,1039619,16242,64.0,16422,1039619,1.600000023841858
2014,298,웅지세무대학교,전문대학,사립,경기,C그룹,3330,1026,4356,3330,1026,4356,0,0,0,0,0,0,285,0,285,0,285,285,0,0,4356,1780,2.400000095367432,285,4356,7.0
2014,299,원광대학교,대학,사립,전북,A그룹,432836,195027,627863,936150,414359,1350509,21,44,18719,0,65,53947,686,104,790,23943,8125,32068,18275,22585,1350509,18630,72.5,32068,1350509,2.400000095367432
2014,300,원광보건대학교,전문대학,사립,전북,B그룹,61489,9271,70760,115759,11748,127507,2,5,6014,0,7,14365,283,14,297,7997,339,8336,4181,0,127507,4758,26.799999237060547,8336,127507,7.0
2014,301,원불교대학원대학교,대학원대학,사립,전북,-,11624,2446,14070,22863,2710,25573,0,0,0,0,0,0,28,0,28,22,116,138,39,0,25573,57,448.6000061035156,138,25573,0.5
2014,302,웨스트민스터신학대학원대학교,대학원대학,사립,경기,-,18672,6676,25348,27566,7996,35562,0,0,0,0,0,0,265,0,265,171,160,331,42,0,35562,348,102.1999969482422,331,35562,0.8999999761581421
2014,303,위덕대학교,대학,사립,경북,C그룹,89618,43773,133391,176005,62405,238410,3,1,10661,0,4,14888,165,15,180,2975,979,3954,2480,0,238410,3589,66.4000015258789,3954,238410,1.7000000476837158
2014,304,유원대학교,대학,사립,충북,C그룹,75200,7689,82889,146365,14395,160760,1,2,1557,0,3,4854,100,0,100,6122,0,6122,3061,0,160760,3799,42.29999923706055,6122,160760,4.0
2014,305,유한대학교,전문대학,사립,경기,A그룹,96196,19840,116036,165763,23410,189173,2,4,5002,0,6,9990,74,55,129,6270,1393,7663,4324,0,189173,5263,35.900001525878906,7663,189173,4.199999809265137
2014,306,육군사관학교,기타,기타,서울,-,0,0,0,234396,79858,314254,8,0,2751,0,8,14405,251,79,330,2183,4134,6317,6183,2524,314254,1001,313.8999938964844,6317,314254,2.0999999046325684
2014,307,을지대학교,대학,사립,대전,B그룹,77743,24809,102552,128989,26896,155885,6,7,1186,0,13,11303,147,29,176,5104,464,5568,2444,0,155885,5472,28.5,5568,155885,3.700000047683716
2014,308,이화여자대학교,대학,사립,서울,A그룹,561600,501146,1062746,963147,695331,1658478,45,103,152330,0,148,200671,1182,1191,2373,42029,24726,66755,57794,30906,1658478,22268,74.5,66755,1658478,4.199999809265137
2014,309,인덕대학교,전문대학,사립,서울,A그룹,87068,31543,118611,160931,35645,196576,0,6,681,0,6,687,195,33,228,7308,471,7779,4275,0,196576,6372,30.799999237060547,7779,196576,4.099999904632568
2014,310,인제대학교,대학,사립,경남,B그룹,358989,173955,532944,576145,247223,823368,25,7,34765,0,32,69222,950,178,1128,5962,7699,13661,11958,3690,823368,11808,69.69999694824219,13661,823368,1.7000000476837158
2014,311,인제대학원대학교,대학원대학,사립,서울,-,73,20,93,1894,201,2095,0,0,0,0,0,0,11,0,11,0,29,29,1,420,2095,81,25.899999618530277,29,2095,1.399999976158142
2014,312,인천가톨릭대학교,대학,사립,인천,C그룹,47003,15471,62474,70558,24111,94669,0,6,11715,0,6,11732,140,121,261,2227,2389,4616,3880,0,94669,888,106.5999984741211,4616,94669,5.099999904632568
2014,313,인천대학교,대학,국립,인천,A그룹,320674,77163,397837,675862,152929,828791,15,18,34937,0,33,87469,619,217,836,42529,11970,54499,21515,0,828791,14743,56.20000076293945,54499,828791,7.0
2014,314,인천전문대학,전문대학,공립,인천,A그룹,0,0,0,0,0,0,0,0,0,0,0,0,0,0,0,0,0,0,0,0,0,0,0.0,0,0,0.0
2014,315,인하공업전문대학,전문대학,사립,인천,A그룹,45285,6073,51358,79856,6976,86832,1,2,6439,0,3,7104,46,6,52,6835,248,7083,3588,853,86832,6996,12.399999618530272,7083,86832,8.899999618530273
2014,316,인하대학교,대학,사립,인천,A그룹,0,0,0,1212531,421336,1633867,55,44,45211,0,99,94880,849,510,1359,39185,12657,51842,0,0,1633867,21628,75.5,51842,1633867,3.299999952316284
2014,317,장로회신학대학교,대학,사립,서울,C그룹,117531,79106,196637,192659,119596,312255,5,6,12993,0,11,19399,298,150,448,3970,5229,9199,6380,0,312255,2264,137.89999389648438,9199,312255,3.0
2014,318,장안대학교,전문대학,사립,경기,B그룹,69602,8102,77704,121655,9834,131489,2,0,9497,0,2,17692,218,14,232,6115,654,6769,5370,0,131489,6712,19.600000381469727,6769,131489,5.400000095367432
2014,319,재능대학교,전문대학,사립,인천,B그룹,39381,424,39805,69423,851,70274,2,2,1446,0,4,6430,67,0,67,6777,1602,8379,4603,0,70274,3656,19.200000762939453,8379,70274,13.5
2014,320,전남과학대학교,전문대학,사립,전남,B그룹,50608,522,51130,66217,586,66803,2,0,2563,0,2,9216,145,8,153,6680,372,7052,4340,0,66803,3888,17.200000762939453,7052,66803,11.800000190734863
2014,321,전남대학교,대학,국립,광주,A그룹,541376,260984,802360,1106073,452361,1558434,36,38,35606,0,74,77722,1203,421,1624,62998,16298,79296,43013,0,1558434,26208,59.5,79296,1558434,5.400000095367432
2014,322,전남도립대학교,전문대학,공립,전남,C그룹,54303,994,55297,71217,1146,72363,1,1,1538,0,2,4838,181,0,181,1091,385,1476,1036,0,72363,1538,47.09999847412109,1476,72363,2.0999999046325684
2014,323,전북과학대학교,전문대학,사립,전북,C그룹,0,0,0,40463,3939,44402,0,0,2324,0,0,2328,73,0,73,2099,279,2378,0,0,44402,1605,27.700000762939453,2378,44402,5.699999809265137
2014,324,전북대학교,대학,국립,전북,A그룹,505511,243141,748652,1086268,451966,1538234,35,42,57085,0,77,96817,1261,898,2159,19295,13442,32737,24040,0,1538234,23596,65.19999694824219,32737,1538234,2.200000047683716
2014,325,전주교육대학교,대학,국립,전북,C그룹,108428,10793,119221,243892,14523,258415,3,4,2331,0,7,5681,295,50,345,3856,2117,5973,2558,0,258415,1570,164.60000610351562,5973,258415,2.400000095367432
2014,326,전주기전대학,전문대학,사립,전북,C그룹,39112,2176,41288,83178,3840,87018,0,0,4136,0,0,4136,115,0,115,2813,0,2813,321,1176,87018,1787,48.70000076293945,2813,87018,3.299999952316284
2014,327,전주대학교,대학,사립,전북,A그룹,268930,52892,321822,535953,114799,650752,7,8,6961,0,15,32140,646,70,716,11777,5637,17414,9985,17950,650752,13219,49.20000076293945,17414,650752,2.700000047683716
2014,328,전주비전대학교,전문대학,사립,전북,B그룹,64968,6689,71657,100976,7808,108784,0,0,3105,0,0,3252,179,2,181,4690,2285,6975,3857,0,108784,3346,32.5,6975,108784,6.900000095367432
2014,329,제네바신학대학원대학교,대학원대학,사립,경기,-,0,0,0,0,0,0,0,0,0,0,0,0,0,0,0,0,0,0,0,0,0,0,0.0,0,0,0.0
2014,330,제주관광대학교,전문대학,사립,제주,C그룹,31984,1103,33087,45766,1435,47201,0,2,3327,0,2,3327,149,10,159,2558,200,2758,1134,0,47201,2300,20.5,2758,47201,6.199999809265137
2014,331,제주국제대학교,대학,사립,제주,C그룹,50927,8334,59261,59905,9688,69593,0,0,6710,0,0,6710,135,0,135,0,170,170,152,7466,69593,1017,68.4000015258789,170,69593,0.2000000029802322
2014,332,제주대학교,대학,국립,제주,A그룹,454908,161463,616371,924879,276278,1201157,22,18,33848,0,40,85438,1239,344,1583,29117,11219,40336,24334,0,1201157,12417,96.6999969482422,40336,1201157,3.5
2014,333,제주한라대학교,전문대학,사립,제주,A그룹,66612,7577,74189,95255,9295,104550,2,29,116531,0,31,121510,224,5,229,3814,2495,6309,6050,307,104550,5386,19.399999618530277,6309,104550,6.400000095367432
2014,334,조선간호대학교,전문대학,사립,광주,C그룹,15506,622,16128,16389,622,17011,0,0,116,0,0,116,7,0,7,1105,2842,3947,3673,0,17011,833,20.399999618530277,3947,17011,30.200000762939453
2014,335,조선대학교,대학,사립,광주,A그룹,402782,164405,567187,822296,370738,1193034,21,22,57505,0,43,67259,416,817,1233,22420,5613,28033,12387,0,1193034,23880,50.0,28033,1193034,2.400000095367432
2014,336,조선이공대학교,전문대학,사립,광주,B그룹,78804,14805,93609,90570,20249,110819,0,0,11395,0,0,11410,27,0,27,4010,0,4010,0,0,110819,3614,30.700000762939453,4010,110819,3.799999952316284
2014,337,주안대학원대학교,대학원대학,사립,인천,-,0,0,0,12015,3577,15592,0,0,0,0,0,0,8,2,10,305,56,361,309,400,15592,37,421.3999938964844,361,15592,2.400000095367432
2014,338,중부대학교,대학,사립,충남,B그룹,150987,34715,185702,278702,47012,325714,7,12,120906,0,19,142960,726,75,801,13363,2220,15583,11120,0,325714,10364,31.399999618530277,15583,325714,5.0
2014,339,중앙대학교,대학,사립,서울,A그룹,432705,278679,711384,1359133,504307,1863440,44,61,55273,0,105,142644,1006,213,1219,31585,6478,38063,28368,28289,1863440,28933,64.4000015258789,38063,1863440,2.0999999046325684
2014,340,중앙승가대학교,대학,사립,경기,C그룹,49634,6854,56488,71604,9541,81145,1,0,0,0,1,3297,404,15,419,572,524,1096,939,0,81145,302,268.70001220703125,1096,81145,1.399999976158142
2014,341,중원대학교,대학,사립,충북,C그룹,32385,6547,38932,42348,7129,49477,3,1,3147,0,4,8650,44,13,57,4161,1517,5678,5481,0,49477,2923,16.899999618530273,5678,49477,13.0
2014,342,진주교육대학교,대학,국립,경남,C그룹,120298,13645,133943,250035,13707,263742,0,3,3064,0,3,3064,66,22,88,8730,1096,9826,3787,0,263742,1836,143.6999969482422,9826,263742,3.900000095367432
2014,343,진주보건대학교,전문대학,사립,경남,B그룹,50179,1839,52018,69973,2222,72195,1,3,345,0,4,374,474,2,476,2950,4332,7282,7282,0,72195,2816,25.600000381469727,7282,72195,11.199999809265137
2014,344,차의과학대학교,대학,사립,경기,C그룹,0,0,0,32860,16258,49118,3,3,361,0,6,2964,114,12,126,1023,1047,2070,1550,0,49118,2126,23.100000381469727,2070,49118,4.400000095367432
2014,345,창신대학교,대학,사립,경남,C그룹,64374,3471,67845,104074,4789,108863,0,1,3849,0,1,3849,77,0,77,1525,124,1649,2829,0,108863,1144,95.1999969482422,1649,108863,1.5
2014,346,창원문성대학교,전문대학,사립,경남,C그룹,78640,2634,81274,160156,5636,165792,0,0,3827,0,0,3827,130,2,132,6670,376,7046,3860,0,165792,4491,36.900001525878906,7046,165792,4.400000095367432
2014,347,청강문화산업대학교,전문대학,사립,경기,B그룹,71879,13952,85831,130141,14704,144845,2,2,7274,0,4,7277,119,70,189,4874,303,5177,4667,0,144845,3599,40.20000076293945,5177,144845,3.700000047683716
2014,348,청암대학교,전문대학,사립,전남,B그룹,52092,1009,53101,65343,1185,66528,0,5,1743,0,5,2058,58,4,62,2445,8869,11314,6926,0,66528,3026,22.0,11314,66528,20.5
2014,349,청운대학교,대학,사립,충남,B그룹,220423,46364,266787,452855,55024,507879,5,7,55498,0,12,62452,359,68,427,16505,6813,23318,13373,0,507879,6713,75.69999694824219,23318,507879,4.800000190734863
2014,350,청주교육대학교,대학,국립,충북,C그룹,148654,13865,162519,244363,22596,266959,0,7,1909,0,7,1910,248,75,323,8797,674,9471,4558,0,266959,1718,155.39999389648438,9471,266959,3.700000047683716
2014,351,청주대학교,대학,사립,충북,A그룹,385444,150359,535803,812864,248627,1061491,20,21,29799,0,41,60028,809,255,1064,18503,6486,24989,14656,0,1061491,13314,79.69999694824219,24989,1061491,2.400000095367432
2014,352,초당대학교,대학,사립,전남,C그룹,148348,26800,175148,248189,31189,279378,4,4,12592,0,8,18064,226,17,243,7223,2000,9223,6578,0,279378,3888,71.9000015258789,9223,279378,3.400000095367432
2014,353,총신대학교,대학,사립,서울,C그룹,89919,62120,152039,225256,107660,332916,5,8,4527,0,13,15768,320,155,475,9972,4864,14836,11356,0,332916,3868,86.0999984741211,14836,332916,4.699999809265137
2014,354,추계예술대학교,대학,사립,서울,C그룹,88283,6900,95183,103744,7628,111372,0,5,3386,0,5,3386,158,41,199,4350,460,4810,4524,0,111372,1362,81.80000305175781,4810,111372,4.5
2014,355,춘천교육대학교,대학,국립,강원,C그룹,171067,5483,176550,279258,7023,286281,4,7,4463,0,11,9897,108,0,108,10449,2114,12563,6122,0,286281,2002,143.0,12563,286281,4.599999904632568
2014,356,춘해보건대학교,전문대학,사립,울산,B그룹,48288,1690,49978,58168,2137,60305,1,4,4211,0,5,7508,83,1,84,4329,50,4379,4087,150,60305,2709,22.299999237060547,4379,60305,7.800000190734863
2014,357,충남대학교,대학,국립,대전,A그룹,520939,244636,765575,1163825,447582,1611407,25,41,20706,0,66,43516,672,865,1537,16158,10529,26687,16076,0,1611407,24120,66.80000305175781,26687,1611407,1.7000000476837158
2014,358,충남도립대학교,전문대학,공립,충남,C그룹,38156,4952,43108,57684,6395,64079,0,1,662,0,1,662,511,28,539,923,1225,2148,2018,0,64079,1155,55.5,2148,64079,3.5
2014,359,충북대학교,대학,국립,충북,A그룹,369899,132625,502524,835859,231200,1067059,31,33,42634,0,64,78326,957,351,1308,25767,8041,33808,23115,50,1067059,18334,58.20000076293945,33808,1067059,3.299999952316284
2014,360,충북도립대학교,전문대학,공립,충북,C그룹,34625,1047,35672,54244,1455,55699,0,4,1955,0,4,1955,64,0,64,1880,120,2000,977,0,55699,1001,55.59999847412109,2000,55699,3.700000047683716
2014,361,충북보건과학대학교,전문대학,사립,충북,B그룹,65741,4415,70156,108808,5592,114400,0,2,2588,0,2,2588,145,0,145,2544,772,3316,1831,0,114400,2822,40.5,3316,114400,3.0
2014,362,충청대학교,전문대학,사립,충북,B그룹,78596,11073,89669,119421,13493,132914,5,7,2738,0,12,11141,183,15,198,4743,282,5025,2929,0,132914,5390,24.700000762939453,5025,132914,3.900000095367432
2014,363,치유상담대학원대학교,대학원대학,사립,서울,-,0,0,0,0,0,0,0,0,0,0,0,0,0,0,0,0,0,0,0,0,0,0,0.0,0,0,0.0
2014,364,칼빈대학교,대학,사립,경기,C그룹,37018,19500,56518,69253,24591,93844,0,4,11347,0,4,11347,178,26,204,1100,1447,2547,1806,1,93844,699,134.3000030517578,2547,93844,2.799999952316284
2014,365,탐라대학교,대학,사립,제주,C그룹,0,0,0,0,0,0,0,0,0,0,0,0,0,0,0,0,0,0,0,0,0,0,0.0,0,0,0.0
2014,366,평택대학교,대학,사립,경기,C그룹,174495,75719,250214,253661,85448,339109,6,6,7721,0,12,13510,216,145,361,7435,2484,9919,7432,0,339109,4660,72.80000305175781,9919,339109,3.0
2014,367,포항공과대학교,대학,사립,경북,C그룹,95475,160846,256321,134134,309472,443606,28,8,185497,0,36,194900,138,117,255,14105,328,14433,8803,21,443606,3123,142.0,14433,443606,3.400000095367432
2014,368,포항대학교,전문대학,사립,경북,C그룹,44506,2981,47487,81600,3544,85144,0,0,0,0,0,0,71,0,71,1040,349,1389,995,0,85144,2624,32.400001525878906,1389,85144,1.7000000476837158
2014,369,한경국립대학교,대학,국립,경기,B그룹,195609,38407,234016,388378,52314,440692,9,8,9025,0,17,22020,246,69,315,22336,1169,23505,12566,227,440692,6978,63.20000076293945,23505,440692,5.599999904632568
2014,370,한국개발연구원국제정책대학원대학교,대학원대학,사립,세종,-,15966,36899,52865,19576,48203,67779,16,37,288758,0,53,297941,40,26,66,2378,171,2549,2180,21,67779,618,109.6999969482422,2549,67779,3.900000095367432
2014,371,한국골프과학기술대학교,전문대학,사립,강원,C그룹,3577,29,3606,5043,32,5075,0,0,0,0,0,0,25,0,25,146,52,198,198,0,5075,340,14.899999618530272,198,5075,4.099999904632568
2014,372,한국공학대학교,대학,사립,경기,B그룹,70198,8260,78458,121394,10760,132154,9,3,8860,0,12,16943,60,60,120,5197,1038,6235,4809,0,132154,7599,17.399999618530273,6235,132154,5.0
2014,373,한국과학기술원,대학,국립,대전,A그룹,191272,122297,313569,269449,233788,503237,54,31,63329,0,85,113371,111,59,170,10245,7597,17842,15140,501,503237,10416,48.29999923706055,17842,503237,3.700000047683716
2014,374,한국관광대학교,전문대학,사립,경기,C그룹,33284,1067,34351,55998,1423,57421,1,2,0,0,3,3297,136,1,137,5328,549,5877,3078,0,57421,2175,26.399999618530277,5877,57421,11.399999618530272
2014,375,한국교원대학교,대학,국립,충북,B그룹,215299,61298,276597,462465,98248,560713,16,15,14921,0,31,44721,503,110,613,17043,4752,21795,11546,0,560713,5679,98.6999969482422,21795,560713,4.0
2014,376,한국국제대학교,대학,사립,경남,C그룹,67776,6326,74102,104293,9046,113339,0,1,1438,0,1,3206,101,0,101,687,875,1562,1062,0,113339,4075,27.799999237060547,1562,113339,1.399999976158142
2014,377,한국기술교육대학교,대학,사립,충남,C그룹,108503,28192,136695,246427,42433,288860,6,6,11583,0,12,19153,121,135,256,21253,1850,23103,12717,0,288860,5063,57.09999847412109,23103,288860,8.699999809265137
2014,378,한국농수산대학교,전문대학,국립,전북,C그룹,45573,3320,48893,56352,3641,59993,1,3,16490,0,4,23009,255,28,283,1605,340,1945,1808,0,59993,1095,54.79999923706055,1945,59993,3.400000095367432
2014,379,한국방송통신대학교,대학,국립,서울,A그룹,173574,50154,223728,907963,88903,996866,13,13,38798,0,26,3380430,79,7,86,17784,5209,22993,19612,0,996866,145221,6.900000095367432,22993,996866,2.400000095367432
2014,380,한국복지사이버대학교,전문대학,사립,경북,B그룹,0,0,0,0,0,0,0,0,0,0,0,0,0,0,0,0,0,0,0,0,0,0,0.0,0,0,0.0
2014,381,한국상담대학원대학교,대학원대학,사립,서울,-,8880,769,9649,8880,769,9649,0,3,0,0,3,0,0,0,0,361,4671,5032,5032,0,9649,115,83.9000015258789,5032,9649,109.0
2014,382,한국성서대학교,대학,사립,서울,C그룹,73688,15126,88814,109269,43043,152312,0,7,27537,0,7,27537,225,16,241,1899,7546,9445,7609,0,152312,1380,110.4000015258789,9445,152312,6.599999904632568
2014,383,한국승강기대학교,전문대학,사립,경남,C그룹,19433,4,19437,21727,4,21731,0,0,0,0,0,0,43,0,43,336,0,336,150,0,21731,481,45.20000076293945,336,21731,1.600000023841858
2014,384,한국에너지공과대학교,대학,국립,전남,C그룹,0,0,0,0,0,0,0,0,0,0,0,0,0,0,0,0,0,0,0,0,0,0,0.0,0,0,0.0
2014,385,한국열린사이버대학교,대학,사립,서울,B그룹,1378,0,1378,1378,0,1378,0,0,1378,0,0,1378,0,0,0,0,0,0,0,0,1378,2179,0.6000000238418579,0,1378,0.0
2014,386,한국영상대학교,전문대학,사립,세종,B그룹,44433,1459,45892,79764,2233,81997,0,1,3060,0,1,3094,72,7,79,4672,1126,5798,2807,0,81997,3759,21.799999237060547,5798,81997,7.599999904632568
2014,387,한국예술종합학교,대학,국립,서울,C그룹,70402,41742,112144,139744,53593,193337,5,17,8719,0,22,15564,185,248,433,15193,2596,17789,13374,0,193337,2824,68.5,17789,193337,10.100000381469728
2014,388,한국외국어대학교,대학,사립,서울,A그룹,458982,336885,795867,1066036,511124,1577160,23,36,53684,0,59,97401,1760,841,2601,35542,9296,44838,27520,104,1577160,19312,81.69999694824219,44838,1577160,2.900000095367432
2014,389,한국전력국제원자력대학원대학교,대학원대학,사립,울산,-,0,0,0,1598,2707,4305,1,0,0,0,1,2227,8,8,16,1778,0,1778,1778,0,4305,110,39.09999847412109,1778,4305,70.4000015258789
2014,390,한국전통문화대학교,대학,국립,충남,C그룹,66845,10964,77809,152341,16729,169070,6,9,3232,0,15,9008,136,53,189,7360,9061,16421,9118,0,169070,651,259.70001220703125,16421,169070,10.800000190734863
2014,391,한국정보통신대학교,대학,사립,대전,C그룹,0,0,0,0,0,0,0,0,0,0,0,0,0,0,0,0,0,0,0,0,0,0,0.0,0,0,0.0
2014,392,한국철도대학,전문대학,국립,경기,C그룹,0,0,0,0,0,0,0,0,0,0,0,0,0,0,0,0,0,0,0,0,0,0,0.0,0,0,0.0
2014,393,한국체육대학교,대학,국립,서울,C그룹,61236,8985,70221,108556,18261,126817,0,3,10369,0,3,10369,151,51,202,2895,612,3507,2720,0,126817,3099,40.900001525878906,3507,126817,2.799999952316284
2014,394,한국침례신학대학교,대학,사립,대전,C그룹,85558,34470,120028,152438,48104,200542,5,5,7486,0,10,11564,132,88,220,5500,911,6411,5376,0,200542,2450,81.9000015258789,6411,200542,3.299999952316284
2014,395,한국폴리텍Ⅰ대학서울강서캠퍼스,전문대학,사립,서울,C그룹,3606,0,3606,3606,0,3606,0,0,0,0,0,0,5,0,5,305,0,305,9,0,3606,620,5.800000190734863,305,3606,9.199999809265137
2014,396,한국폴리텍Ⅰ대학서울정수캠퍼스,전문대학,사립,서울,C그룹,10,3,13,8368,11,8379,0,0,0,0,0,0,16,0,16,877,0,877,12,423,8379,1524,5.5,877,8379,11.699999809265137
2014,397,한국폴리텍Ⅰ대학성남캠퍼스,전문대학,사립,경기,C그룹,0,0,0,5222,0,5222,0,0,0,0,0,0,0,0,0,421,0,421,0,0,5222,979,5.300000190734863,421,5222,8.800000190734863
2014,398,한국폴리텍Ⅰ대학제주캠퍼스,전문대학,사립,제주,C그룹,0,0,0,0,0,0,0,0,0,0,0,0,0,0,0,0,0,0,0,0,0,0,0.0,0,0,0.0
2014,399,한국폴리텍Ⅱ대학남인천캠퍼스,전문대학,사립,인천,C그룹,0,0,0,0,0,0,0,0,0,0,0,0,0,0,0,0,0,0,0,0,0,0,0.0,0,0,0.0
2014,400,한국폴리텍Ⅱ대학인천캠퍼스,전문대학,사립,인천,C그룹,15441,0,15441,15441,0,15441,0,0,0,0,0,0,0,0,0,2702,0,2702,2702,0,15441,2332,6.599999904632568,2702,15441,21.200000762939453
2014,401,한국폴리텍Ⅱ대학화성캠퍼스,전문대학,사립,경기,C그룹,0,0,0,0,0,0,0,0,0,0,0,0,0,0,0,0,0,0,0,0,0,0,0.0,0,0,0.0
2014,402,한국폴리텍Ⅲ대학강릉캠퍼스,전문대학,사립,강원,C그룹,1391,0,1391,1740,0,1740,0,0,0,0,0,0,6,0,6,197,0,197,92,0,1740,68,25.600000381469727,197,1740,12.800000190734863
2014,403,한국폴리텍Ⅲ대학원주캠퍼스,전문대학,사립,강원,C그룹,0,0,0,0,0,0,0,0,0,0,0,0,0,0,0,0,0,0,0,0,0,0,0.0,0,0,0.0
2014,404,한국폴리텍Ⅲ대학춘천캠퍼스,전문대학,사립,강원,C그룹,0,0,0,5293,0,5293,0,0,0,0,0,0,0,0,0,294,0,294,0,0,5293,401,13.199999809265137,294,5293,5.900000095367432
2014,405,한국폴리텍Ⅳ대학대전캠퍼스,전문대학,사립,대전,C그룹,4297,0,4297,4297,0,4297,0,0,0,0,0,0,0,0,0,1101,0,1101,0,0,4297,955,4.5,1101,4297,34.400001525878906
2014,406,한국폴리텍Ⅳ대학아산캠퍼스,전문대학,사립,충남,C그룹,4948,0,4948,5946,0,5946,0,0,0,0,0,0,0,0,0,362,0,362,294,0,5946,529,11.199999809265137,362,5946,6.5
2014,407,한국폴리텍Ⅳ대학청주캠퍼스,전문대학,사립,충북,C그룹,0,0,0,4592,7,4599,0,0,0,0,0,0,5,0,5,161,0,161,0,0,4599,782,5.900000095367432,161,4599,3.5999999046325684
2014,408,한국폴리텍Ⅳ대학충남캠퍼스,전문대학,사립,충남,C그룹,0,0,0,4479,0,4479,0,0,0,0,0,0,13,0,13,222,0,222,0,0,4479,247,18.100000381469727,222,4479,5.199999809265137
2014,409,한국폴리텍Ⅴ대학광주캠퍼스,전문대학,사립,광주,C그룹,10,10,20,9714,411,10125,0,0,0,0,0,0,0,0,0,718,0,718,10,0,10125,813,12.5,718,10125,7.599999904632568
2014,410,한국폴리텍Ⅴ대학순천캠퍼스,전문대학,사립,전남,C그룹,0,0,0,0,0,0,0,0,0,0,0,0,0,0,0,0,0,0,0,0,0,0,0.0,0,0,0.0
2014,411,한국폴리텍Ⅴ대학익산캠퍼스,전문대학,사립,전북,C그룹,2311,3,2314,2412,6,2418,0,0,0,0,0,0,0,0,0,149,0,149,140,0,2418,61,39.59999847412109,149,2418,6.599999904632568
2014,412,한국폴리텍Ⅴ대학전남캠퍼스,전문대학,사립,전남,C그룹,12,12,24,7204,2300,9504,0,0,0,0,0,0,0,0,0,270,0,270,5,0,9504,300,31.700000762939453,270,9504,2.900000095367432
2014,413,한국폴리텍Ⅴ대학전북캠퍼스,전문대학,사립,전북,C그룹,3549,0,3549,4188,0,4188,0,0,0,0,0,0,47,1,48,386,0,386,0,1600,4188,602,7.0,386,4188,10.199999809265137
2014,414,한국폴리텍Ⅵ대학구미캠퍼스,전문대학,사립,경북,C그룹,0,0,0,7528,0,7528,0,0,0,0,0,0,0,0,0,450,0,450,0,0,7528,627,12.0,450,7528,6.400000095367432
2014,415,한국폴리텍Ⅵ대학대구캠퍼스,전문대학,사립,대구,C그룹,7060,0,7060,8191,0,8191,0,0,0,0,0,0,17,0,17,840,16,856,856,0,8191,1097,7.5,856,8191,11.699999809265137
2014,416,한국폴리텍Ⅵ대학영남융합기술캠퍼스,전문대학,사립,대구,C그룹,5385,0,5385,5934,0,5934,0,0,0,0,0,0,0,0,0,96,0,96,0,0,5934,413,14.399999618530272,96,5934,1.600000023841858
2014,417,한국폴리텍Ⅵ대학영주캠퍼스,전문대학,사립,경북,C그룹,11,0,11,1444,0,1444,0,0,0,0,0,0,0,0,0,1239,0,1239,10,0,1444,33,43.79999923706055,1239,1444,604.4000244140625
2014,418,한국폴리텍Ⅶ대학동부산캠퍼스,전문대학,사립,부산,C그룹,0,0,0,0,0,0,0,0,0,0,0,0,0,0,0,0,0,0,0,0,0,0,0.0,0,0,0.0
2014,419,한국폴리텍Ⅶ대학부산캠퍼스,전문대학,사립,부산,C그룹,0,0,0,9520,0,9520,0,0,0,0,0,0,0,0,0,0,0,0,0,0,9520,1017,9.399999618530272,0,9520,0.0
2014,420,한국폴리텍Ⅶ대학울산캠퍼스,전문대학,사립,울산,C그룹,4578,0,4578,5056,0,5056,0,0,349,0,0,349,0,0,0,471,0,471,31,0,5056,925,5.5,471,5056,10.300000190734863
2014,421,한국폴리텍Ⅶ대학진주캠퍼스,전문대학,사립,경남,C그룹,0,0,0,0,0,0,0,0,0,0,0,0,0,0,0,0,0,0,0,0,0,0,0.0,0,0,0.0
2014,422,한국폴리텍Ⅶ대학창원캠퍼스,전문대학,사립,경남,C그룹,0,0,0,23898,4624,28522,0,0,0,0,0,0,19,0,19,865,0,865,0,1182,28522,1572,18.100000381469727,865,28522,3.0999999046325684
2014,423,한국폴리텍특성화 로봇캠퍼스,전문대학,사립,경북,C그룹,0,0,0,0,0,0,0,0,0,0,0,0,0,0,0,0,0,0,0,0,0,0,0.0,0,0,0.0
2014,424,한국폴리텍특성화 바이오캠퍼스,전문대학,사립,충남,C그룹,2185,0,2185,2830,0,2830,0,0,0,0,0,0,0,0,0,244,0,244,244,0,2830,354,8.0,244,2830,9.399999618530272
2014,425,한국폴리텍특성화 반도체융합캠퍼스,전문대학,사립,경기,C그룹,8000,0,8000,9126,0,9126,0,0,0,0,0,0,26,0,26,483,0,483,48,3262,9126,662,13.800000190734863,483,9126,5.599999904632568
2014,426,한국폴리텍특성화 항공캠퍼스,전문대학,사립,경남,C그룹,0,0,0,4090,200,4290,0,0,0,0,0,0,0,0,0,500,50,550,550,0,4290,510,8.399999618530273,550,4290,14.699999809265137
2014,427,한국학대학원,대학원대학,국립,경기,-,0,0,0,0,0,0,0,0,0,0,0,0,0,0,0,0,0,0,0,0,0,0,0.0,0,0,0.0
2014,428,한국항공대학교,대학,사립,경기,C그룹,100473,45939,146412,163119,59161,222280,14,13,5567,0,27,24480,120,46,166,3933,1853,5786,5390,0,222280,5030,44.20000076293945,5786,222280,2.700000047683716
2014,429,한남대학교,대학,사립,대전,A그룹,273066,114430,387496,559479,204983,764462,8,12,6854,0,20,34804,501,71,572,12781,1834,14615,6861,0,764462,14190,53.900001525878906,14615,764462,1.899999976158142
2014,430,한동대학교,대학,사립,경북,C그룹,89596,54075,143671,134986,82288,217274,10,7,17406,0,17,27738,100,235,335,4172,3230,7402,5559,0,217274,4343,50.0,7402,217274,3.5
2014,431,한라대학교,대학,사립,강원,C그룹,59013,5076,64089,84352,5528,89880,3,1,5189,0,4,13671,142,45,187,1900,265,2165,1750,0,89880,4195,21.399999618530277,2165,89880,2.5
2014,432,한려대학교,대학,사립,전남,C그룹,36857,0,36857,88839,0,88839,0,0,0,0,0,0,33,0,33,0,353,353,316,0,88839,658,135.0,353,88839,0.4000000059604645
2014,433,한림국제대학원대학교,대학원대학,사립,서울,-,2000,1200,3200,2672,1265,3937,0,0,0,0,0,0,5,0,5,36,29,65,62,0,3937,248,15.899999618530272,65,3937,1.7000000476837158
2014,434,한림대학교,대학,사립,강원,B그룹,205056,145555,350611,416074,281460,697534,19,11,4984,0,30,24261,529,288,817,27063,4424,31487,16534,0,697534,9659,72.19999694824219,31487,697534,4.699999809265137
2014,435,한림성심대학교,전문대학,사립,강원,B그룹,63585,4267,67852,111679,5692,117371,0,2,3769,0,2,4254,130,1,131,11513,92,11605,7688,0,117371,3355,35.0,11605,117371,11.0
2014,436,한민학교,대학,사립,충남,C그룹,0,0,0,0,0,0,0,0,0,0,0,0,0,0,0,0,0,0,0,0,0,0,0.0,0,0,0.0
2014,437,한반도국제대학원대학교,대학원대학,사립,서울,-,11989,2424,14413,12045,2432,14477,0,0,0,0,0,0,26,0,26,50,220,270,258,2,14477,48,301.6000061035156,270,14477,1.899999976158142
2014,438,한북대학교,대학,사립,경기,C그룹,0,0,0,0,0,0,0,0,0,0,0,0,0,0,0,0,0,0,0,0,0,0,0.0,0,0,0.0
2014,439,한서대학교,대학,사립,충남,B그룹,197411,217211,414622,319706,333346,653052,8,5,16438,0,13,39542,144,45,189,7063,27902,34965,24211,0,653052,8710,75.0,34965,653052,5.699999809265137
2014,440,한성대학교,대학,사립,서울,B그룹,332346,119655,452001,480926,145146,626072,12,29,150200,0,41,179326,499,105,604,22020,25010,47030,43698,5486,626072,8041,77.9000015258789,47030,626072,8.100000381469727
2014,441,한세대학교,대학,사립,경기,C그룹,112754,68447,181201,184244,76360,260604,5,1,64470,0,6,84925,314,91,405,6572,970,7542,3729,0,260604,3690,70.5999984741211,7542,260604,3.0
2014,442,한신대학교,대학,사립,경기,B그룹,167075,89758,256833,340427,140802,481229,2,13,1724,0,15,1949,491,211,702,10613,5384,15997,10384,2699,481229,6075,79.19999694824219,15997,481229,3.400000095367432
2014,443,한양대학교,대학,사립,서울,A그룹,424148,261154,685302,825927,515276,1341203,37,49,106600,0,86,189540,1598,607,2205,34614,5541,40155,29664,0,1341203,22412,59.79999923706055,40155,1341203,3.0999999046325684
2014,444,한양대학교(ERICA),대학,사립,경기,A그룹,314990,155133,470123,672712,209964,882676,15,12,117238,0,27,135971,533,329,862,20103,1804,21907,19391,0,882676,10686,82.5999984741211,21907,882676,2.5
2014,445,한양여자대학교,전문대학,사립,서울,A그룹,64732,9871,74603,141767,14126,155893,1,3,2354,0,4,4373,322,12,334,9635,307,9942,5392,17,155893,6779,23.0,9942,155893,6.800000190734863
2014,446,한영대학교,전문대학,사립,전남,C그룹,4493,52,4545,23888,389,24277,0,0,0,0,0,0,2,0,2,257,210,467,47,78,24277,1305,18.600000381469727,467,24277,2.0
2014,447,한일장신대학교,대학,사립,전북,C그룹,65530,17497,83027,158370,24451,182821,3,2,6564,0,5,13387,97,8,105,2099,1644,3743,2472,0,182821,1200,152.39999389648438,3743,182821,2.0999999046325684
2014,448,한중대학교,대학,사립,강원,C그룹,45909,3504,49413,53153,8601,61754,0,0,0,0,0,0,152,0,152,0,182,182,41,0,61754,1643,37.59999847412109,182,61754,0.3000000119209289
2014,449,합동신학대학원대학교,대학원대학,사립,경기,-,56200,23194,79394,82716,34367,117083,1,5,8389,0,6,10313,116,79,195,1487,3934,5421,3290,0,117083,330,354.79998779296875,5421,117083,4.900000095367432
2014,450,해군사관학교,기타,기타,경남,-,155714,3232,158946,223785,3403,227188,0,3,5942,0,3,5942,361,134,495,6085,3422,9507,7109,0,227188,550,413.1000061035156,9507,227188,4.400000095367432
2014,451,협성대학교,대학,사립,경기,C그룹,147680,47681,195361,231941,87589,319530,7,13,18867,0,20,24455,335,116,451,4696,1213,5909,4981,0,319530,5223,61.20000076293945,5909,319530,1.899999976158142
2014,452,혜전대학교,전문대학,사립,충남,B그룹,91777,4089,95866,132985,4641,137626,2,0,2463,0,2,6536,346,0,346,3211,317,3528,1665,0,137626,3191,43.09999847412109,3528,137626,2.5999999046325684
2014,453,호남대학교,대학,사립,광주,B그룹,175169,156961,332130,334985,278713,613698,5,1,8135,0,6,15651,351,158,509,3903,2244,6147,3636,0,613698,8111,75.69999694824219,6147,613698,1.0
2014,454,호남신학대학교,대학,사립,광주,C그룹,68438,54206,122644,96892,59099,155991,4,9,32548,0,13,32584,220,112,332,5184,1056,6240,5553,0,155991,1076,145.0,6240,155991,4.199999809265137
2014,455,호산대학교,전문대학,사립,경북,C그룹,36858,1271,38129,62114,2011,64125,1,1,1064,0,2,4361,65,2,67,2445,507,2952,2492,0,64125,2535,25.299999237060547,2952,64125,4.800000190734863
2014,456,호서대학교,대학,사립,충남,A그룹,262266,111086,373352,582089,260160,842249,13,22,79176,0,35,151430,375,6,381,16973,42754,59727,18472,0,842249,14400,58.5,59727,842249,7.599999904632568
2014,457,호원대학교,대학,사립,전북,B그룹,202368,62869,265237,338797,84268,423065,3,10,22591,0,13,41026,148,3,151,7234,4559,11793,10230,4405,423065,5400,78.30000305175781,11793,423065,2.900000095367432
2014,458,홍익대학교,대학,사립,서울,A그룹,771608,207377,978985,1488593,322760,1811353,32,37,47385,0,69,87223,1616,503,2119,30416,9725,40141,32464,0,1811353,22413,80.80000305175781,40141,1811353,2.299999952316284
2014,459,화성의과학대학교,대학,사립,경기,C그룹,9182,16,9198,16375,74,16449,0,0,0,0,0,0,68,0,68,0,913,913,606,0,16449,868,19.0,913,16449,5.900000095367432
2014,460,화신사이버대학교,대학,사립,부산,C그룹,3056,0,3056,14575,0,14575,0,0,14575,0,0,14575,0,0,0,0,0,0,0,0,14575,1032,14.100000381469728,0,14575,0.0
2014,461,횃불트리니티신학대학원대학교,대학원대학,사립,서울,-,27756,26702,54458,36141,32135,68276,2,4,82,0,6,2830,117,143,260,1042,154,1196,1156,0,68276,449,152.10000610351562,1196,68276,1.7999999523162842
