YR,ID,SNM,STYP,FND,RGN,USC,BR_TCNT_KB,BR_TCNT_OB,BR_TCNT_SUM,BR_BCNT_KB,BR_BCNT_OB,BR_BCNT_SUM,ER_EJN_PKG,ER_WDB_PKG,ER_EB_TCNT,ER_ELV_PKG,ER_TTL_PKG,ER_TTL_TCNT,SRL_KR,SRL_OT,SRL_TTL,AHC_ABI_BUY,AHC_ABI_DON,AHC_ABI_TTL,AHC_ATI,AHC_ARM,BPS_BO,BPS_SCP,BPS_BPS,GRR_AHBC,GRR_BO,GRR_GRR
2023,1,ICT폴리텍대학,전문대학,사립,경기,C그룹,7023,241,7264,9572,246,9818,0,0,0,0,0,0,0,0,0,132,0,132,130,0,9818,273,36.0,132,9818,1.399999976158142
2023,2,가야대학교,대학,사립,경남,C그룹,125947,47564,173511,188792,49721,238513,15,13,112253,0,28,112253,1520,57,1577,5124,703,5827,5413,0,238513,1937,123.0999984741211,5827,238513,2.5
2023,3,가천대학교,대학,사립,경기,A그룹,405787,159055,564842,987624,205034,1192658,34,42,85767,7,83,85767,6,0,6,20137,4852,24989,13633,0,1192658,22003,54.20000076293945,24989,1192658,2.0999999046325684
2023,4,가톨릭관동대학교,대학,사립,강원,B그룹,253112,176882,429994,525912,221798,747710,15,25,120659,2,42,120659,273,2,275,10051,2050,12101,7274,18317,747710,7331,102.0,12101,747710,1.600000023841858
2023,5,가톨릭꽃동네대학교,대학,사립,충북,C그룹,38746,11539,50285,54309,11990,66299,14,15,10370,0,29,10370,28,1,29,397,3,400,197,0,66299,468,141.6999969482422,400,66299,0.6000000238418579
2023,6,가톨릭대학교,대학,사립,경기,A그룹,453550,271904,725454,729585,421455,1151040,102,77,446792,5,184,446792,929,255,1184,23167,2400,25567,19994,29954,1151040,10504,109.5999984741211,25567,1151040,2.299999952316284
2023,7,가톨릭상지대학교,전문대학,사립,경북,C그룹,66559,2270,68829,104023,3944,107967,13,11,64187,0,24,64187,147,0,147,2804,75,2879,2608,8261,107967,1850,58.400001525878906,2879,107967,2.700000047683716
2023,8,감리교신학대학교,대학,사립,서울,C그룹,65939,119721,185660,100985,136873,237858,9,7,76492,4,20,76492,38,10,48,2545,182,2727,2610,957,237858,1267,187.6999969482422,2727,237858,1.2000000476837158
2023,9,강남대학교,대학,사립,경기,B그룹,279258,80280,359538,428285,141187,569472,18,17,54348,1,36,54348,100,0,100,3926,1428,5354,2949,0,569472,6719,84.80000305175781,5354,569472,0.8999999761581421
2023,10,강동대학교,전문대학,사립,충북,B그룹,114816,1314,116130,141251,1399,142650,10,15,119621,0,25,119621,24,0,24,2144,298,2442,2083,0,142650,2972,48.0,2442,142650,1.7000000476837158
2023,11,강릉영동대학교,전문대학,사립,강원,B그룹,57949,12072,70021,88467,12099,100566,1,1,80790,0,2,80790,180,0,180,1098,379,1477,1070,0,100566,2330,43.20000076293945,1477,100566,1.5
2023,12,강서대학교,대학,사립,서울,C그룹,75429,20561,95990,97580,22737,120317,16,21,73129,3,40,73129,125,30,155,1062,1322,2384,2373,0,120317,1787,67.30000305175781,2384,120317,2.0
2023,13,강원관광대학교,전문대학,사립,강원,C그룹,38903,235,39138,48029,272,48301,1,0,2237,0,1,2237,0,0,0,0,0,0,0,0,48301,415,116.4000015258789,0,48301,0.0
2023,14,강원대학교,대학,국립,강원,A그룹,859882,203790,1063672,1290050,322970,1613020,50,64,159399,1,115,159399,487,158,645,37466,5416,42882,37809,21224,1613020,21291,75.80000305175781,42882,1613020,2.700000047683716
2023,15,강원도립대학교,전문대학,공립,강원,C그룹,47943,1889,49832,58405,2102,60507,8,7,63957,1,16,63957,52,0,52,1577,0,1577,1281,2761,60507,552,109.5999984741211,1577,60507,2.700000047683716
2023,16,개신대학원대학교,대학원대학,사립,서울,-,18155,1060,19215,23950,1646,25596,2,1,86,0,3,86,45,1,46,333,21,354,340,300,25596,176,145.39999389648438,354,25596,1.399999976158142
2023,17,거제대학교,전문대학,사립,경남,C그룹,57765,1726,59491,73721,1834,75555,1,1,3310,0,2,3310,100,0,100,2311,942,3253,3253,0,75555,991,76.19999694824219,3253,75555,4.5
2023,18,건국대학교,대학,사립,서울,A그룹,448631,148343,596974,975919,197391,1173310,24,21,76223,3,48,76223,443,188,631,22923,6491,29414,17208,198771,1173310,19890,59.0,29414,1173310,2.5999999046325684
2023,19,건국대학교(글로컬),대학,사립,충북,B그룹,294444,112982,407426,573591,135487,709078,18,29,208976,1,48,208976,185,204,389,15266,563,15829,8256,31565,709078,7113,99.6999969482422,15829,709078,2.299999952316284
2023,20,건동대학교,대학,사립,경북,C그룹,0,0,0,0,0,0,0,0,0,0,0,0,0,0,0,0,0,0,0,0,0,0,0.0,0,0,0.0
2023,21,건신대학원대학교,대학원대학,사립,대전,-,12351,3495,15846,17969,5078,23047,2,0,60,0,2,60,8,0,8,243,103,346,321,81,23047,156,147.6999969482422,346,23047,1.5
2023,22,건양대학교,대학,사립,충남,B그룹,221135,36658,257793,363266,138990,502256,21,15,320569,0,36,320569,0,0,0,9173,669,9842,8715,0,502256,7062,71.0999984741211,9842,502256,2.0
2023,23,경기과학기술대학교,전문대학,사립,경기,A그룹,81277,48957,130234,113079,49189,162268,13,9,112980,0,22,112980,76,0,76,5134,0,5134,4269,0,162268,4411,36.79999923706055,5134,162268,3.299999952316284
2023,24,경기대학교,대학,사립,경기,A그룹,646354,94270,740624,1174010,177359,1351369,29,31,109861,7,67,109861,505,6,511,9709,6657,16366,12598,0,1351369,15481,87.30000305175781,16366,1351369,1.2000000476837158
2023,25,경남대학교,대학,사립,경남,A그룹,536753,194927,731680,799235,223115,1022350,24,26,169756,0,50,169756,371,148,519,19453,1532,20985,19139,12602,1022350,11331,90.1999969482422,20985,1022350,2.0999999046325684
2023,26,경남도립거창대학,전문대학,공립,경남,C그룹,32531,754,33285,46032,832,46864,1,1,3586,0,2,3586,19,0,19,1273,0,1273,1126,0,46864,844,55.5,1273,46864,2.799999952316284
2023,27,경남도립남해대학,전문대학,공립,경남,C그룹,32398,624,33022,37236,667,37903,0,0,584,0,0,584,60,0,60,1284,32,1316,1290,0,37903,805,47.09999847412109,1316,37903,3.5999999046325684
2023,28,경남정보대학교,전문대학,사립,부산,A그룹,138217,6184,144401,233564,7207,240771,3,2,23896,0,5,23896,81,0,81,6136,842,6978,5053,10531,240771,6010,40.09999847412109,6978,240771,3.0
2023,29,경동대학교,대학,사립,강원,B그룹,274080,20009,294089,375992,30072,406064,14,12,48977,2,28,48977,9,3,12,15736,3458,19194,17064,0,406064,7067,57.5,19194,406064,5.0
2023,30,경민대학교,전문대학,사립,경기,B그룹,87648,5328,92976,133828,6198,140026,7,5,69900,1,13,69900,44,8,52,3939,661,4600,3298,0,140026,3790,36.900001525878906,4600,140026,3.400000095367432
2023,31,경복대학교,전문대학,사립,경기,A그룹,103075,25693,128768,137427,26030,163457,3,3,60238,0,6,60238,14,2,16,7431,500,7931,4897,0,163457,6134,26.600000381469727,7931,163457,5.099999904632568
2023,32,경북과학대학교,전문대학,사립,경북,C그룹,57232,11967,69199,79094,13744,92838,2,0,3925,0,2,3925,66,0,66,0,575,575,437,0,92838,1834,50.59999847412109,575,92838,0.6000000238418579
2023,33,경북대학교,대학,국립,대구,A그룹,882704,668490,1551194,2310821,1163190,3474011,50,59,794891,3,112,794891,876,361,1237,37891,7903,45794,25924,18053,3474011,26917,129.10000610351562,45794,3474011,1.2999999523162842
2023,34,경북보건대학교,전문대학,사립,경북,C그룹,36634,630,37264,42533,668,43201,2,2,9938,0,4,9938,0,0,0,1351,0,1351,1191,0,43201,1250,34.599998474121094,1351,43201,3.200000047683716
2023,35,경북외국어대학교,대학,사립,대구,C그룹,0,0,0,0,0,0,0,0,0,0,0,0,0,0,0,0,0,0,0,0,0,0,0.0,0,0,0.0
2023,36,경북전문대학교,전문대학,사립,경북,B그룹,99684,10099,109783,132009,12567,144576,1,1,11290,0,2,11290,128,2,130,2757,1045,3802,3423,0,144576,2643,54.70000076293945,3802,144576,2.700000047683716
2023,37,경상국립대학교,대학,국립,경남,A그룹,623500,287572,911072,1203080,454129,1657209,49,56,102846,3,108,102846,304,145,449,31515,10382,41897,26480,20,1657209,20144,82.30000305175781,41897,1657209,2.5999999046325684
2023,38,경성대학교,대학,사립,부산,A그룹,453797,170603,624400,758161,217767,975928,18,29,123486,0,47,123486,119,0,119,6068,4061,10129,7032,71750,975928,12391,78.80000305175781,10129,975928,1.0
2023,39,경안대학원대학교,대학원대학,사립,경북,-,7702,0,7702,8566,0,8566,0,0,0,0,0,0,2,0,2,13,29,42,38,42,8566,48,178.5,42,8566,0.5
2023,40,경운대학교,대학,사립,경북,C그룹,203088,27583,230671,415253,35628,450881,17,13,123284,0,30,123284,244,18,262,6802,1601,8403,4893,7,450881,4345,103.8000030517578,8403,450881,1.899999976158142
2023,41,경인교육대학교,대학,국립,인천,C그룹,222899,32348,255247,558257,39951,598208,19,18,89592,2,39,89592,134,0,134,9771,1734,11505,6546,18199,598208,3844,155.60000610351562,11505,598208,2.0
2023,42,경인여자대학교,전문대학,사립,인천,B그룹,115190,32179,147369,222912,32544,255456,15,13,105109,0,28,105109,86,5,91,6112,1481,7593,6795,1565,255456,4170,61.29999923706055,7593,255456,3.0999999046325684
2023,43,경일대학교,대학,사립,경북,B그룹,194857,130798,325655,397637,140240,537877,18,17,149773,9,44,149773,292,2,294,9306,969,10275,4945,0,537877,7123,75.5,10275,537877,1.899999976158142
2023,44,경찰대학,기타,기타,충남,-,133674,38129,171803,167934,51887,219821,0,9,0,0,9,0,92,22,114,4482,1252,5734,5959,0,219821,0,0.0,5734,219821,2.700000047683716
2023,45,경희대학교,대학,사립,서울,A그룹,986928,398936,1385864,2025879,644259,2670138,64,51,560113,6,121,560113,39,39,78,38242,6708,44950,41396,6760,2670138,34414,77.5999984741211,44950,2670138,1.7000000476837158
2023,46,계명대학교,대학,사립,대구,A그룹,551917,351834,903751,1603707,487820,2091527,45,55,447710,3,103,447710,1375,212,1587,27620,3694,31314,23723,54575,2091527,22716,92.0999984741211,31314,2091527,1.5
2023,47,계명문화대학교,전문대학,사립,대구,A그룹,162958,8118,171076,208200,11340,219540,13,11,14244,1,25,14244,30,0,30,3730,197,3927,3874,9459,219540,4534,48.400001525878906,3927,219540,1.7999999523162842
2023,48,계약신학대학원대학교,대학원대학,사립,경기,-,0,0,0,0,0,0,0,0,0,0,0,0,0,0,0,0,0,0,0,0,0,0,0.0,0,0,0.0
2023,49,계원예술대학교,전문대학,사립,경기,B그룹,82735,36739,119474,93474,37459,130933,5,3,7263,3,11,7263,8,20,28,1567,9,1576,1568,0,130933,2804,46.70000076293945,1576,130933,1.2000000476837158
2023,50,고려대학교,대학,사립,서울,A그룹,690044,1127005,1817049,1550287,1706749,3257036,63,93,1198299,9,165,1198299,704,1129,1833,37578,10460,48038,37082,45,3257036,29444,110.5999984741211,48038,3257036,1.5
2023,51,고려대학교(세종),대학,사립,세종,B그룹,256756,53463,310219,383740,85743,469483,4,10,13407,7,21,13407,118,80,198,4100,1413,5513,4783,104342,469483,7309,64.19999694824219,5513,469483,1.2000000476837158
2023,52,고려사이버대학교,대학,사립,서울,A그룹,6024,38415,44439,13426,38415,51841,0,1,44439,0,1,44439,0,0,0,564,0,564,430,0,51841,10531,4.900000095367432,564,51841,1.100000023841858
2023,53,고신대학교,대학,사립,부산,C그룹,236003,104896,340899,315228,138535,453763,18,18,7800,3,39,7800,346,58,404,4386,2687,7073,5676,33858,453763,4405,103.0,7073,453763,1.600000023841858
2023,54,공군사관학교,기타,기타,충북,-,210479,38843,249322,215958,38843,254801,16,16,63043,0,32,63043,149,10,159,5978,1715,7693,6443,12154,254801,0,0.0,7693,254801,3.0999999046325684
2023,55,공주교육대학교,대학,국립,충남,C그룹,126702,6665,133367,322431,22399,344830,13,16,64272,0,29,64272,86,0,86,5510,209,5719,2726,0,344830,1970,175.0,5719,344830,1.7000000476837158
2023,56,과학기술연합대학원대학교,대학원대학,국립,대전,-,8614,110394,119008,16567,110394,126961,1,5,85664,1,7,85664,0,0,0,15819,0,15819,15759,0,126961,1297,97.9000015258789,15819,126961,14.199999809265137
2023,57,광신대학교,대학,사립,광주,C그룹,63470,60030,123500,104429,66346,170775,7,8,67304,0,15,67304,124,13,137,471,249,720,422,0,170775,964,177.1999969482422,720,170775,0.4000000059604645
2023,58,광양보건대학교,전문대학,사립,전남,C그룹,23452,476,23928,39927,542,40469,0,0,451,0,0,451,43,0,43,10,10,20,9,0,40469,160,252.8999938964844,20,40469,0.0
2023,59,광운대학교,대학,사립,서울,B그룹,342217,97579,439796,659641,150135,809776,24,25,125155,1,50,125155,162,22,184,17199,3527,20726,15381,14,809776,9807,82.5999984741211,20726,809776,2.5999999046325684
2023,60,광주가톨릭대학교,대학,사립,전남,C그룹,94535,84835,179370,136557,99920,236477,3,11,94666,5,19,94666,45,65,110,1496,648,2144,2031,0,236477,94,2515.699951171875,2144,236477,0.8999999761581421
2023,61,광주과학기술원,대학,국립,광주,C그룹,68732,90515,159247,88990,109371,198361,17,12,62029,1,30,62029,0,0,0,1382,759,2141,2325,834,198361,2020,98.1999969482422,2141,198361,1.100000023841858
2023,62,광주교육대학교,대학,국립,광주,C그룹,177055,27478,204533,254063,32672,286735,4,11,74787,0,15,74787,34,10,44,7557,2507,10064,6615,48512,286735,1795,159.6999969482422,10064,286735,3.5999999046325684
2023,63,광주대학교,대학,사립,광주,B그룹,315615,63224,378839,549994,108606,658600,16,18,122193,3,37,122193,172,18,190,15871,4010,19881,15244,0,658600,6776,97.1999969482422,19881,658600,3.0999999046325684
2023,64,광주보건대학교,전문대학,사립,광주,B그룹,106230,5565,111795,193142,8099,201241,2,2,12255,2,6,12255,37,6,43,1326,434,1760,1085,0,201241,3639,55.29999923706055,1760,201241,0.8999999761581421
2023,65,광주여자대학교,대학,사립,광주,C그룹,178418,37713,216131,274066,45229,319295,18,17,147812,1,36,147812,72,0,72,8294,2037,10331,7518,15188,319295,3973,80.4000015258789,10331,319295,3.299999952316284
2023,66,구미대학교,전문대학,사립,경북,A그룹,54318,485,54803,209360,2850,212210,1,1,19397,0,2,19397,71,0,71,3906,214,4120,3293,0,212210,5259,40.400001525878906,4120,212210,2.0
2023,67,구세군사관대학원대학교,대학원대학,사립,경기,-,25064,2031,27095,25064,2031,27095,1,0,0,0,1,0,45,3,48,264,57,321,180,0,27095,22,1231.5999755859375,321,27095,1.2000000476837158
2023,68,국군간호사관학교,기타,기타,대전,-,61784,885,62669,68727,1077,69804,14,21,57341,3,38,57341,179,6,185,2059,1176,3235,2503,644,69804,0,0.0,3235,69804,4.900000095367432
2023,69,국립강릉원주대학교,대학,국립,강원,B그룹,370707,88803,459510,663015,138263,801278,20,25,15967,4,49,15967,465,14,479,13537,4011,17548,16578,0,801278,7813,102.5999984741211,17548,801278,2.200000047683716
2023,70,국립경국대학교,대학,국립,경북,B그룹,381815,83591,465406,791816,124836,916652,21,21,202207,5,47,202207,116,4,120,15079,4593,19672,13714,24,916652,6376,143.8000030517578,19672,916652,2.200000047683716
2023,71,국립공주대학교,대학,국립,충남,A그룹,464510,92432,556942,1123087,169493,1292580,31,33,316672,0,64,316672,428,39,467,12468,5707,18175,13047,1813,1292580,14786,87.4000015258789,18175,1292580,1.399999976158142
2023,72,국립군산대학교,대학,국립,전북,B그룹,308734,48944,357678,644438,97190,741628,22,20,74241,4,46,74241,320,36,356,8177,4530,12707,9602,0,741628,7502,98.9000015258789,12707,741628,1.7000000476837158
2023,73,국립금오공과대학교,대학,국립,경북,B그룹,218262,70958,289220,468550,98492,567042,30,25,323714,4,59,323714,88,11,99,17388,2297,19685,14016,8,567042,5790,97.9000015258789,19685,567042,3.5999999046325684
2023,74,국립목포대학교,대학,국립,전남,B그룹,259020,123858,382878,508366,159864,668230,23,30,112171,2,55,112171,344,14,358,8759,41430,50189,47259,0,668230,7190,92.9000015258789,50189,668230,8.100000381469727
2023,75,국립목포해양대학교,대학,국립,전남,C그룹,110948,15428,126376,225813,21795,247608,16,15,75567,4,35,75567,126,0,126,5101,474,5575,2997,0,247608,2622,94.4000015258789,5575,247608,2.299999952316284
2023,76,국립부경대학교,대학,국립,부산,A그룹,382587,158274,540861,1036888,300555,1337443,36,37,368227,5,78,368227,222,61,283,21964,8358,30322,20999,0,1337443,17563,76.19999694824219,30322,1337443,2.299999952316284
2023,77,국립순천대학교,대학,국립,전남,B그룹,365443,115385,480828,665106,162670,827776,25,33,133039,8,66,133039,389,5,394,20419,4570,24989,18677,14,827776,7353,112.5999984741211,24989,827776,3.0999999046325684
2023,78,국립암센터국제암대학원대학교,대학원대학,국립,경기,-,1561,777,2338,1962,777,2739,0,0,1068,0,0,1068,0,0,0,330,0,330,241,0,2739,62,44.20000076293945,330,2739,13.699999809265137
2023,79,국립창원대학교,대학,국립,경남,B그룹,322351,145645,467996,568347,202061,770408,26,36,115961,2,64,115961,363,92,455,22267,1671,23938,22548,0,770408,8716,88.4000015258789,23938,770408,3.200000047683716
2023,80,국립한국교통대학교,대학,국립,충북,B그룹,276356,88608,364964,649440,105600,755040,17,14,127510,0,31,127510,42,21,63,37488,1244,38732,19212,0,755040,8508,88.69999694824219,38732,755040,5.400000095367432
2023,81,국립한국해양대학교,대학,국립,부산,B그룹,213452,95965,309417,450347,153234,603581,19,31,18772,1,51,18772,194,34,228,3998,4325,8323,4335,0,603581,7064,85.4000015258789,8323,603581,1.399999976158142
2023,82,국립한밭대학교,대학,국립,대전,B그룹,263124,92210,355334,567075,114587,681662,17,24,253796,3,44,253796,95,13,108,12851,6250,19101,12593,0,681662,8786,77.5999984741211,19101,681662,2.900000095367432
2023,83,국민대학교,대학,사립,서울,A그룹,483028,212716,695744,1166087,298293,1464380,34,35,394825,6,75,394825,512,101,613,18100,3645,21745,19276,30056,1464380,18017,81.30000305175781,21745,1464380,1.5
2023,84,국방대학교,기타,기타,충남,-,201191,78566,279757,375821,133428,509249,0,29,1301,177,206,1301,247,50,297,6774,1894,8668,5394,0,509249,0,0.0,8668,509249,1.7000000476837158
2023,85,국제뇌교육종합대학원대학교,대학원대학,사립,충남,-,5000,136,5136,5953,180,6133,2,0,0,0,2,0,4,0,4,85,192,277,168,0,6133,282,21.700000762939453,277,6133,4.699999809265137
2023,86,국제대학교,전문대학,사립,경기,B그룹,53998,7725,61723,117230,34263,151493,13,12,134889,1,26,134889,99,0,99,1121,0,1121,553,0,151493,3107,48.79999923706055,1121,151493,0.699999988079071
2023,87,국제문화대학원대학교,대학원대학,사립,충남,-,0,0,0,0,0,0,0,0,0,0,0,0,0,0,0,0,0,0,0,0,0,0,0.0,0,0,0.0
2023,88,국제법률경영대학원대학교,대학원대학,사립,경기,-,1289,2708,3997,2148,4565,6713,0,0,0,0,0,0,0,0,0,0,0,0,0,0,6713,180,37.29999923706055,0,6713,0.0
2023,89,국제사이버대학교,대학,사립,경기,C그룹,1280,0,1280,9980,0,9980,0,0,1280,0,0,1280,0,0,0,182,0,182,80,0,9980,3356,3.0,182,9980,1.899999976158142
2023,90,국제언어대학원대학교,대학원대학,사립,서울,-,2967,12338,15305,3888,13447,17335,0,0,130,0,0,130,0,73,73,0,4,4,4,0,17335,85,203.8999938964844,4,17335,0.0
2023,91,국제예술대학교,기타,기타,서울,-,1072,32,1104,1086,32,1118,0,0,0,0,0,0,0,0,0,28,4,32,32,0,1118,0,0.0,32,1118,2.900000095367432
2023,92,군산간호대학교,전문대학,사립,전북,C그룹,26222,4800,31022,34967,4841,39808,2,5,65150,0,7,65150,25,0,25,1214,203,1417,1062,2678,39808,1149,34.599998474121094,1417,39808,3.700000047683716
2023,93,군장대학교,전문대학,사립,전북,C그룹,63789,244,64033,97910,322,98232,1,1,14317,12,14,14317,15,0,15,1263,0,1263,1263,0,98232,1741,56.400001525878906,1263,98232,1.2999999523162842
2023,94,극동대학교,대학,사립,충북,C그룹,169109,44983,214092,275085,52782,327867,15,12,172181,5,32,172181,73,0,73,2044,927,2971,2160,0,327867,3073,106.6999969482422,2971,327867,0.8999999761581421
2023,95,글로벌사이버대학교,대학,사립,충남,C그룹,1237,0,1237,2244,0,2244,0,1,1237,0,1,1237,0,0,0,62,0,62,51,0,2244,2280,1.0,62,2244,2.799999952316284
2023,96,금강대학교,대학,사립,충남,C그룹,68776,16337,85113,109685,28983,138668,0,3,658,0,3,658,22,0,22,713,2644,3357,1364,0,138668,227,610.9000244140625,3357,138668,2.5
2023,97,기독간호대학교,전문대학,사립,광주,C그룹,20275,2903,23178,29415,3681,33096,2,1,591,0,3,591,50,0,50,746,121,867,847,3572,33096,600,55.20000076293945,867,33096,2.700000047683716
2023,98,김천대학교,대학,사립,경북,C그룹,119483,159372,278855,171754,160445,332199,16,15,239328,0,31,239328,97,0,97,10395,1492,11887,9546,2,332199,2693,123.4000015258789,11887,332199,3.700000047683716
2023,99,김포대학교,전문대학,사립,경기,C그룹,73213,4995,78208,118959,5835,124794,1,1,10610,1,3,10610,0,0,0,52,0,52,48,0,124794,2039,61.20000076293945,52,124794,0.0
2023,100,김해대학교,전문대학,사립,경남,C그룹,32382,641,33023,42033,351,42384,1,1,997,0,2,997,6,0,6,1560,292,1852,1831,0,42384,1440,29.399999618530277,1852,42384,4.599999904632568
2023,101,나사렛대학교,대학,사립,충남,B그룹,207261,115702,322963,302575,122106,424681,19,19,181668,2,40,181668,111,1,112,8236,679,8915,6727,0,424681,5101,83.30000305175781,8915,424681,2.0999999046325684
2023,102,나주대학교,전문대학,사립,전남,C그룹,28128,248,28376,32234,302,32536,0,0,3291,0,0,3291,98,1,99,546,56,602,4417,0,32536,1307,24.899999618530277,602,32536,1.899999976158142
2023,103,남부대학교,대학,사립,광주,C그룹,66239,9000,75239,123275,9168,132443,15,20,23135,0,35,23135,147,5,152,4395,617,5012,4412,0,132443,3434,38.59999847412109,5012,132443,3.900000095367432
2023,104,남서울대학교,대학,사립,충남,B그룹,326269,122968,449237,657387,264837,922224,16,26,236543,0,42,236543,423,22,445,22214,260,22474,16362,0,922224,9739,94.6999969482422,22474,922224,2.5
2023,105,농협대학교,전문대학,사립,경기,C그룹,34920,4508,39428,41887,4909,46796,2,0,1392,0,2,1392,38,0,38,874,75,949,885,0,46796,399,117.3000030517578,949,46796,2.0999999046325684
2023,106,능인대학원대학교,대학원대학,사립,경기,-,5882,251,6133,7237,681,7918,6,9,56882,0,15,56882,21,0,21,0,1332,1332,1310,0,7918,34,232.8999938964844,1332,7918,20.200000762939453
2023,107,단국대학교,대학,사립,경기,A그룹,1032042,308611,1340653,1561223,480954,2042177,26,27,92321,4,57,92321,1031,112,1143,25475,6887,32362,23748,22539,2042177,26277,77.69999694824219,32362,2042177,1.600000023841858
2023,108,대경대학교,전문대학,사립,경북,B그룹,57275,4508,61783,158515,4913,163428,8,9,28932,2,19,28932,55,0,55,4141,764,4905,2313,0,163428,3767,43.400001525878906,4905,163428,3.0999999046325684
2023,109,대구가톨릭대학교,대학,사립,경북,A그룹,554681,268517,823198,991712,371200,1362912,49,36,170040,0,85,170040,576,58,634,12401,1963,14364,10290,1194,1362912,12663,107.5999984741211,14364,1362912,1.100000023841858
2023,110,대구경북과학기술원,대학,국립,대구,C그룹,74637,157692,232329,83792,172150,255942,50,32,418475,0,82,418475,0,0,0,9849,1319,11168,10779,0,255942,1664,153.8000030517578,11168,255942,4.599999904632568
2023,111,대구공업대학교,전문대학,사립,대구,C그룹,73184,2283,75467,110959,3340,114299,0,0,14922,1,1,14922,76,0,76,1653,192,1845,1845,0,114299,1475,77.5,1845,114299,1.600000023841858
2023,112,대구과학대학교,전문대학,사립,대구,A그룹,108505,3302,111807,162501,3823,166324,2,1,17313,0,3,17313,30,0,30,4336,13,4349,4059,0,166324,4113,40.400001525878906,4349,166324,2.700000047683716
2023,113,대구교육대학교,대학,국립,대구,C그룹,154048,13182,167230,321570,23860,345430,18,17,69753,0,35,69753,486,0,486,6649,122,6771,3278,0,345430,2478,139.39999389648438,6771,345430,2.0
2023,114,대구대학교,대학,사립,경북,A그룹,573058,244751,817809,1194571,406165,1600736,19,22,86627,2,43,86627,318,3,321,11666,14910,26576,20787,326,1600736,17402,92.0,26576,1600736,1.7000000476837158
2023,115,대구미래대학교,전문대학,사립,경북,C그룹,0,0,0,0,0,0,0,0,0,0,0,0,0,0,0,0,0,0,0,0,0,0,0.0,0,0,0.0
2023,116,대구보건대학교,전문대학,사립,대구,A그룹,106907,17673,124580,242234,21562,263796,3,4,32852,0,7,32852,80,0,80,8273,149,8422,5351,0,263796,6650,39.70000076293945,8422,263796,3.299999952316284
2023,117,대구사이버대학교,대학,사립,경북,C그룹,17004,0,17004,17914,0,17914,5,0,17004,0,5,17004,0,0,0,230,0,230,155,0,17914,4663,3.799999952316284,230,17914,1.2999999523162842
2023,118,대구예술대학교,대학,사립,경북,C그룹,50454,1156,51610,121377,1933,123310,0,0,14773,0,0,14773,82,0,82,242,0,242,121,0,123310,595,207.1999969482422,242,123310,0.2000000029802322
2023,119,대구외국어대학교,대학,사립,경북,C그룹,0,0,0,0,0,0,0,0,0,0,0,0,0,0,0,0,0,0,0,0,0,0,0.0,0,0,0.0
2023,120,대구한의대학교,대학,사립,경북,B그룹,281125,114651,395776,518909,158079,676988,20,22,96959,2,44,96959,107,25,132,12044,2528,14572,11994,13,676988,6573,103.0,14572,676988,2.200000047683716
2023,121,대덕대학교,전문대학,사립,대전,C그룹,81129,686,81815,191427,910,192337,2,5,44950,2,9,44950,38,0,38,2294,18,2312,1613,1174,192337,2206,87.19999694824219,2312,192337,1.2000000476837158
2023,122,대동대학교,전문대학,사립,부산,C그룹,50634,1054,51688,55516,1126,56642,12,12,63902,0,24,63902,46,0,46,773,103,876,821,0,56642,1478,38.29999923706055,876,56642,1.600000023841858
2023,123,대림대학교,전문대학,사립,경기,A그룹,114608,48079,162687,170842,49407,220249,9,4,62813,2,15,62813,91,0,91,5308,1108,6416,3875,0,220249,6901,31.899999618530277,6416,220249,3.0
2023,124,대신대학교,대학,사립,경북,C그룹,84477,11537,96014,104332,12204,116536,5,5,60389,0,10,60389,166,5,171,450,1803,2253,2166,410,116536,613,190.1000061035156,2253,116536,2.0
2023,125,대원대학교,전문대학,사립,충북,C그룹,63752,3633,67385,94090,4130,98220,2,0,22880,2,4,22880,35,0,35,1219,0,1219,1159,0,98220,2002,49.09999847412109,1219,98220,1.2999999523162842
2023,126,대전가톨릭대학교,대학,사립,세종,C그룹,92942,39332,132274,112831,38929,151760,15,13,59535,0,28,59535,75,44,119,705,397,1102,905,21,151760,54,2810.39990234375,1102,151760,0.699999988079071
2023,127,대전과학기술대학교,전문대학,사립,대전,B그룹,83061,99375,182436,186865,170240,357105,13,8,61975,0,21,61975,100,0,100,586,1207,1793,1259,0,357105,3880,92.0,1793,357105,0.5
2023,128,대전대학교,대학,사립,대전,B그룹,465950,139928,605878,683632,177835,861467,18,25,396621,8,51,396621,247,8,255,37767,2171,39938,35764,10000,861467,9136,94.3000030517578,39938,861467,4.900000095367432
2023,129,대전보건대학교,전문대학,사립,대전,A그룹,110241,31538,141779,237269,34480,271749,2,7,52620,0,9,52620,56,0,56,3983,18096,22079,5662,0,271749,4815,56.400001525878906,22079,271749,8.800000190734863
2023,130,대전신학대학교,대학,사립,대전,C그룹,41736,11696,53432,67313,11696,79009,0,0,4338,0,0,4338,92,0,92,297,65,362,333,0,79009,142,556.4000244140625,362,79009,0.5
2023,131,대진대학교,대학,사립,경기,B그룹,313594,94603,408197,605227,148693,753920,21,29,98508,6,56,98508,140,5,145,18270,4082,22352,15679,0,753920,7921,95.1999969482422,22352,753920,3.0999999046325684
2023,132,대한신학대학원대학교,대학원대학,사립,경기,-,7407,1931,9338,13212,2700,15912,0,0,0,0,0,0,0,0,0,10,0,10,2,0,15912,197,80.80000305175781,10,15912,0.1000000014901161
2023,133,덕성여자대학교,대학,사립,서울,B그룹,412407,75707,488114,655761,128576,784337,29,29,74582,5,63,74582,436,40,476,6735,2580,9315,7738,1920,784337,5564,141.0,9315,784337,1.2000000476837158
2023,134,동강대학교,전문대학,사립,광주,B그룹,72339,5997,78336,104163,7314,111477,1,0,22760,1,2,22760,54,0,54,2595,1,2596,2325,0,111477,2582,43.20000076293945,2596,111477,2.400000095367432
2023,135,동국대학교,대학,사립,서울,A그룹,862777,354591,1217368,1259639,435508,1695147,33,60,273528,0,93,273528,416,268,684,23241,5228,28469,26456,0,1695147,17198,98.5999984741211,28469,1695147,1.7000000476837158
2023,136,동국대학교 WISE캠퍼스,대학,사립,경북,B그룹,441981,86248,528229,675108,128318,803426,16,23,82769,0,39,82769,1006,26,1032,5791,2082,7873,7110,0,803426,7613,105.5,7873,803426,1.0
2023,137,동남보건대학교,전문대학,사립,경기,A그룹,83560,6704,90264,150711,7809,158520,2,8,23915,0,10,23915,22,0,22,692,154,846,760,44,158520,4569,34.70000076293945,846,158520,0.5
2023,138,동덕여자대학교,대학,사립,서울,B그룹,200703,135673,336376,418712,145935,564647,20,28,147867,3,51,147867,311,50,361,16460,1326,17786,13330,24409,564647,7114,79.4000015258789,17786,564647,3.299999952316284
2023,139,동명대학교,대학,사립,부산,B그룹,411515,52209,463724,540773,116551,657324,16,15,151659,0,31,151659,20,7,27,21182,1295,22477,14973,0,657324,7400,88.80000305175781,22477,657324,3.5
2023,140,동방문화대학원대학교,대학원대학,사립,서울,-,20336,4276,24612,22400,4451,26851,15,14,57918,0,29,57918,11,0,11,50,383,433,218,300,26851,338,79.4000015258789,433,26851,1.600000023841858
2023,141,동부산대학교,전문대학,사립,부산,C그룹,0,0,0,0,0,0,0,0,0,0,0,0,0,0,0,0,0,0,0,0,0,0,0.0,0,0,0.0
2023,142,동서대학교,대학,사립,부산,B그룹,385297,117898,503195,714026,146062,860088,12,15,168708,0,27,168708,281,62,343,20504,3058,23562,17345,0,860088,9619,89.4000015258789,23562,860088,2.799999952316284
2023,143,동서울대학교,전문대학,사립,경기,A그룹,125263,7859,133122,230927,8994,239921,3,7,75183,3,13,75183,70,0,70,5815,707,6522,3814,3324,239921,5788,41.5,6522,239921,2.799999952316284
2023,144,동신대학교,대학,사립,전남,B그룹,360817,142992,503809,471137,158446,629583,17,20,99276,5,42,99276,90,0,90,13008,2649,15657,14007,0,629583,6694,94.0999984741211,15657,629583,2.5999999046325684
2023,145,동아대학교,대학,사립,부산,A그룹,599004,257306,856310,1068361,382470,1450831,40,37,222423,2,79,222423,113,86,199,29281,5427,34708,8732,17065,1450831,19946,72.69999694824219,34708,1450831,2.5
2023,146,동아방송예술대학교,전문대학,사립,경기,B그룹,69804,22100,91904,102368,22381,124749,11,15,84542,0,26,84542,54,0,54,5068,1553,6621,4586,0,124749,3043,41.0,6621,124749,5.599999904632568
2023,147,동아보건대학교,전문대학,사립,전남,C그룹,29689,0,29689,48576,0,48576,13,11,64251,0,24,64251,36,0,36,1263,34,1297,1097,550,48576,1261,38.5,1297,48576,2.700000047683716
2023,148,동양대학교,대학,사립,경북,C그룹,167363,65207,232570,294838,80324,375162,21,16,98058,4,41,98058,6,0,6,8549,400,8949,5593,0,375162,4055,92.5,8949,375162,2.400000095367432
2023,149,동양미래대학교,전문대학,사립,서울,A그룹,181606,19210,200816,269534,25015,294549,5,4,81769,2,11,81769,195,24,219,6178,0,6178,6162,0,294549,5943,49.59999847412109,6178,294549,2.0999999046325684
2023,150,동우대학,전문대학,사립,강원,B그룹,0,0,0,0,0,0,0,0,0,0,0,0,0,0,0,0,0,0,0,0,0,0,0.0,0,0,0.0
2023,151,동원과학기술대학교,전문대학,사립,경남,B그룹,52497,1962,54459,80855,2209,83064,1,0,3167,0,1,3167,55,0,55,2710,2,2712,2258,0,83064,2372,35.0,2712,83064,3.400000095367432
2023,152,동원대학교,전문대학,사립,경기,B그룹,76885,2018,78903,107048,3235,110283,11,10,77158,0,21,77158,2,0,2,3113,3,3116,2856,0,110283,2630,41.900001525878906,3116,110283,2.900000095367432
2023,153,동의과학대학교,전문대학,사립,부산,B그룹,103177,5525,108702,174705,7006,181711,9,3,17298,1,13,17298,47,1,48,4236,248,4484,3233,0,181711,4102,44.29999923706055,4484,181711,2.5
2023,154,동의대학교,대학,사립,부산,A그룹,471769,191338,663107,980873,314479,1295352,18,26,117633,3,47,117633,400,11,411,19932,1191,21123,17046,0,1295352,15406,84.0999984741211,21123,1295352,1.7000000476837158
2023,155,두원공과대학교,전문대학,사립,경기,B그룹,65290,9196,74486,127348,10609,137957,6,6,6433,0,12,6433,0,0,0,1384,1,1385,624,0,137957,2559,53.900001525878906,1385,137957,1.0
2023,156,디지털서울문화예술대학교,대학,사립,서울,C그룹,3152,0,3152,10769,0,10769,7,9,60031,0,16,60031,0,0,0,146,0,146,188,0,10769,3300,3.299999952316284,146,10769,1.399999976158142
2023,157,루터대학교,대학,사립,경기,C그룹,24564,7964,32528,33733,10888,44621,13,17,2360,0,30,2360,42,32,74,862,16,878,525,0,44621,394,113.3000030517578,878,44621,2.0
2023,158,마산대학교,전문대학,사립,경남,A그룹,114180,2776,116956,206230,2950,209180,12,16,97378,0,28,97378,103,0,103,3680,0,3680,2840,0,209180,5341,39.20000076293945,3680,209180,1.7999999523162842
2023,159,명신대학교,대학,사립,전남,C그룹,0,0,0,0,0,0,0,0,0,0,0,0,0,0,0,0,0,0,0,0,0,0,0.0,0,0,0.0
2023,160,명지대학교,대학,사립,서울,A그룹,706353,332441,1038794,1284340,412187,1696527,16,24,346251,5,45,346251,1272,57,1329,35494,2542,38036,23009,12160,1696527,16020,105.9000015258789,38036,1696527,2.299999952316284
2023,161,명지전문대학,전문대학,사립,서울,A그룹,140713,12450,153163,253258,14851,268109,14,11,70648,4,29,70648,62,6,68,5778,1056,6834,5572,0,268109,6694,40.09999847412109,6834,268109,2.5999999046325684
2023,162,목원대학교,대학,사립,대전,B그룹,256559,186831,443390,489697,240289,729986,23,21,154680,8,52,154680,264,10,274,18013,2041,20054,12961,1319,729986,7866,92.8000030517578,20054,729986,2.799999952316284
2023,163,목포가톨릭대학교,대학,사립,전남,C그룹,38625,3469,42094,49141,3545,52686,15,15,62986,0,30,62986,5,0,5,1042,30,1072,976,0,52686,492,107.0999984741211,1072,52686,2.0999999046325684
2023,164,목포과학대학교,전문대학,사립,전남,B그룹,63784,4472,68256,73244,4718,77962,3,0,8158,0,3,8158,8,0,8,1362,0,1362,1160,0,77962,2329,33.5,1362,77962,1.7999999523162842
2023,165,문경대학교,전문대학,사립,경북,C그룹,33659,296,33955,43091,327,43418,0,2,2819,0,2,2819,41,0,41,548,0,548,492,0,43418,842,51.59999847412109,548,43418,1.2999999523162842
2023,166,배재대학교,대학,사립,대전,B그룹,244281,221365,465646,537176,274524,811700,16,20,233519,4,40,233519,231,24,255,15798,5387,21185,12520,15,811700,8529,95.1999969482422,21185,811700,2.700000047683716
2023,167,배화여자대학교,전문대학,사립,서울,B그룹,76826,5707,82533,154667,7318,161985,2,0,64425,2,4,64425,32,3,35,3455,1159,4614,2260,0,161985,2841,57.0,4614,161985,2.900000095367432
2023,168,백석대학교,대학,사립,충남,A그룹,461028,387246,848274,803481,418085,1221566,18,20,494904,4,42,494904,159,0,159,17983,9327,27310,24776,0,1221566,14166,86.19999694824219,27310,1221566,2.299999952316284
2023,169,백석문화대학교,전문대학,사립,충남,A그룹,90873,15353,106226,164915,20219,185134,1,1,26374,3,5,26374,18,0,18,3663,498,4161,3836,0,185134,4394,42.09999847412109,4161,185134,2.299999952316284
2023,170,백석예술대학,전문대학,사립,서울,A그룹,0,0,0,0,0,0,0,0,0,0,0,0,0,0,0,0,0,0,0,0,0,0,0.0,0,0,0.0
2023,171,백제예술대학교,전문대학,사립,전북,C그룹,33159,1298,34457,45742,2307,48049,0,0,2692,0,0,2692,9,0,9,1077,0,1077,667,0,48049,1084,44.29999923706055,1077,48049,2.299999952316284
2023,172,베뢰아국제대학원대학교,대학원대학,사립,서울,-,28616,184,28800,38138,224,38362,0,0,0,0,0,0,14,0,14,170,0,170,90,0,38362,58,661.4000244140625,170,38362,0.4000000059604645
2023,173,벽성대학,전문대학,사립,전북,C그룹,0,0,0,0,0,0,0,0,0,0,0,0,0,0,0,0,0,0,0,0,0,0,0.0,0,0,0.0
2023,174,부산가톨릭대학교,대학,사립,부산,C그룹,200713,107235,307948,292135,116897,409032,16,22,138138,0,38,138138,325,8,333,2934,2409,5343,4298,0,409032,3920,104.3000030517578,5343,409032,1.2999999523162842
2023,175,부산경상대학교,전문대학,사립,부산,B그룹,92819,2339,95158,107928,2474,110402,1,1,10217,1,3,10217,22,12,34,2488,55,2543,2082,1626,110402,2484,44.400001525878906,2543,110402,2.400000095367432
2023,176,부산과학기술대학교,전문대학,사립,부산,B그룹,108899,4004,112903,168226,4399,172625,1,1,21821,0,2,21821,120,0,120,3232,0,3232,643,0,172625,3119,55.29999923706055,3232,172625,1.899999976158142
2023,177,부산교육대학교,대학,국립,부산,C그룹,141295,14719,156014,279849,18143,297992,17,15,66857,0,32,66857,241,20,261,6097,985,7082,3491,52292,297992,2317,128.60000610351562,7082,297992,2.400000095367432
2023,178,부산대학교,대학,국립,부산,A그룹,883349,462610,1345959,1687340,850933,2538273,44,55,682148,5,104,682148,439,168,607,42626,13439,56065,32796,49111,2538273,26772,94.8000030517578,56065,2538273,2.299999952316284
2023,179,부산디지털대학교,대학,사립,부산,C그룹,3287,0,3287,3540,0,3540,1,0,1490,0,1,1490,0,0,0,91,0,91,81,0,3540,2485,1.399999976158142,91,3540,2.5999999046325684
2023,180,부산보건대학교,전문대학,사립,부산,B그룹,89775,12556,102331,109325,16308,125633,12,9,93602,1,22,93602,117,0,117,1449,1676,3125,2659,3119,125633,2522,49.79999923706055,3125,125633,2.5999999046325684
2023,181,부산여자대학교,전문대학,사립,부산,C그룹,111607,23143,134750,127243,26815,154058,13,8,691,0,21,691,96,12,108,2713,499,3212,2930,9706,154058,2192,70.30000305175781,3212,154058,2.0999999046325684
2023,182,부산예술대학교,전문대학,사립,부산,C그룹,9812,0,9812,14469,0,14469,0,0,0,0,0,0,0,0,0,0,0,0,0,0,14469,627,23.100000381469727,0,14469,0.0
2023,183,부산외국어대학교,대학,사립,부산,B그룹,309633,226092,535725,564013,316353,880366,17,21,138593,3,41,138593,238,13,251,15872,4326,20198,16867,1691,880366,7448,118.1999969482422,20198,880366,2.299999952316284
2023,184,부산장신대학교,대학,사립,경남,C그룹,42542,5323,47865,63654,6774,70428,5,6,57099,0,11,57099,68,0,68,916,340,1256,1114,431,70428,316,222.8999938964844,1256,70428,1.7999999523162842
2023,185,부천대학교,전문대학,사립,경기,A그룹,195689,21226,216915,301608,26004,327612,15,13,101871,0,28,101871,63,13,76,7607,1264,8871,8303,0,327612,7523,43.5,8871,327612,2.799999952316284
2023,186,삼육대학교,대학,사립,서울,B그룹,237422,113850,351272,369342,145669,515011,15,26,107739,4,45,107739,12,12,24,9294,11751,21045,16520,16991,515011,5892,87.4000015258789,21045,515011,4.300000190734863
2023,187,삼육보건대학교,전문대학,사립,서울,C그룹,53706,1836,55542,67488,2706,70194,2,2,5668,0,4,5668,142,0,142,1596,682,2278,1858,0,70194,1327,52.900001525878906,2278,70194,3.400000095367432
2023,188,상명대학교,대학,사립,서울,A그룹,501711,176651,678362,935431,236152,1171583,33,41,247179,6,80,247179,204,62,266,26472,3674,30146,17635,52644,1171583,13084,89.5,30146,1171583,2.5999999046325684
2023,189,상지대학교,대학,사립,강원,B그룹,314521,24995,339516,685336,47098,732434,16,14,69848,4,34,69848,451,1,452,5114,2035,7149,4117,0,732434,6611,110.8000030517578,7149,732434,1.0
2023,190,상지영서대학교,전문대학,사립,강원,B그룹,0,0,0,0,0,0,0,0,0,0,0,0,0,0,0,0,0,0,0,0,0,0,0.0,0,0,0.0
2023,191,서강대학교,대학,사립,서울,A그룹,449943,523186,973129,729529,647927,1377456,41,60,382722,3,104,382722,234,156,390,64855,1203,66058,58642,1248,1377456,11428,120.5,66058,1377456,5.0
2023,192,서경대학교,대학,사립,서울,B그룹,342323,50929,393252,587800,72684,660484,11,13,87588,2,26,87588,66,0,66,13671,246,13917,12694,0,660484,7013,94.1999969482422,13917,660484,2.200000047683716
2023,193,서남대학교,대학,사립,전북,C그룹,0,0,0,0,0,0,0,0,0,0,0,0,0,0,0,0,0,0,0,0,0,0,0.0,0,0,0.0
2023,194,서라벌대학교,전문대학,사립,경북,C그룹,32753,4148,36901,109807,16526,126333,0,2,4589,0,2,4589,22,0,22,592,0,592,592,0,126333,580,217.8000030517578,592,126333,0.5
2023,195,서영대학교,전문대학,사립,광주,A그룹,84585,3222,87807,115188,3555,118743,1,2,20850,1,4,20850,169,0,169,821,47,868,852,0,118743,4912,24.200000762939453,868,118743,0.699999988079071
2023,196,서울과학기술대학교,대학,국립,서울,A그룹,294438,114301,408739,692660,127289,819949,33,44,91959,5,82,91959,223,21,244,15724,1897,17621,11373,0,819949,11759,69.69999694824219,17621,819949,2.200000047683716
2023,197,서울과학종합대학원대학교,대학원대학,사립,서울,-,1686,250,1936,2665,362,3027,13,12,74883,0,25,74883,0,0,0,0,1,1,1,0,3027,852,3.5999999046325684,1,3027,0.0
2023,198,서울교육대학교,대학,국립,서울,C그룹,166859,26236,193095,289265,36598,325863,20,20,105525,0,40,105525,203,0,203,4014,302,4316,3689,0,325863,2864,113.8000030517578,4316,325863,1.2999999523162842
2023,199,서울기독대학교,대학,사립,서울,C그룹,30750,12413,43163,41289,15392,56681,7,7,64061,0,14,64061,15,23,38,470,0,470,409,0,56681,573,98.9000015258789,470,56681,0.800000011920929
2023,200,서울대학교,대학,국립,서울,A그룹,746791,2015752,2762543,2147974,3294301,5442275,81,127,1118863,0,208,1118863,1127,1500,2627,316727,28206,344933,328399,69674,5442275,28265,192.5,344933,5442275,6.800000190734863
2023,201,서울디지털대학교,대학,사립,서울,A그룹,23121,0,23121,75345,0,75345,12,13,78915,0,25,78915,0,0,0,1111,0,1111,894,0,75345,11133,6.800000190734863,1111,75345,1.5
2023,202,서울미디어대학원대학교,대학원대학,사립,서울,-,4558,1207,5765,5018,1371,6389,0,1,0,0,1,0,9,0,9,0,0,0,0,0,6389,227,28.100000381469727,0,6389,0.0
2023,203,서울벤처대학원대학교,대학원대학,사립,서울,-,1077,390,1467,2453,1146,3599,0,0,0,0,0,0,0,0,0,0,0,0,0,0,3599,273,13.199999809265137,0,3599,0.0
2023,204,서울불교대학원대학교,대학원대학,사립,서울,-,8092,2415,10507,8197,2415,10612,0,2,0,0,2,0,2,0,2,28,0,28,17,0,10612,149,71.19999694824219,28,10612,0.3000000119209289
2023,205,서울사이버대학교,대학,사립,서울,A그룹,2036,10325,12361,7933,50975,58908,0,3,53011,0,3,53011,0,0,0,0,0,0,0,0,58908,16943,3.5,0,58908,0.0
2023,206,서울사회복지대학원대학교,대학원대학,사립,서울,-,5942,0,5942,6134,0,6134,0,0,0,0,0,0,1,0,1,12,28,40,13,0,6134,122,50.29999923706055,40,6134,0.699999988079071
2023,207,서울상담심리대학원대학교,대학원대학,사립,서울,-,7332,476,7808,8927,499,9426,2,1,0,0,3,0,25,0,25,211,3,214,182,0,9426,134,70.30000305175781,214,9426,2.299999952316284
2023,208,서울성경신학대학원대학교,대학원대학,사립,서울,-,16859,1976,18835,21525,3741,25266,13,12,58673,0,25,58673,60,10,70,52,455,507,497,100,25266,74,341.3999938964844,507,25266,2.0
2023,209,서울시립대학교,대학,공립,서울,A그룹,468991,181341,650332,892150,300633,1192783,27,51,375273,4,82,375273,638,103,741,23398,3998,27396,21477,22304,1192783,11613,102.6999969482422,27396,1192783,2.400000095367432
2023,210,서울신학대학교,대학,사립,경기,C그룹,120883,114835,235718,223430,134863,358293,10,16,53950,1,27,53950,70,15,85,3302,109,3411,3023,0,358293,2817,127.1999969482422,3411,358293,1.0
2023,211,서울여자간호대학교,전문대학,사립,서울,C그룹,29164,1421,30585,39971,1769,41740,8,8,61089,0,16,61089,31,3,34,1053,290,1343,1203,0,41740,919,45.400001525878906,1343,41740,3.299999952316284
2023,212,서울여자대학교,대학,사립,서울,B그룹,379277,164855,544132,548218,194407,742625,23,26,361404,3,52,361404,26,33,59,11964,1208,13172,11901,81,742625,7256,102.3000030517578,13172,742625,1.7999999523162842
2023,213,서울예술대학교,전문대학,사립,경기,B그룹,84774,10781,95555,109917,11691,121608,3,7,13601,5,15,13601,74,30,104,1717,452,2169,2123,0,121608,3094,39.29999923706055,2169,121608,1.7999999523162842
2023,214,서울외국어대학원대학교,대학원대학,사립,서울,-,1871,655,2526,2697,710,3407,0,0,0,0,0,0,0,0,0,0,0,0,0,0,3407,189,18.0,0,3407,0.0
2023,215,서울장신대학교,대학,사립,경기,C그룹,66828,7629,74457,87061,41820,128881,7,8,89534,1,16,89534,102,1,103,1912,57,1969,1712,580,128881,639,201.6999969482422,1969,128881,1.600000023841858
2023,216,서울한영대학교,대학,사립,서울,C그룹,55666,4419,60085,85697,48916,134613,15,6,4238,0,21,4238,141,22,163,992,577,1569,1116,0,134613,900,149.60000610351562,1569,134613,1.2000000476837158
2023,217,서원대학교,대학,사립,충북,B그룹,371021,84259,455280,651088,118823,769911,17,20,99240,0,37,99240,483,0,483,16157,2871,19028,17603,2999,769911,6789,113.4000015258789,19028,769911,2.5
2023,218,서일대학교,전문대학,사립,서울,A그룹,122469,15999,138468,186521,17240,203761,11,7,74686,3,21,74686,88,0,88,5637,6,5643,4601,0,203761,5872,34.70000076293945,5643,203761,2.799999952316284
2023,219,서정대학교,전문대학,사립,경기,A그룹,57389,15566,72955,81619,18703,100322,3,1,68933,1,5,68933,52,0,52,4890,3000,7890,7822,0,100322,6635,15.100000381469728,7890,100322,8.5
2023,220,서해대학,전문대학,사립,전북,C그룹,0,0,0,0,0,0,0,0,0,0,0,0,0,0,0,0,0,0,0,0,0,0,0.0,0,0,0.0
2023,221,선교청대학교,대학,사립,충남,C그룹,0,0,0,0,0,0,0,0,0,0,0,0,0,0,0,0,0,0,0,0,0,0,0.0,0,0,0.0
2023,222,선린대학교,전문대학,사립,경북,C그룹,57935,2603,60538,88242,3341,91583,2,1,18352,0,3,18352,55,10,65,2039,227,2266,1865,0,91583,2111,43.400001525878906,2266,91583,2.5
2023,223,선문대학교,대학,사립,충남,B그룹,356133,115675,471808,636666,146297,782963,19,24,100355,6,49,100355,230,34,264,20832,2384,23216,11330,0,782963,9528,82.19999694824219,23216,782963,3.0999999046325684
2023,224,선학유피대학원대학교,대학원대학,사립,경기,-,34699,8452,43151,34699,8452,43151,6,9,56882,0,15,56882,22,5,27,531,710,1241,782,61,43151,96,449.5,1241,43151,3.0
2023,225,성결대학교,대학,사립,경기,B그룹,263202,130135,393337,448689,149001,597690,15,18,139449,5,38,139449,90,51,141,7947,484,8431,7833,0,597690,5695,104.9000015258789,8431,597690,1.399999976158142
2023,226,성공회대학교,대학,사립,서울,C그룹,133669,82665,216334,170857,101932,272789,20,20,126089,1,41,126089,62,24,86,2564,247,2811,2374,98,272789,2253,121.0999984741211,2811,272789,1.0
2023,227,성균관대학교,대학,사립,서울,A그룹,760097,586224,1346321,1402086,881427,2283513,48,72,801604,6,126,801604,210,109,319,30930,10816,41746,22838,31136,2283513,26851,85.0,41746,2283513,1.899999976158142
2023,228,성산효대학원대학교,대학원대학,사립,인천,-,22656,5495,28151,23113,5495,28608,1,0,0,0,1,0,14,0,14,305,43,348,320,0,28608,203,140.89999389648438,348,28608,1.2000000476837158
2023,229,성서침례대학원대학교,대학원대학,사립,경기,-,17776,6523,24299,17923,6569,24492,0,1,320,0,1,320,35,13,48,371,325,696,696,368,24492,57,429.7000122070313,696,24492,2.900000095367432
2023,230,성신여자대학교,대학,사립,서울,A그룹,379317,233252,612569,666317,266017,932334,22,24,166071,5,51,166071,146,9,155,23531,2130,25661,24503,97246,932334,9707,96.0,25661,932334,2.799999952316284
2023,231,성운대학교,전문대학,사립,경북,C그룹,29681,5467,35148,51007,5467,56474,0,0,12115,0,0,12115,34,0,34,1926,0,1926,1516,0,56474,1540,36.70000076293945,1926,56474,3.5
2023,232,성화대학,전문대학,사립,전남,B그룹,0,0,0,0,0,0,0,0,0,0,0,0,0,0,0,0,0,0,0,0,0,0,0.0,0,0,0.0
2023,233,세경대학교,전문대학,사립,강원,C그룹,47027,1469,48496,48732,1469,50201,0,2,11529,0,2,11529,81,0,81,1273,0,1273,1273,1000,50201,917,54.70000076293945,1273,50201,2.5999999046325684
2023,234,세계사이버대학,기타,기타,경기,-,0,0,0,0,0,0,0,0,0,0,0,0,0,0,0,0,0,0,0,0,0,0,0.0,0,0,0.0
2023,235,세명대학교,대학,사립,충북,B그룹,303640,69756,373396,565434,104220,669654,18,15,90110,2,35,90110,115,0,115,9531,3423,12954,11525,0,669654,7193,93.0999984741211,12954,669654,2.0
2023,236,세종대학교,대학,사립,서울,A그룹,382293,212072,594365,664051,320953,985004,33,34,116420,5,72,116420,105,79,184,8151,2367,10518,8511,0,985004,14602,67.5,10518,985004,1.100000023841858
2023,237,세한대학교,대학,사립,충남,C그룹,186549,59492,246041,288111,80864,368975,13,16,54443,3,32,54443,46,0,46,13077,812,13889,10975,0,368975,3987,92.5,13889,368975,3.900000095367432
2023,238,송곡대학교,전문대학,사립,강원,C그룹,16488,44,16532,19033,98,19131,12,10,58739,0,22,58739,7,0,7,296,0,296,254,0,19131,736,26.0,296,19131,1.600000023841858
2023,239,송원대학교,대학,사립,광주,C그룹,128197,22965,151162,241846,28120,269966,17,19,82645,3,39,82645,90,2,92,6454,1517,7971,7162,0,269966,3178,84.9000015258789,7971,269966,3.0
2023,240,송호대학교,전문대학,사립,강원,C그룹,33135,1604,34739,46050,2242,48292,5,1,3804,0,6,3804,38,0,38,788,76,864,863,0,48292,777,62.20000076293945,864,48292,1.7999999523162842
2023,241,수도국제대학원대학교,대학원대학,사립,서울,-,18337,4145,22482,18916,4150,23066,0,0,0,0,0,0,28,0,28,88,65,153,149,233,23066,383,60.20000076293945,153,23066,0.699999988079071
2023,242,수성대학교,전문대학,사립,대구,B그룹,59842,2599,62441,128673,3490,132163,1,0,17559,0,1,17559,45,0,45,2385,92,2477,1595,0,132163,3348,39.5,2477,132163,1.899999976158142
2023,243,수원가톨릭대학교,대학,사립,경기,C그룹,69805,26748,96553,108757,41703,150460,11,15,58735,0,26,58735,117,112,229,3035,1858,4893,3651,0,150460,161,934.5,4893,150460,3.400000095367432
2023,244,수원과학대학교,전문대학,사립,경기,B그룹,127974,7810,135784,221703,9703,231406,7,3,33372,1,11,33372,67,2,69,1432,9,1441,1280,0,231406,4292,53.900001525878906,1441,231406,0.6000000238418579
2023,245,수원대학교,대학,사립,경기,B그룹,306595,142961,449556,662832,265583,928415,16,22,279816,4,42,279816,154,9,163,2617,3020,5637,5212,16555,928415,9367,99.0999984741211,5637,928415,0.6000000238418579
2023,246,수원여자대학교,전문대학,사립,경기,B그룹,105921,7424,113345,157370,8148,165518,7,10,71233,1,18,71233,60,0,60,5446,0,5446,3073,40082,165518,3851,43.0,5446,165518,3.400000095367432
2023,247,숙명여자대학교,대학,사립,서울,A그룹,436880,286693,723573,952928,334880,1287808,36,45,172650,3,84,172650,321,99,420,28528,1455,29983,19538,29809,1287808,12249,105.0999984741211,29983,1287808,2.400000095367432
2023,248,순복음대학원대학교,대학원대학,사립,서울,-,17710,0,17710,29508,0,29508,0,0,0,0,0,0,19,0,19,0,491,491,491,0,29508,89,331.6000061035156,491,29508,1.7000000476837158
2023,249,순복음총회신학교,대학,사립,충북,C그룹,13937,0,13937,25364,0,25364,0,0,0,0,0,0,0,0,0,0,0,0,0,0,25364,127,199.6999969482422,0,25364,0.0
2023,250,순천제일대학교,전문대학,사립,전남,B그룹,84508,1235,85743,120093,1355,121448,1,2,8685,0,3,8685,43,0,43,2218,470,2688,2659,0,121448,2508,48.400001525878906,2688,121448,2.299999952316284
2023,251,순천향대학교,대학,사립,충남,A그룹,310257,402000,712257,502927,423230,926157,41,36,362835,3,80,362835,111,8,119,16232,176269,192501,190067,131686,926157,11596,79.9000015258789,192501,926157,26.200000762939453
2023,252,숭실대학교,대학,사립,서울,A그룹,468974,377306,846280,791563,420502,1212065,30,35,475147,6,71,475147,193,133,326,34915,1064,35979,27737,0,1212065,16685,72.5999984741211,35979,1212065,3.0999999046325684
2023,253,숭실사이버대학교,대학,사립,서울,B그룹,2203,0,2203,9519,0,9519,10,8,59085,0,18,59085,0,0,0,0,0,0,0,0,9519,7328,1.2999999523162842,0,9519,0.0
2023,254,숭의여자대학교,전문대학,사립,서울,B그룹,100461,3289,103750,144031,3660,147691,13,11,75734,3,27,75734,53,9,62,5465,7,5472,4063,40839,147691,3206,46.09999847412109,5472,147691,3.799999952316284
2023,255,신경주대학교,대학,사립,경북,C그룹,216411,34828,251239,354218,58292,412510,6,8,75340,0,14,75340,260,0,260,0,539,539,504,0,412510,767,537.7999877929688,539,412510,0.1000000014901161
2023,256,신구대학교,전문대학,사립,경기,A그룹,138305,8444,146749,201166,9557,210723,2,1,21386,4,7,21386,58,16,74,6646,2085,8731,7610,0,210723,6318,33.400001525878906,8731,210723,4.300000190734863
2023,257,신라대학교,대학,사립,부산,B그룹,280320,70528,350848,644429,117245,761674,16,20,284491,3,39,284491,99,0,99,10405,1633,12038,6123,0,761674,8259,92.1999969482422,12038,761674,1.600000023841858
2023,258,신성대학교,전문대학,사립,충남,B그룹,128904,12949,141853,176816,19931,196747,14,13,63115,0,27,63115,84,0,84,2926,7,2933,2754,0,196747,2898,67.9000015258789,2933,196747,1.5
2023,259,신안산대학교,전문대학,사립,경기,B그룹,92269,2113,94382,140884,2222,143106,2,0,3630,0,2,3630,33,0,33,2186,577,2763,2291,0,143106,2693,53.09999847412109,2763,143106,2.0
2023,260,신한대학교,대학,사립,경기,B그룹,275589,109396,384985,388700,111850,500550,17,20,67118,3,40,67118,170,11,181,17354,3497,20851,16228,0,500550,6545,76.5,20851,500550,4.300000190734863
2023,261,신흥대학교,전문대학,사립,경기,A그룹,0,0,0,0,0,0,0,0,0,0,0,0,0,0,0,0,0,0,0,0,0,0,0.0,0,0,0.0
2023,262,실천신학대학원대학교,대학원대학,사립,경기,-,6464,5456,11920,7580,5792,13372,0,0,0,0,0,0,7,0,7,6,75,81,81,0,13372,77,173.6999969482422,81,13372,0.6000000238418579
2023,263,아신대학교,대학,사립,경기,C그룹,55054,33659,88713,91698,53832,145530,5,8,1176777,0,13,1176777,153,53,206,1364,1188,2552,2024,524,145530,1024,142.10000610351562,2552,145530,1.7999999523162842
2023,264,아주대학교,대학,사립,경기,A그룹,381249,259422,640671,680808,462764,1143572,52,56,108163,3,111,108163,179,34,213,17471,2552,20023,17723,35161,1143572,13712,83.4000015258789,20023,1143572,1.7999999523162842
2023,265,아주자동차대학교,전문대학,사립,충남,C그룹,47435,257,47692,47589,280,47869,0,0,5685,0,0,5685,60,0,60,41,265,306,305,417,47869,820,58.400001525878906,306,47869,0.6000000238418579
2023,266,안동과학대학교,전문대학,사립,경북,B그룹,79978,2574,82552,141526,2982,144508,13,11,68822,1,25,68822,129,1,130,2605,734,3339,2840,0,144508,2162,66.80000305175781,3339,144508,2.400000095367432
2023,267,안산대학교,전문대학,사립,경기,A그룹,95338,31195,126533,173837,34499,208336,6,12,100083,1,19,100083,101,12,113,4749,1120,5869,5004,0,208336,4118,50.59999847412109,5869,208336,2.900000095367432
2023,268,안양대학교,대학,사립,경기,B그룹,282273,82708,364981,407512,88255,495767,17,18,155230,4,39,155230,78,15,93,3188,2655,5843,4163,0,495767,5048,98.1999969482422,5843,495767,1.2000000476837158
2023,269,에스라성경대학원대학교,대학원대학,사립,경기,-,3731,2786,6517,7576,2262,9838,0,0,0,0,0,0,8,0,8,48,0,48,41,2041,9838,71,138.60000610351562,48,9838,0.5
2023,270,여주대학교,전문대학,사립,경기,B그룹,154371,52404,206775,161933,52613,214546,3,1,75043,0,4,75043,32,0,32,5619,26,5645,5577,0,214546,4063,52.79999923706055,5645,214546,2.700000047683716
2023,271,연성대학교,전문대학,사립,경기,A그룹,148878,20108,168986,193886,20923,214809,2,1,53399,9,12,53399,98,9,107,4918,1447,6365,5708,6915,214809,5824,36.900001525878906,6365,214809,3.0999999046325684
2023,272,연세대학교,대학,사립,서울,A그룹,927238,983743,1910981,1586324,1323794,2910118,75,94,523977,1,170,523977,741,560,1301,45405,11080,56485,46988,10769,2910118,31135,93.5,56485,2910118,2.0
2023,273,연세대학교(미래),대학,사립,강원,B그룹,377719,74110,451829,511748,132254,644002,40,27,349174,3,70,349174,258,9,267,21730,330,22060,17948,1985,644002,7958,80.9000015258789,22060,644002,3.5
2023,274,연암공과대학교,전문대학,사립,경남,C그룹,51608,110,51718,70281,195,70476,6,2,64032,0,8,64032,89,0,89,1606,0,1606,1580,0,70476,1248,56.5,1606,70476,2.299999952316284
2023,275,연암대학교,전문대학,사립,충남,C그룹,50221,2274,52495,71938,2868,74806,0,1,10642,0,1,10642,33,2,35,718,442,1160,1140,0,74806,1100,68.0,1160,74806,1.600000023841858
2023,276,영남대학교,대학,사립,경북,A그룹,564124,424550,988674,1210510,669087,1879597,59,52,112846,0,111,112846,595,73,668,18414,5598,24012,22268,48731,1879597,22523,83.5,24012,1879597,1.2999999523162842
2023,277,영남사이버대학교,대학,사립,경북,C그룹,0,0,0,0,0,0,0,0,0,0,0,0,0,0,0,0,0,0,0,0,0,0,0.0,0,0,0.0
2023,278,영남신학대학교,대학,사립,경북,C그룹,68442,35374,103816,101152,46592,147744,11,11,75700,0,22,75700,42,1,43,3065,114,3179,1928,33,147744,702,210.5,3179,147744,2.200000047683716
2023,279,영남외국어대학,전문대학,사립,경북,C그룹,25123,1024,26147,25606,1026,26632,1,1,1345,0,2,1345,0,0,0,0,0,0,0,0,26632,372,71.5999984741211,0,26632,0.0
2023,280,영남이공대학교,전문대학,사립,대구,A그룹,108703,4219,112922,222354,5837,228191,15,11,89724,2,28,89724,147,1,148,6000,296,6296,4132,0,228191,5567,41.0,6296,228191,2.799999952316284
2023,281,영산대학교,대학,사립,경남,B그룹,275282,59590,334872,424118,72780,496898,15,20,72801,7,42,72801,80,3,83,5391,2403,7794,6700,0,496898,6088,81.5999984741211,7794,496898,1.600000023841858
2023,282,영산선학대학교,대학,사립,전남,C그룹,35260,2978,38238,46185,5753,51938,0,0,0,0,0,0,36,0,36,0,0,0,0,0,51938,38,1366.800048828125,0,51938,0.0
2023,283,영진전문대학교,전문대학,사립,대구,A그룹,169027,24657,193684,349574,36967,386541,4,11,29606,3,18,29606,142,0,142,17316,0,17316,6011,0,386541,7111,54.400001525878906,17316,386541,4.699999809265137
2023,284,예명대학원대학교,대학원대학,사립,서울,-,9700,1275,10975,16228,1612,17840,0,0,0,0,0,0,0,0,0,165,48,213,195,0,17840,258,69.0999984741211,213,17840,1.2000000476837158
2023,285,예수대학교,대학,사립,전북,C그룹,37658,3347,41005,47052,3999,51051,6,10,9119,0,16,9119,19,6,25,546,291,837,807,160,51051,542,94.1999969482422,837,51051,1.7000000476837158
2023,286,예원예술대학교,대학,사립,전북,C그룹,31697,149,31846,42083,189,42272,10,15,57927,0,25,57927,2,0,2,0,0,0,0,0,42272,1682,25.100000381469727,0,42272,0.0
2023,287,오산대학교,전문대학,사립,경기,A그룹,134371,6862,141233,175390,7508,182898,15,12,66249,2,29,66249,48,1,49,5132,0,5132,4497,0,182898,4099,44.59999847412109,5132,182898,2.900000095367432
2023,288,온석대학원대학교,대학원대학,사립,경기,-,12552,4448,17000,22199,9207,31406,0,0,10448,0,0,10448,0,0,0,17,0,17,17,0,31406,204,154.0,17,31406,0.1000000014901161
2023,289,용인대학교,대학,사립,경기,B그룹,206276,24543,230819,408172,40776,448948,14,7,52874,4,25,52874,137,1,138,9495,785,10280,6802,0,448948,6008,74.69999694824219,10280,448948,2.299999952316284
2023,290,용인예술과학대학교,전문대학,사립,경기,B그룹,100125,12546,112671,157614,12868,170482,15,15,85751,0,30,85751,18,0,18,3101,583,3684,3552,0,170482,2858,59.70000076293945,3684,170482,2.200000047683716
2023,291,우석대학교,대학,사립,전북,B그룹,275385,126967,402352,632018,200189,832207,17,18,113661,4,39,113661,265,1,266,6854,2013,8867,5518,0,832207,8054,103.3000030517578,8867,832207,1.100000023841858
2023,292,우송공업대학,전문대학,사립,대전,B그룹,0,0,0,0,0,0,0,0,0,0,0,0,0,0,0,0,0,0,0,0,0,0,0.0,0,0,0.0
2023,293,우송대학교,대학,사립,대전,A그룹,176756,165309,342065,465425,178072,643497,18,21,252443,1,40,252443,24,4,28,3190,915,4105,2904,0,643497,10238,62.900001525878906,4105,643497,0.6000000238418579
2023,294,우송정보대학,전문대학,사립,대전,B그룹,86823,9662,96485,169421,13747,183168,10,14,69218,0,24,69218,25,4,29,1692,4124,5816,1800,0,183168,3416,53.59999847412109,5816,183168,3.299999952316284
2023,295,울산과학기술원,대학,국립,울산,C그룹,102879,145504,248383,115705,162921,278626,37,23,447278,1,61,447278,0,0,0,7605,394,7999,7882,0,278626,3995,69.69999694824219,7999,278626,3.0
2023,296,울산과학대학교,전문대학,사립,울산,A그룹,133124,3376,136500,197158,5677,202835,6,13,65032,1,20,65032,21,0,21,6887,94,6981,4809,311,202835,5296,38.29999923706055,6981,202835,3.5999999046325684
2023,297,울산대학교,대학,사립,울산,A그룹,411040,201498,612538,686306,396120,1082426,54,54,239172,0,108,239172,51,4,55,7075,2756,9831,7361,90309,1082426,13264,81.5999984741211,9831,1082426,0.8999999761581421
2023,298,웅지세무대학교,전문대학,사립,경기,C그룹,0,0,0,0,0,0,0,0,0,0,0,0,0,0,0,0,0,0,0,0,0,681,0.0,0,0,0.0
2023,299,원광대학교,대학,사립,전북,A그룹,491628,255574,747202,1104976,483786,1588762,29,35,109258,2,66,109258,526,13,539,30824,2934,33758,19394,42208,1588762,14401,110.3000030517578,33758,1588762,2.200000047683716
2023,300,원광보건대학교,전문대학,사립,전북,B그룹,71430,9733,81163,180894,15135,196029,6,6,25137,3,15,25137,112,0,112,6039,868,6907,3945,4277,196029,4226,46.400001525878906,6907,196029,3.700000047683716
2023,301,원불교대학원대학교,대학원대학,사립,전북,-,14343,1926,16269,24919,2265,27184,0,0,0,0,0,0,4,0,4,93,98,191,132,290,27184,35,776.7000122070312,191,27184,0.699999988079071
2023,302,웨스트민스터신학대학원대학교,대학원대학,사립,경기,-,31810,8593,40403,43133,10384,53517,13,13,56982,0,26,56982,314,0,314,566,2269,2835,2586,18,53517,483,110.8000030517578,2835,53517,5.599999904632568
2023,303,위덕대학교,대학,사립,경북,C그룹,113329,69078,182407,217814,85185,302999,14,18,95641,1,33,95641,58,8,66,4546,4800,9346,7616,3495,302999,2859,106.0,9346,302999,3.200000047683716
2023,304,유원대학교,대학,사립,충북,C그룹,222377,6359,228736,412184,10539,422723,10,13,60085,4,27,60085,86,0,86,4097,0,4097,3817,0,422723,3392,124.5999984741211,4097,422723,1.0
2023,305,유한대학교,전문대학,사립,경기,A그룹,108449,15767,124216,207519,17617,225136,12,6,20549,0,18,20549,81,9,90,4525,133,4658,4257,0,225136,4748,47.400001525878906,4658,225136,2.0999999046325684
2023,306,육군사관학교,기타,기타,서울,-,169851,74343,244194,216791,82837,299628,12,0,6201,0,12,6201,126,16,142,3230,1581,4811,4312,0,299628,0,0.0,4811,299628,1.600000023841858
2023,307,을지대학교,대학,사립,대전,B그룹,121920,60804,182724,195647,62523,258170,20,18,99052,1,39,99052,21,0,21,6426,740,7166,3808,0,258170,4532,57.0,7166,258170,2.900000095367432
2023,308,이화여자대학교,대학,사립,서울,A그룹,634077,534313,1168390,968632,746510,1715142,36,90,514418,7,133,514418,270,633,903,47178,3162,50340,42718,56582,1715142,21080,81.4000015258789,50340,1715142,3.0
2023,309,인덕대학교,전문대학,사립,서울,A그룹,124291,40924,165215,218896,44987,263883,14,12,85771,0,26,85771,58,0,58,6522,77,6599,5799,0,263883,5945,44.400001525878906,6599,263883,2.5999999046325684
2023,310,인제대학교,대학,사립,경남,B그룹,427763,168629,596392,683556,244032,927588,39,39,181596,0,78,181596,80,10,90,7703,1129,8832,6427,10855,927588,9112,101.8000030517578,8832,927588,1.0
2023,311,인제대학원대학교,대학원대학,사립,서울,-,0,0,0,0,0,0,0,0,0,0,0,0,0,0,0,0,0,0,0,0,0,0,0.0,0,0,0.0
2023,312,인천가톨릭대학교,대학,사립,인천,C그룹,65263,34258,99521,99538,40894,140432,31,32,137975,4,67,137975,100,82,182,2202,718,2920,2560,0,140432,771,182.1000061035156,2920,140432,2.0999999046325684
2023,313,인천대학교,대학,국립,인천,A그룹,471044,153841,624885,1100382,240795,1341177,40,34,108613,4,78,108613,309,35,344,20959,3709,24668,16955,0,1341177,12682,105.8000030517578,24668,1341177,1.899999976158142
2023,314,인천전문대학,전문대학,공립,인천,A그룹,0,0,0,0,0,0,0,0,0,0,0,0,0,0,0,0,0,0,0,0,0,0,0.0,0,0,0.0
2023,315,인하공업전문대학,전문대학,사립,인천,A그룹,101467,16243,117710,214534,21301,235835,11,10,77446,1,22,77446,47,8,55,8157,0,8157,4512,0,235835,6886,34.20000076293945,8157,235835,3.5999999046325684
2023,316,인하대학교,대학,사립,인천,A그룹,597133,342773,939906,1223949,401412,1625361,49,48,113666,3,100,113666,445,75,520,11620,5804,17424,15106,44682,1625361,20348,79.9000015258789,17424,1625361,1.100000023841858
2023,317,장로회신학대학교,대학,사립,서울,C그룹,141310,127600,268910,233089,167987,401076,11,11,49771,2,24,49771,133,103,236,1742,1948,3690,3172,0,401076,2087,192.1999969482422,3690,401076,0.8999999761581421
2023,318,장안대학교,전문대학,사립,경기,B그룹,121352,24179,145531,187904,25598,213502,13,8,87692,2,23,87692,60,4,64,4490,1144,5634,5587,0,213502,3270,65.30000305175781,5634,213502,2.700000047683716
2023,319,재능대학교,전문대학,사립,인천,B그룹,79018,874,79892,126884,910,127794,2,1,8721,0,3,8721,91,0,91,3468,853,4321,3958,0,127794,3341,38.29999923706055,4321,127794,3.5
2023,320,전남과학대학교,전문대학,사립,전남,B그룹,105616,1096,106712,144193,1167,145360,6,6,39029,1,13,39029,98,0,98,7720,717,8437,3921,0,145360,3483,41.70000076293945,8437,145360,6.199999809265137
2023,321,전남대학교,대학,국립,광주,A그룹,884383,485957,1370340,1370575,608223,1978798,41,45,276515,0,86,276515,579,249,828,27972,14147,42119,28519,14,1978798,23488,84.19999694824219,42119,1978798,2.200000047683716
2023,322,전남도립대학교,전문대학,공립,전남,C그룹,70352,1266,71618,101162,1445,102607,5,6,62159,1,12,62159,136,0,136,2157,322,2479,2479,0,102607,1141,89.9000015258789,2479,102607,2.5
2023,323,전북과학대학교,전문대학,사립,전북,C그룹,57412,1583,58995,61091,4222,65313,0,5,11468,4,9,11468,92,1,93,1640,0,1640,1640,0,65313,1702,38.400001525878906,1640,65313,2.5999999046325684
2023,324,전북대학교,대학,국립,전북,A그룹,560994,250790,811784,1334322,439510,1773832,40,47,143857,7,94,143857,400,246,646,34594,10263,44857,28140,130966,1773832,21391,82.9000015258789,44857,1773832,2.5999999046325684
2023,325,전주교육대학교,대학,국립,전북,C그룹,130471,11556,142027,301909,15849,317758,15,13,60000,0,28,60000,107,0,107,4801,1637,6438,2612,0,317758,1329,239.1000061035156,6438,317758,2.0999999046325684
2023,326,전주기전대학,전문대학,사립,전북,C그룹,57047,2405,59452,96232,3696,99928,0,1,8948,0,1,8948,7,2,9,1493,0,1493,1443,0,99928,1592,62.79999923706055,1493,99928,1.5
2023,327,전주대학교,대학,사립,전북,A그룹,355774,63325,419099,615668,133540,749208,21,21,25166,4,46,25166,207,0,207,11444,2867,14311,9914,0,749208,12297,60.900001525878906,14311,749208,1.899999976158142
2023,328,전주비전대학교,전문대학,사립,전북,B그룹,81597,7116,88713,149932,8577,158509,5,4,16883,41,50,16883,25,0,25,4226,129,4355,2938,0,158509,3436,46.09999847412109,4355,158509,2.799999952316284
2023,329,제네바신학대학원대학교,대학원대학,사립,경기,-,21056,6690,27746,34812,9608,44420,0,0,0,0,0,0,59,29,88,269,0,269,257,0,44420,5,8884.0,269,44420,0.6000000238418579
2023,330,제주관광대학교,전문대학,사립,제주,C그룹,46881,1273,48154,79502,1543,81045,1,2,0,0,3,0,86,1,87,1057,58,1115,681,0,81045,1779,45.59999847412109,1115,81045,1.399999976158142
2023,331,제주국제대학교,대학,사립,제주,C그룹,54054,7706,61760,74381,8319,82700,0,0,6248,0,0,6248,135,0,135,0,42,42,41,0,82700,679,121.8000030517578,42,82700,0.1000000014901161
2023,332,제주대학교,대학,국립,제주,A그룹,471974,314406,786380,961106,422153,1383259,30,39,632964,3,72,632964,312,157,469,38670,5938,44608,33242,44050,1383259,11199,123.5,44608,1383259,3.299999952316284
2023,333,제주한라대학교,전문대학,사립,제주,A그룹,89361,12794,102155,129633,14479,144112,5,7,14632,1,13,14632,134,0,134,1182,1636,2818,2802,0,144112,5044,28.600000381469727,2818,144112,2.0
2023,334,조선간호대학교,전문대학,사립,광주,C그룹,30977,1863,32840,36291,1999,38290,10,10,66264,0,20,66264,29,0,29,796,5,801,800,0,38290,741,51.70000076293945,801,38290,2.0999999046325684
2023,335,조선대학교,대학,사립,광주,A그룹,494879,242140,737019,1019454,412016,1431470,34,30,180900,0,64,180900,124,33,157,16120,4655,20775,14778,13663,1431470,19702,72.69999694824219,20775,1431470,1.5
2023,336,조선이공대학교,전문대학,사립,광주,B그룹,68941,15666,84607,100820,20083,120903,0,0,17486,0,0,17486,36,0,36,3288,0,3288,2772,0,120903,3068,39.400001525878906,3288,120903,2.799999952316284
2023,337,주안대학원대학교,대학원대학,사립,인천,-,5876,3128,9004,12338,3433,15771,4,4,6532,0,8,6532,28,3,31,410,0,410,363,0,15771,80,197.1000061035156,410,15771,2.700000047683716
2023,338,중부대학교,대학,사립,충남,B그룹,305140,74532,379672,668328,88334,756662,19,25,183003,3,47,183003,252,0,252,20862,32245,53107,24923,0,756662,8903,85.0,53107,756662,7.5
2023,339,중앙대학교,대학,사립,서울,A그룹,536792,606371,1143163,1492519,834289,2326808,52,89,716527,2,143,716527,143,106,249,32951,3892,36843,25697,46027,2326808,29052,80.0999984741211,36843,2326808,1.600000023841858
2023,340,중앙승가대학교,대학,사립,경기,C그룹,62868,6801,69669,81996,9673,91669,3,0,272,0,3,272,1218,0,1218,0,483,483,471,0,91669,160,572.9000244140625,483,91669,0.5
2023,341,중원대학교,대학,사립,충북,C그룹,81416,134172,215588,97433,134921,232354,12,17,56883,2,31,56883,54,0,54,6000,7904,13904,13904,0,232354,3899,59.59999847412109,13904,232354,6.400000095367432
2023,342,진주교육대학교,대학,국립,경남,C그룹,152213,9444,161657,304476,11951,316427,13,14,83452,0,27,83452,25,0,25,7136,75,7211,2057,0,316427,1597,198.1000061035156,7211,316427,2.299999952316284
2023,343,진주보건대학교,전문대학,사립,경남,B그룹,74485,1993,76478,102565,2444,105009,9,7,56882,0,16,56882,124,0,124,3173,618,3791,2876,0,105009,2564,41.0,3791,105009,3.700000047683716
2023,344,차의과학대학교,대학,사립,경기,C그룹,47289,11469,58758,90632,18874,109506,15,15,72186,0,30,72186,124,0,124,1355,1331,2686,1287,0,109506,3419,32.0,2686,109506,2.5
2023,345,창신대학교,대학,사립,경남,C그룹,102625,4338,106963,153489,5972,159461,10,11,31187,2,23,31187,35,0,35,764,76,840,571,0,159461,1913,83.4000015258789,840,159461,0.5
2023,346,창원문성대학교,전문대학,사립,경남,C그룹,94490,2640,97130,187425,5613,193038,1,1,11058,0,2,11058,9,0,9,1614,0,1614,1006,13239,193038,1533,125.9000015258789,1614,193038,0.800000011920929
2023,347,청강문화산업대학교,전문대학,사립,경기,B그룹,108582,16230,124812,185727,17804,203531,12,11,72217,1,24,72217,93,43,136,4815,361,5176,4427,0,203531,3700,55.0,5176,203531,2.5999999046325684
2023,348,청암대학교,전문대학,사립,전남,B그룹,64838,7287,72125,91738,10785,102523,3,2,990,0,5,990,4,0,4,2243,0,2243,1920,0,102523,2386,43.0,2243,102523,2.200000047683716
2023,349,청운대학교,대학,사립,충남,B그룹,304051,68109,372160,617546,78338,695884,18,19,164399,2,39,164399,99,21,120,16623,450,17073,12385,0,695884,6018,115.5999984741211,17073,695884,2.5
2023,350,청주교육대학교,대학,국립,충북,C그룹,161215,15522,176737,290798,24741,315539,16,11,69286,0,27,69286,110,0,110,6419,2044,8463,3702,0,315539,1524,207.0,8463,315539,2.799999952316284
2023,351,청주대학교,대학,사립,충북,A그룹,485845,190357,676202,1048320,289463,1337783,24,41,141600,3,68,141600,461,34,495,23486,3424,26910,15615,1,1337783,11343,117.9000015258789,26910,1337783,2.0999999046325684
2023,352,초당대학교,대학,사립,전남,C그룹,201968,45271,247239,339459,52143,391602,16,18,108854,4,38,108854,76,7,83,11682,172,11854,5489,0,391602,3394,115.4000015258789,11854,391602,3.0999999046325684
2023,353,총신대학교,대학,사립,서울,C그룹,125568,349894,475462,292581,412560,705141,16,29,248281,3,48,248281,106,40,146,9298,1130,10428,8505,0,705141,3446,204.6000061035156,10428,705141,1.5
2023,354,추계예술대학교,대학,사립,서울,C그룹,105610,9916,115526,135958,10921,146879,14,17,79043,3,34,79043,71,9,80,2323,396,2719,2639,0,146879,1340,109.5999984741211,2719,146879,1.899999976158142
2023,355,춘천교육대학교,대학,국립,강원,C그룹,217992,7275,225267,342156,9324,351480,11,19,11974,1,31,11974,37,0,37,3842,8,3850,2620,0,351480,1665,211.1000061035156,3850,351480,1.100000023841858
2023,356,춘해보건대학교,전문대학,사립,울산,B그룹,83742,1775,85517,95705,2224,97929,7,5,76229,0,12,76229,76,1,77,3126,1415,4541,4171,0,97929,2634,37.20000076293945,4541,97929,4.900000095367432
2023,357,충남대학교,대학,국립,대전,A그룹,634760,300339,935099,1373310,494432,1867742,34,54,335874,5,93,335874,78,387,465,16038,9182,25220,16540,11500,1867742,21840,85.5,25220,1867742,1.399999976158142
2023,358,충남도립대학교,전문대학,공립,충남,C그룹,46742,1627,48369,68905,1958,70863,4,0,1602,2,6,1602,93,3,96,1895,809,2704,2301,4770,70863,995,71.19999694824219,2704,70863,4.0
2023,359,충북대학교,대학,국립,충북,A그룹,458370,178415,636785,1138116,269009,1407125,46,48,120763,6,100,120763,617,163,780,22757,7806,30563,20455,60,1407125,16166,87.0,30563,1407125,2.200000047683716
2023,360,충북도립대학교,전문대학,공립,충북,C그룹,39130,193,39323,67364,233,67597,0,1,4551,0,1,4551,57,0,57,872,276,1148,681,3461,67597,785,86.0999984741211,1148,67597,1.7000000476837158
2023,361,충북보건과학대학교,전문대학,사립,충북,B그룹,68864,4050,72914,106731,4690,111421,4,4,69316,0,8,69316,144,0,144,1888,15,1903,1451,2514,111421,2355,47.29999923706055,1903,111421,1.7000000476837158
2023,362,충청대학교,전문대학,사립,충북,B그룹,102225,18846,121071,161887,21017,182904,14,12,74952,4,30,74952,81,0,81,3863,141,4004,3872,0,182904,3275,55.79999923706055,4004,182904,2.200000047683716
2023,363,치유상담대학원대학교,대학원대학,사립,서울,-,14631,3155,17786,14740,3178,17918,0,2,0,0,2,0,5,0,5,86,20,106,104,0,17918,138,129.8000030517578,106,17918,0.6000000238418579
2023,364,칼빈대학교,대학,사립,경기,C그룹,47098,38392,85490,79826,43328,123154,13,17,78271,0,30,78271,125,19,144,486,287,773,663,0,123154,1033,119.1999969482422,773,123154,0.6000000238418579
2023,365,탐라대학교,대학,사립,제주,C그룹,0,0,0,0,0,0,0,0,0,0,0,0,0,0,0,0,0,0,0,0,0,0,0.0,0,0,0.0
2023,366,평택대학교,대학,사립,경기,C그룹,239500,73851,313351,366383,88737,455120,15,16,76262,1,32,76262,105,0,105,9607,2836,12443,10411,0,455120,3667,124.0999984741211,12443,455120,2.799999952316284
2023,367,포항공과대학교,대학,사립,경북,C그룹,92725,180100,272825,117846,265712,383558,34,29,797984,1,64,797984,75,2,77,3383,173,3556,2898,20,383558,3306,116.0,3556,383558,0.8999999761581421
2023,368,포항대학교,전문대학,사립,경북,C그룹,48104,15392,63496,80304,24505,104809,1,1,1310,0,2,1310,47,0,47,3269,0,3269,3172,0,104809,1532,68.4000015258789,3269,104809,3.200000047683716
2023,369,한경국립대학교,대학,국립,경기,B그룹,253350,37497,290847,507134,50939,558073,29,27,126154,4,60,126154,277,32,309,10024,1333,11357,7478,0,558073,6018,92.6999969482422,11357,558073,2.0999999046325684
2023,370,한국개발연구원국제정책대학원대학교,대학원대학,사립,세종,-,87253,148331,235584,98054,175503,273557,9,27,333209,0,36,333209,1,8,9,1062,4030,5092,4908,910,273557,752,363.7999877929688,5092,273557,1.899999976158142
2023,371,한국골프과학기술대학교,전문대학,사립,강원,C그룹,15951,47,15998,16729,47,16776,0,0,2639,0,0,2639,16,0,16,428,1,429,419,0,16776,425,39.5,429,16776,2.5999999046325684
2023,372,한국공학대학교,대학,사립,경기,B그룹,133063,10455,143518,209034,13865,222899,15,16,93809,5,36,93809,108,11,119,5431,1157,6588,5631,0,222899,7454,29.899999618530277,6588,222899,3.0
2023,373,한국과학기술원,대학,국립,대전,A그룹,318749,414214,732963,442218,476050,918268,64,69,569616,2,135,569616,95,12,107,30383,3338,33721,34294,956,918268,11059,83.0,33721,918268,3.799999952316284
2023,374,한국관광대학교,전문대학,사립,경기,C그룹,57627,1671,59298,106040,2126,108166,8,8,61451,1,17,61451,68,1,69,3407,1402,4809,2640,0,108166,1453,74.4000015258789,4809,108166,4.699999809265137
2023,375,한국교원대학교,대학,국립,충북,B그룹,262149,126685,388834,545401,164270,709671,28,23,136594,0,51,136594,159,28,187,13149,3646,16795,13320,0,709671,5549,127.9000015258789,16795,709671,2.400000095367432
2023,376,한국국제대학교,대학,사립,경남,C그룹,0,0,0,0,0,0,0,0,0,0,0,0,0,0,0,0,0,0,0,0,0,0,0.0,0,0,0.0
2023,377,한국기술교육대학교,대학,사립,충남,C그룹,175222,35822,211044,394526,48226,442752,21,23,72260,5,49,72260,156,5,161,11724,1121,12845,6687,0,442752,4698,94.1999969482422,12845,442752,3.0
2023,378,한국농수산대학교,전문대학,국립,전북,C그룹,56320,4175,60495,67086,5018,72104,1,3,16884,2,6,16884,163,23,186,3470,350,3820,3660,0,72104,1693,42.59999847412109,3820,72104,5.599999904632568
2023,379,한국방송통신대학교,대학,국립,서울,A그룹,215562,80075,295637,897134,91266,988400,24,33,135181,4,61,135181,77,1,78,8427,2241,10668,5659,52577,988400,99334,10.0,10668,988400,1.100000023841858
2023,380,한국복지사이버대학교,전문대학,사립,경북,B그룹,3232,5491,8723,6469,5491,11960,0,0,8723,0,0,8723,0,0,0,171,214,385,324,0,11960,2655,4.5,385,11960,3.299999952316284
2023,381,한국상담대학원대학교,대학원대학,사립,서울,-,13672,2124,15796,20406,2544,22950,3,1,0,0,4,0,0,0,0,211,892,1103,665,0,22950,169,135.8000030517578,1103,22950,5.0
2023,382,한국성서대학교,대학,사립,서울,C그룹,94465,22088,116553,140411,26750,167161,10,19,95061,3,32,95061,94,21,115,1353,1019,2372,2135,1328,167161,1195,139.89999389648438,2372,167161,1.399999976158142
2023,383,한국승강기대학교,전문대학,사립,경남,C그룹,16001,375,16376,22797,375,23172,0,1,1637,0,1,1637,0,0,0,350,0,350,337,0,23172,630,36.79999923706055,350,23172,1.5
2023,384,한국에너지공과대학교,대학,국립,전남,C그룹,0,0,0,4949,1333,6282,17,9,1754,0,26,1754,0,0,0,2700,982,3682,3936,0,6282,154,40.79999923706055,3682,6282,141.60000610351562
2023,385,한국열린사이버대학교,대학,사립,서울,B그룹,2096,367,2463,2291,1835,4126,0,0,3931,0,0,3931,0,0,0,0,0,0,0,0,4126,5741,0.699999988079071,0,4126,0.0
2023,386,한국영상대학교,전문대학,사립,세종,B그룹,75712,1622,77334,134590,2407,136997,2,3,21125,2,7,21125,63,1,64,3141,937,4078,3608,0,136997,3095,44.29999923706055,4078,136997,3.0999999046325684
2023,387,한국예술종합학교,대학,국립,서울,C그룹,151772,95053,246825,239524,111092,350616,15,17,138783,2,34,138783,158,160,318,8754,4358,13112,11214,0,350616,2655,132.10000610351562,13112,350616,3.900000095367432
2023,388,한국외국어대학교,대학,사립,서울,A그룹,618980,402973,1021953,1451788,620676,2072464,39,63,432957,6,108,432957,1369,370,1739,37541,3989,41530,29921,6,2072464,19122,108.4000015258789,41530,2072464,2.0
2023,389,한국전력국제원자력대학원대학교,대학원대학,사립,울산,-,4444,5364,9808,4444,5364,9808,0,2,1,0,2,1,3,11,14,286,73,359,359,0,9808,106,92.5,359,9808,3.799999952316284
2023,390,한국전통문화대학교,대학,국립,충남,C그룹,132467,25558,158025,261897,38950,300847,15,15,78588,0,30,78588,81,39,120,7555,3938,11493,7527,0,300847,831,362.0,11493,300847,4.0
2023,391,한국정보통신대학교,대학,사립,대전,C그룹,0,0,0,0,0,0,0,0,0,0,0,0,0,0,0,0,0,0,0,0,0,0,0.0,0,0,0.0
2023,392,한국철도대학,전문대학,국립,경기,C그룹,0,0,0,0,0,0,0,0,0,0,0,0,0,0,0,0,0,0,0,0,0,0,0.0,0,0,0.0
2023,393,한국체육대학교,대학,국립,서울,C그룹,99233,10617,109850,149126,15946,165072,17,20,56882,0,37,56882,95,6,101,1003,123,1126,910,0,165072,3000,55.0,1126,165072,0.699999988079071
2023,394,한국침례신학대학교,대학,사립,대전,C그룹,108151,70402,178553,182735,83925,266660,16,20,95700,0,36,95700,90,30,120,1682,645,2327,1625,0,266660,1652,161.39999389648438,2327,266660,0.8999999761581421
2023,395,한국폴리텍Ⅰ대학서울강서캠퍼스,전문대학,사립,서울,C그룹,8412,0,8412,8420,0,8420,0,0,7790,0,0,7790,1,0,1,143,0,143,0,0,8420,534,15.800000190734863,143,8420,1.7000000476837158
2023,396,한국폴리텍Ⅰ대학서울정수캠퍼스,전문대학,사립,서울,C그룹,14418,15,14433,14433,15,14448,0,0,0,0,0,0,0,0,0,323,0,323,323,78,14448,1303,11.100000381469728,323,14448,2.299999952316284
2023,397,한국폴리텍Ⅰ대학성남캠퍼스,전문대학,사립,경기,C그룹,9536,0,9536,12309,0,12309,0,0,0,0,0,0,0,0,0,297,0,297,294,0,12309,701,17.600000381469727,297,12309,2.5
2023,398,한국폴리텍Ⅰ대학제주캠퍼스,전문대학,사립,제주,C그룹,8190,0,8190,8190,0,8190,0,0,0,0,0,0,0,0,0,155,0,155,0,0,8190,43,190.5,155,8190,1.899999976158142
2023,399,한국폴리텍Ⅱ대학남인천캠퍼스,전문대학,사립,인천,C그룹,4616,0,4616,5289,0,5289,0,0,0,0,0,0,0,0,0,82,0,82,82,0,5289,68,77.80000305175781,82,5289,1.600000023841858
2023,400,한국폴리텍Ⅱ대학인천캠퍼스,전문대학,사립,인천,C그룹,16038,0,16038,19875,0,19875,0,0,2866,0,0,2866,0,0,0,188,0,188,177,0,19875,1820,10.899999618530272,188,19875,1.0
2023,401,한국폴리텍Ⅱ대학화성캠퍼스,전문대학,사립,경기,C그룹,2365,0,2365,3628,0,3628,0,0,0,0,0,0,0,0,0,0,269,269,268,152,3628,23,157.6999969482422,269,3628,8.0
2023,402,한국폴리텍Ⅲ대학강릉캠퍼스,전문대학,사립,강원,C그룹,5844,0,5844,6278,0,6278,0,0,0,0,0,0,5,0,5,34,0,34,358,0,6278,132,47.59999847412109,34,6278,0.5
2023,403,한국폴리텍Ⅲ대학원주캠퍼스,전문대학,사립,강원,C그룹,4907,0,4907,4907,0,4907,0,0,0,0,0,0,0,0,0,161,0,161,161,0,4907,100,49.09999847412109,161,4907,3.400000095367432
2023,404,한국폴리텍Ⅲ대학춘천캠퍼스,전문대학,사립,강원,C그룹,9578,0,9578,11894,0,11894,0,0,2080,0,0,2080,0,0,0,236,0,236,236,0,11894,240,49.59999847412109,236,11894,2.0
2023,405,한국폴리텍Ⅳ대학대전캠퍼스,전문대학,사립,대전,C그룹,7714,0,7714,7714,0,7714,0,0,2867,0,0,2867,0,0,0,0,0,0,0,0,7714,734,10.5,0,7714,0.0
2023,406,한국폴리텍Ⅳ대학아산캠퍼스,전문대학,사립,충남,C그룹,7473,0,7473,8495,0,8495,0,0,0,0,0,0,16,0,16,59,0,59,55,0,8495,457,18.600000381469727,59,8495,0.699999988079071
2023,407,한국폴리텍Ⅳ대학청주캠퍼스,전문대학,사립,충북,C그룹,5572,0,5572,9839,0,9839,0,0,0,0,0,0,0,0,0,95,0,95,87,0,9839,709,13.899999618530272,95,9839,1.0
2023,408,한국폴리텍Ⅳ대학충남캠퍼스,전문대학,사립,충남,C그룹,0,0,0,5034,0,5034,0,0,0,0,0,0,0,0,0,0,0,0,0,382,5034,177,28.399999618530277,0,5034,0.0
2023,409,한국폴리텍Ⅴ대학광주캠퍼스,전문대학,사립,광주,C그룹,12193,0,12193,15064,0,15064,0,0,0,0,0,0,0,0,0,250,0,250,250,0,15064,808,18.600000381469727,250,15064,1.7000000476837158
2023,410,한국폴리텍Ⅴ대학순천캠퍼스,전문대학,사립,전남,C그룹,5519,7,5526,5988,9,5997,0,0,0,0,0,0,0,0,0,54,0,54,54,0,5997,14,428.3999938964844,54,5997,0.8999999761581421
2023,411,한국폴리텍Ⅴ대학익산캠퍼스,전문대학,사립,전북,C그룹,3954,0,3954,4519,0,4519,0,0,0,0,0,0,0,0,0,42,0,42,42,0,4519,131,34.5,42,4519,0.8999999761581421
2023,412,한국폴리텍Ⅴ대학전남캠퍼스,전문대학,사립,전남,C그룹,2500,0,2500,4338,0,4338,0,0,0,0,0,0,0,0,0,21,0,21,3,0,4338,165,26.299999237060547,21,4338,0.5
2023,413,한국폴리텍Ⅴ대학전북캠퍼스,전문대학,사립,전북,C그룹,0,0,0,0,0,0,0,0,0,0,0,0,0,0,0,0,0,0,0,0,0,0,0.0,0,0,0.0
2023,414,한국폴리텍Ⅵ대학구미캠퍼스,전문대학,사립,경북,C그룹,2500,0,2500,7757,0,7757,0,0,0,0,0,0,11,0,11,282,0,282,282,0,7757,494,15.699999809265137,282,7757,3.799999952316284
2023,415,한국폴리텍Ⅵ대학대구캠퍼스,전문대학,사립,대구,C그룹,12204,0,12204,13432,0,13432,0,0,0,0,0,0,30,0,30,276,0,276,0,907,13432,533,25.200000762939453,276,13432,2.0999999046325684
2023,416,한국폴리텍Ⅵ대학영남융합기술캠퍼스,전문대학,사립,대구,C그룹,8669,0,8669,8669,0,8669,0,0,0,0,0,0,0,0,0,246,0,246,246,0,8669,183,47.400001525878906,246,8669,2.900000095367432
2023,417,한국폴리텍Ⅵ대학영주캠퍼스,전문대학,사립,경북,C그룹,2738,0,2738,3191,0,3191,0,0,0,0,0,0,0,0,0,1,0,1,1,0,3191,48,66.5,1,3191,0.0
2023,418,한국폴리텍Ⅶ대학동부산캠퍼스,전문대학,사립,부산,C그룹,4105,809,4914,3975,779,4754,0,0,0,0,0,0,0,0,0,0,0,0,0,0,4754,5,950.7999877929688,0,4754,0.0
2023,419,한국폴리텍Ⅶ대학부산캠퍼스,전문대학,사립,부산,C그룹,13711,0,13711,13711,0,13711,0,0,0,0,0,0,0,0,0,80,0,80,80,0,13711,726,18.899999618530277,80,13711,0.6000000238418579
2023,420,한국폴리텍Ⅶ대학울산캠퍼스,전문대학,사립,울산,C그룹,10477,0,10477,10477,0,10477,0,0,0,0,0,0,0,0,0,27,0,27,27,0,10477,661,15.899999618530272,27,10477,0.3000000119209289
2023,421,한국폴리텍Ⅶ대학진주캠퍼스,전문대학,사립,경남,C그룹,352,0,352,2401,0,2401,0,0,0,0,0,0,0,0,0,16,0,16,0,0,2401,8,300.1000061035156,16,2401,0.699999988079071
2023,422,한국폴리텍Ⅶ대학창원캠퍼스,전문대학,사립,경남,C그룹,18135,0,18135,17577,0,17577,0,0,0,0,0,0,30,0,30,188,0,188,742,0,17577,1409,12.5,188,17577,1.100000023841858
2023,423,한국폴리텍특성화 로봇캠퍼스,전문대학,사립,경북,C그룹,2655,0,2655,2682,0,2682,0,0,0,0,0,0,0,0,0,300,0,300,300,0,2682,124,21.600000381469727,300,2682,12.600000381469728
2023,424,한국폴리텍특성화 바이오캠퍼스,전문대학,사립,충남,C그룹,4833,0,4833,5892,0,5892,0,0,2867,0,0,2867,4,0,4,166,94,260,0,0,5892,391,15.100000381469728,260,5892,4.599999904632568
2023,425,한국폴리텍특성화 반도체융합캠퍼스,전문대학,사립,경기,C그룹,0,0,0,0,0,0,0,0,0,0,0,0,0,0,0,0,0,0,0,0,0,0,0.0,0,0,0.0
2023,426,한국폴리텍특성화 항공캠퍼스,전문대학,사립,경남,C그룹,5429,200,5629,5429,200,5629,0,0,0,0,0,0,0,0,0,75,0,75,75,12,5629,411,13.699999809265137,75,5629,1.399999976158142
2023,427,한국학대학원,대학원대학,국립,경기,-,216985,104173,321158,343442,155887,499329,14,16,131004,0,30,131004,485,251,736,3245,5792,9037,6759,4394,499329,245,2038.0999755859373,9037,499329,1.7999999523162842
2023,428,한국항공대학교,대학,사립,경기,C그룹,134426,103978,238404,204265,117681,321946,13,10,138099,0,23,138099,57,11,68,2339,232,2571,2533,0,321946,4645,69.30000305175781,2571,321946,0.800000011920929
2023,429,한남대학교,대학,사립,대전,A그룹,370343,145876,516219,749932,235451,985383,19,26,137270,0,45,137270,214,8,222,7961,4013,11974,7313,23737,985383,12202,80.80000305175781,11974,985383,1.2000000476837158
2023,430,한동대학교,대학,사립,경북,C그룹,127754,106385,234139,183856,129201,313057,22,18,105229,1,41,105229,58,45,103,4036,4910,8946,7447,0,313057,4344,72.0999984741211,8946,313057,2.900000095367432
2023,431,한라대학교,대학,사립,강원,C그룹,129236,71500,200736,192686,72049,264735,17,13,156458,4,34,156458,94,6,100,13162,701,13863,13764,0,264735,3184,83.0999984741211,13863,264735,5.5
2023,432,한려대학교,대학,사립,전남,C그룹,0,0,0,0,0,0,0,0,0,0,0,0,0,0,0,0,0,0,0,0,0,0,0.0,0,0,0.0
2023,433,한림국제대학원대학교,대학원대학,사립,서울,-,2263,1225,3488,3768,1309,5077,0,0,0,0,0,0,0,0,0,48,34,82,70,0,5077,246,20.600000381469727,82,5077,1.600000023841858
2023,434,한림대학교,대학,사립,강원,B그룹,289633,153434,443067,586247,281634,867881,27,24,71019,0,51,71019,341,36,377,7260,1577,8837,5495,0,867881,8290,104.6999969482422,8837,867881,1.0
2023,435,한림성심대학교,전문대학,사립,강원,B그룹,82162,4788,86950,150348,7692,158040,15,11,64482,0,26,64482,53,0,53,1794,2006,3800,2961,0,158040,2761,57.20000076293945,3800,158040,2.5
2023,436,한민학교,대학,사립,충남,C그룹,0,0,0,0,0,0,0,0,0,0,0,0,0,0,0,0,0,0,0,0,0,0,0.0,0,0,0.0
2023,437,한반도국제대학원대학교,대학원대학,사립,서울,-,11419,1492,12911,11627,1518,13145,0,0,1,0,0,1,0,0,0,8,10,18,18,0,13145,78,168.5,18,13145,0.1000000014901161
2023,438,한북대학교,대학,사립,경기,C그룹,0,0,0,0,0,0,0,0,0,0,0,0,0,0,0,0,0,0,0,0,0,0,0.0,0,0,0.0
2023,439,한서대학교,대학,사립,충남,B그룹,246601,271929,518530,381163,362060,743223,21,20,124444,5,46,124444,57,1,58,17881,926,18807,16363,0,743223,7050,105.4000015258789,18807,743223,2.5999999046325684
2023,440,한성대학교,대학,사립,서울,B그룹,422406,154012,576418,577288,183115,760403,17,24,125093,6,47,125093,134,0,134,17062,1738,18800,17953,10636,760403,7662,99.1999969482422,18800,760403,2.5
2023,441,한세대학교,대학,사립,경기,C그룹,146394,122544,268938,265138,131066,396204,22,19,222648,2,43,222648,187,24,211,28065,129,28194,26948,0,396204,3119,127.0,28194,396204,7.699999809265137
2023,442,한신대학교,대학,사립,경기,B그룹,213513,97423,310936,390668,144758,535426,18,19,65143,0,37,65143,159,52,211,8820,563,9383,7517,3827,535426,5692,94.0999984741211,9383,535426,1.7999999523162842
2023,443,한양대학교,대학,사립,서울,A그룹,715020,470325,1185345,1139391,670778,1810169,45,58,409742,4,107,409742,255,167,422,30065,10204,40269,34832,9300,1810169,23338,77.5999984741211,40269,1810169,2.299999952316284
2023,444,한양대학교(ERICA),대학,사립,경기,A그룹,442486,139331,581817,771248,259247,1030495,19,20,388985,2,41,388985,69,65,134,15063,1946,17009,16644,882,1030495,11323,91.0,17009,1030495,1.7000000476837158
2023,445,한양여자대학교,전문대학,사립,서울,A그룹,108625,60939,169564,227142,65285,292427,17,14,116440,3,34,116440,119,6,125,8917,39,8956,4857,0,292427,6895,42.400001525878906,8956,292427,3.200000047683716
2023,446,한영대학교,전문대학,사립,전남,C그룹,40738,1025,41763,48393,1110,49503,2,1,0,2,5,0,36,0,36,1401,834,2235,1980,2128,49503,1424,34.79999923706055,2235,49503,4.699999809265137
2023,447,한일장신대학교,대학,사립,전북,C그룹,106631,19455,126086,192319,26552,218871,4,8,66476,0,12,66476,67,5,72,1102,741,1843,1571,0,218871,1093,200.1999969482422,1843,218871,0.800000011920929
2023,448,한중대학교,대학,사립,강원,C그룹,0,0,0,0,0,0,0,0,0,0,0,0,0,0,0,0,0,0,0,0,0,0,0.0,0,0,0.0
2023,449,합동신학대학원대학교,대학원대학,사립,경기,-,77310,64120,141430,112953,79086,192039,14,14,95317,0,28,95317,127,74,201,1619,1167,2786,2169,0,192039,285,673.7999877929688,2786,192039,1.5
2023,450,해군사관학교,기타,기타,경남,-,162689,51000,213689,206070,56683,262753,17,15,17350,1,33,17350,215,21,236,3670,3498,7168,6767,17820,262753,0,0.0,7168,262753,2.799999952316284
2023,451,협성대학교,대학,사립,경기,C그룹,208198,114594,322792,306111,152921,459032,16,21,162096,4,41,162096,126,13,139,11765,1918,13683,10547,0,459032,4360,105.3000030517578,13683,459032,3.0999999046325684
2023,452,혜전대학교,전문대학,사립,충남,B그룹,107745,4194,111939,199736,4852,204588,1,2,8393,5,8,8393,100,0,100,1433,256,1689,1147,0,204588,2379,86.0,1689,204588,0.800000011920929
2023,453,호남대학교,대학,사립,광주,B그룹,283485,175593,459078,472475,284483,756958,20,19,147328,4,43,147328,141,52,193,16323,1764,18087,14634,1251,756958,7865,96.1999969482422,18087,756958,2.400000095367432
2023,454,호남신학대학교,대학,사립,광주,C그룹,83866,92995,176861,115958,98223,214181,9,8,132514,0,17,132514,204,25,229,1704,138,1842,1830,0,214181,818,261.79998779296875,1842,214181,0.8999999761581421
2023,455,호산대학교,전문대학,사립,경북,C그룹,55256,395,55651,88650,956,89606,3,9,6820,0,12,6820,40,0,40,472,0,472,469,0,89606,1816,49.29999923706055,472,89606,0.5
2023,456,호서대학교,대학,사립,충남,A그룹,309113,269506,578619,703061,353592,1056653,21,30,269377,6,57,269377,215,0,215,12052,3663,15715,13851,104221,1056653,13145,80.4000015258789,15715,1056653,1.5
2023,457,호원대학교,대학,사립,전북,B그룹,266626,79986,346612,386859,91331,478190,19,18,113908,3,40,113908,139,2,141,11506,988,12494,9617,13284,478190,5362,89.19999694824219,12494,478190,2.700000047683716
2023,458,홍익대학교,대학,사립,서울,A그룹,899707,308776,1208483,1459523,417543,1877066,51,61,144666,3,115,144666,713,190,903,20204,5488,25692,23308,95811,1877066,21656,86.69999694824219,25692,1877066,1.399999976158142
2023,459,화성의과학대학교,대학,사립,경기,C그룹,9378,5,9383,12494,5,12499,1,1,0,0,2,0,0,0,0,0,99,99,94,0,12499,374,33.400001525878906,99,12499,0.800000011920929
2023,460,화신사이버대학교,대학,사립,부산,C그룹,6918,0,6918,22677,0,22677,0,0,6918,0,0,6918,0,0,0,455,684,1139,738,0,22677,1581,14.300000190734863,1139,22677,5.300000190734863
2023,461,횃불트리니티신학대학원대학교,대학원대학,사립,서울,-,33354,34529,67883,44463,43167,87630,12,11,57082,1,24,57082,76,56,132,967,198,1165,1044,0,87630,370,236.8000030517578,1165,87630,1.2999999523162842
