YR,ID,SNM,STYP,FND,RGN,USC,BR_TCNT_KB,BR_TCNT_OB,BR_TCNT_SUM,BR_BCNT_KB,BR_BCNT_OB,BR_BCNT_SUM,ER_EJN_PKG,ER_WDB_PKG,ER_EB_TCNT,ER_ELV_PKG,ER_TTL_PKG,ER_TTL_TCNT,SRL_KR,SRL_OT,SRL_TTL,AHC_ABI_BUY,AHC_ABI_DON,AHC_ABI_TTL,AHC_ATI,AHC_ARM,BPS_BO,BPS_SCP,BPS_BPS,GRR_AHBC,GRR_BO,GRR_GRR
2017,1,ICT폴리텍대학,전문대학,사립,경기,C그룹,6316,0,6316,8831,0,8831,0,0,0,0,0,0,0,0,0,179,0,179,170,0,8831,311,28.399999618530277,179,8831,2.0999999046325684
2017,2,가야대학교,대학,사립,경남,C그룹,101956,29828,131784,160469,31889,192358,8,0,34058,0,8,34058,1525,59,1584,14748,6189,20937,19376,0,192358,2718,70.80000305175781,20937,192358,12.199999809265137
2017,3,가천대학교,대학,사립,경기,A그룹,334102,126388,460490,831980,168726,1000706,30,29,21293,0,59,21560,165,0,165,28472,8189,36661,16770,0,1000706,20737,48.29999923706055,36661,1000706,3.799999952316284
2017,4,가톨릭관동대학교,대학,사립,강원,B그룹,210291,152188,362479,486194,206214,692408,9,16,72454,0,25,74821,387,18,405,16897,10239,27136,19758,0,692408,9332,74.19999694824219,27136,692408,4.099999904632568
2017,5,가톨릭꽃동네대학교,대학,사립,충북,C그룹,35814,6636,42450,49989,7094,57083,0,15,4759,0,15,4968,90,1,91,3935,1290,5225,4517,0,57083,536,106.5,5225,57083,10.100000381469728
2017,6,가톨릭대학교,대학,사립,경기,A그룹,396926,197280,594206,731810,380273,1112083,68,67,77460,0,135,79142,2402,894,3296,21870,8610,30480,18475,47,1112083,10881,102.1999969482422,30480,1112083,2.799999952316284
2017,7,가톨릭상지대학교,전문대학,사립,경북,C그룹,60205,2342,62547,98811,4099,102910,3,6,8777,0,9,9145,60,2,62,2704,955,3659,2304,0,102910,1975,52.09999847412109,3659,102910,3.700000047683716
2017,8,감리교신학대학교,대학,사립,서울,C그룹,52865,45575,98440,87048,62694,149742,4,3,5801,0,7,8489,116,34,150,13361,368,13729,5182,0,149742,1576,95.0,13729,149742,10.100000381469728
2017,9,강남대학교,대학,사립,경기,B그룹,261134,78938,340072,380094,123504,503598,7,8,38508,0,15,38641,107,77,184,18744,629,19373,15099,0,503598,7325,68.80000305175781,19373,503598,4.0
2017,10,강동대학교,전문대학,사립,충북,B그룹,51165,20366,71531,85449,20408,105857,1,3,53355,0,4,53495,34,1,35,34258,12,34270,31732,0,105857,4027,26.299999237060547,34270,105857,47.900001525878906
2017,11,강릉영동대학교,전문대학,사립,강원,B그룹,44752,4119,48871,69415,4938,74353,1,1,7804,0,2,7804,195,0,195,6140,3514,9654,7078,0,74353,3008,24.700000762939453,9654,74353,14.899999618530272
2017,12,강서대학교,대학,사립,서울,C그룹,62687,18737,81424,82664,20767,103431,3,12,8853,0,15,8855,140,34,174,1251,1130,2381,2171,0,103431,1604,64.5,2381,103431,2.400000095367432
2017,13,강원관광대학교,전문대학,사립,강원,C그룹,32791,230,33021,42302,266,42568,1,0,1412,0,1,1412,74,0,74,1753,339,2092,1862,0,42568,1351,31.5,2092,42568,5.199999809265137
2017,14,강원대학교,대학,국립,강원,A그룹,771215,173936,945151,1252553,307045,1559598,43,36,27406,0,79,27408,1644,1098,2742,29052,6157,35209,26971,73840,1559598,23947,65.0999984741211,35209,1559598,2.299999952316284
2017,15,강원도립대학교,전문대학,공립,강원,C그룹,43721,2003,45724,55432,2233,57665,0,0,5345,0,0,5346,65,0,65,1836,287,2123,2089,0,57665,894,64.5,2123,57665,3.799999952316284
2017,16,개신대학원대학교,대학원대학,사립,서울,-,16189,1050,17239,21926,1603,23529,0,0,82,0,0,82,57,3,60,398,257,655,556,0,23529,134,175.60000610351562,655,23529,2.900000095367432
2017,17,거제대학교,전문대학,사립,경남,C그룹,48863,1781,50644,64936,1891,66827,1,1,2281,0,2,2281,89,0,89,2124,898,3022,2350,0,66827,1566,42.70000076293945,3022,66827,4.699999809265137
2017,18,건국대학교,대학,사립,서울,A그룹,510357,171651,682008,1096114,239661,1335775,26,33,41206,0,59,41301,684,217,901,44610,7402,52012,31815,4112,1335775,19902,67.0999984741211,52012,1335775,4.099999904632568
2017,19,건국대학교(글로컬),대학,사립,충북,B그룹,258587,112342,370929,481128,150625,631753,10,14,62193,0,24,63514,235,22,257,68006,5225,73231,66659,0,631753,8761,72.0999984741211,73231,631753,13.100000381469728
2017,20,건동대학교,대학,사립,경북,C그룹,0,0,0,0,0,0,0,0,0,0,0,0,0,0,0,0,0,0,0,0,0,0,0.0,0,0,0.0
2017,21,건신대학원대학교,대학원대학,사립,대전,-,10791,3235,14026,15753,4737,20490,0,1,0,0,1,0,40,7,47,282,193,475,452,0,20490,148,138.39999389648438,475,20490,2.400000095367432
2017,22,건양대학교,대학,사립,충남,B그룹,175105,41569,216674,287499,135037,422536,10,11,14101,0,21,14101,30,0,30,9092,4092,13184,9036,0,422536,8593,49.20000076293945,13184,422536,3.200000047683716
2017,23,경기과학기술대학교,전문대학,사립,경기,A그룹,41178,7210,48388,76602,46597,123199,2,0,46596,0,2,46658,160,65,225,4700,269,4969,4672,0,123199,4483,27.5,4969,123199,4.199999809265137
2017,24,경기대학교,대학,사립,경기,A그룹,581812,79245,661057,1092410,162050,1254460,21,19,32823,0,40,34593,752,32,784,19221,10782,30003,20852,0,1254460,16377,76.5999984741211,30003,1254460,2.5
2017,25,경남대학교,대학,사립,경남,A그룹,455491,148603,604094,700299,176672,876971,21,19,89402,0,40,89402,498,104,602,15260,71141,86401,73307,3,876971,13489,65.0,86401,876971,10.899999618530272
2017,26,경남도립거창대학,전문대학,공립,경남,C그룹,25345,849,26194,40430,906,41336,1,0,2071,0,1,2072,10,0,10,1067,0,1067,812,0,41336,889,46.5,1067,41336,2.5999999046325684
2017,27,경남도립남해대학,전문대학,공립,경남,C그룹,30851,589,31440,37801,628,38429,0,0,0,0,0,0,34,0,34,1243,0,1243,1148,0,38429,848,45.29999923706055,1243,38429,3.299999952316284
2017,28,경남정보대학교,전문대학,사립,부산,A그룹,111451,6197,117648,193505,7354,200859,2,2,9101,0,4,9101,131,3,134,6264,4403,10667,5769,0,200859,6853,29.299999237060547,10667,200859,5.599999904632568
2017,29,경동대학교,대학,사립,강원,B그룹,105218,14580,119798,195692,23422,219114,4,1,29213,0,5,29213,258,2,260,16845,3853,20698,10172,0,219114,7240,30.299999237060547,20698,219114,10.399999618530272
2017,30,경민대학교,전문대학,사립,경기,B그룹,79902,6580,86482,138326,8745,147071,5,4,7884,0,9,8106,108,25,133,5478,117,5595,4089,0,147071,4661,31.600000381469727,5595,147071,4.0
2017,31,경복대학교,전문대학,사립,경기,A그룹,57685,4921,62606,81227,5311,86538,0,3,12274,0,3,12471,177,0,177,13235,1253,14488,9576,0,86538,6350,13.600000381469728,14488,86538,20.100000381469727
2017,32,경북과학대학교,전문대학,사립,경북,C그룹,50400,11966,62366,71478,13741,85219,2,0,3205,0,2,3205,334,0,334,1644,480,2124,1813,0,85219,1902,44.79999923706055,2124,85219,2.5999999046325684
2017,33,경북대학교,대학,국립,대구,A그룹,909063,598074,1507137,2262887,1104207,3367094,36,56,298264,0,92,299480,1382,1049,2431,167717,23478,191195,173894,4184,3367094,30296,111.0999984741211,191195,3367094,6.0
2017,34,경북보건대학교,전문대학,사립,경북,C그룹,35287,1484,36771,41258,1709,42967,2,1,7577,0,3,7582,31,2,33,1644,1072,2716,2439,1490,42967,1300,33.099998474121094,2716,42967,6.699999809265137
2017,35,경북외국어대학교,대학,사립,대구,C그룹,0,0,0,0,0,0,0,0,0,0,0,0,0,0,0,0,0,0,0,0,0,0,0.0,0,0,0.0
2017,36,경북전문대학교,전문대학,사립,경북,B그룹,79608,29207,108815,107134,33966,141100,1,1,5376,0,2,5376,133,2,135,3221,1709,4930,4473,15000,141100,2562,55.09999847412109,4930,141100,3.5999999046325684
2017,37,경상국립대학교,대학,국립,경남,A그룹,607000,281515,888515,1328576,443824,1772400,36,32,30306,0,68,31324,1036,253,1289,26584,24744,51328,38543,76,1772400,22867,77.5,51328,1772400,3.0
2017,38,경성대학교,대학,사립,부산,A그룹,397619,157120,554739,729353,208706,938059,14,27,50859,0,41,52044,708,69,777,21041,6397,27438,16891,57,938059,13468,69.69999694824219,27438,938059,3.0
2017,39,경안대학원대학교,대학원대학,사립,경북,-,11,1,12,7929,305,8234,0,0,0,0,0,0,5,0,5,50,104,154,128,0,8234,73,112.8000030517578,154,8234,1.899999976158142
2017,40,경운대학교,대학,사립,경북,C그룹,167556,26586,194142,343138,34560,377698,2,7,47314,0,9,47682,301,49,350,11898,84412,96310,34655,18,377698,5066,74.5999984741211,96310,377698,34.20000076293945
2017,41,경인교육대학교,대학,국립,인천,C그룹,185631,11284,196915,509287,19001,528288,8,6,5812,0,14,5933,241,11,252,12993,1168,14161,7795,13961,528288,4246,124.4000015258789,14161,528288,2.799999952316284
2017,42,경인여자대학교,전문대학,사립,인천,B그룹,88183,15565,103748,138332,15685,154017,0,2,25348,0,2,25557,48,13,61,10742,10073,20815,14200,0,154017,4894,31.5,20815,154017,15.600000381469728
2017,43,경일대학교,대학,사립,경북,B그룹,161107,124493,285600,332430,142726,475156,6,8,80020,0,14,81092,330,2,332,17243,23245,40488,34915,4,475156,7373,64.4000015258789,40488,475156,9.300000190734863
2017,44,경찰대학,기타,기타,충남,-,137040,45520,182560,137040,45520,182560,0,9,1486,0,9,1486,196,62,258,8411,976,9387,9387,0,182560,0,0.0,9387,182560,5.400000095367432
2017,45,경희대학교,대학,사립,서울,A그룹,852852,398645,1251497,1913172,594574,2507746,60,47,252632,0,107,257717,435,302,737,35329,7599,42928,30699,102514,2507746,33327,75.19999694824219,42928,2507746,1.7000000476837158
2017,46,계명대학교,대학,사립,대구,A그룹,588413,329991,918404,1535832,420309,1956141,30,44,68273,0,74,68309,1709,404,2113,31446,16461,47907,30075,2683,1956141,24537,79.69999694824219,47907,1956141,2.5
2017,47,계명문화대학교,전문대학,사립,대구,A그룹,153326,8507,161833,231922,12597,244519,2,6,12737,0,8,67815,114,4,118,8617,659,9276,6395,0,244519,5179,47.20000076293945,9276,244519,3.900000095367432
2017,48,계약신학대학원대학교,대학원대학,사립,경기,-,13391,4137,17528,14952,4184,19136,0,0,691,0,0,691,6,0,6,97,41,138,71,0,19136,68,281.3999938964844,138,19136,0.699999988079071
2017,49,계원예술대학교,전문대학,사립,경기,B그룹,72595,33645,106240,82234,34457,116691,3,6,10537,0,9,11577,217,115,332,3987,8,3995,3732,0,116691,2856,40.900001525878906,3995,116691,3.5
2017,50,고려대학교,대학,사립,서울,A그룹,659966,754791,1414757,1469665,1342724,2812389,98,102,365307,0,200,427201,1711,1621,3332,42524,14929,57453,35864,734,2812389,29540,95.1999969482422,57453,2812389,2.0999999046325684
2017,51,고려대학교(세종),대학,사립,세종,B그룹,263160,63064,326224,447082,98333,545415,7,9,9417,0,16,9930,255,23,278,8381,3390,11771,9200,5,545415,7768,70.19999694824219,11771,545415,2.200000047683716
2017,52,고려사이버대학교,대학,사립,서울,A그룹,3349,38358,41707,9904,38358,48262,0,1,41707,0,1,41707,0,0,0,511,191790,192301,38720,3405,48262,9671,5.0,192301,48262,-133.5
2017,53,고신대학교,대학,사립,부산,C그룹,204707,153612,358319,275389,185336,460725,19,11,38635,0,30,38635,535,179,714,35390,3387,38777,37582,0,460725,5064,91.0,38777,460725,9.199999809265137
2017,54,공군사관학교,기타,기타,충북,-,173423,36691,210114,173423,36691,210114,5,1,2994,0,6,2994,176,17,193,6399,1885,8284,8284,0,210114,0,0.0,8284,210114,4.099999904632568
2017,55,공주교육대학교,대학,국립,충남,C그룹,113442,6130,119572,289584,15767,305351,5,3,2445,0,8,2445,40,0,40,5226,386,5612,3722,0,305351,2024,150.89999389648438,5612,305351,1.899999976158142
2017,56,과학기술연합대학원대학교,대학원대학,국립,대전,-,5380,27527,32907,15377,27527,42904,0,4,41012,0,4,41012,0,0,0,6995,279,7274,6962,0,42904,1235,34.70000076293945,7274,42904,20.399999618530277
2017,57,광신대학교,대학,사립,광주,C그룹,50195,57260,107455,73888,63402,137290,0,3,6796,0,3,6796,192,81,273,1899,502,2401,2181,0,137290,949,144.6999969482422,2401,137290,1.7999999523162842
2017,58,광양보건대학교,전문대학,사립,전남,C그룹,22572,476,23048,38764,542,39306,1,1,269,0,2,270,61,0,61,924,959,1883,765,0,39306,1520,25.899999618530277,1883,39306,5.0
2017,59,광운대학교,대학,사립,서울,B그룹,277020,71129,348149,550726,122018,672744,23,17,41271,0,40,41711,191,59,250,33322,3131,36453,18637,0,672744,9807,68.5999984741211,36453,672744,5.699999809265137
2017,60,광주가톨릭대학교,대학,사립,전남,C그룹,86751,56714,143465,126728,71139,197867,2,5,41236,0,7,41796,54,67,121,1155,557,1712,1536,0,197867,106,1866.699951171875,1712,197867,0.8999999761581421
2017,61,광주과학기술원,대학,국립,광주,C그룹,51468,61544,113012,64674,76990,141664,22,6,37255,0,28,37400,8,9,17,8095,0,8095,7039,71,141664,1922,73.69999694824219,8095,141664,6.099999904632568
2017,62,광주교육대학교,대학,국립,광주,C그룹,153997,22668,176665,254373,33123,287496,0,3,8630,0,3,8630,152,38,190,2784,1050,3834,2665,3408,287496,2190,131.3000030517578,3834,287496,1.399999976158142
2017,63,광주대학교,대학,사립,광주,B그룹,235046,56604,291650,423004,93429,516433,4,9,22393,0,13,23019,324,55,379,13702,6414,20116,16153,0,516433,7747,66.69999694824219,20116,516433,4.099999904632568
2017,64,광주보건대학교,전문대학,사립,광주,B그룹,97224,5672,102896,186634,10555,197189,2,3,6759,0,5,7374,93,24,117,3295,883,4178,2379,0,197189,3968,49.70000076293945,4178,197189,2.200000047683716
2017,65,광주여자대학교,대학,사립,광주,C그룹,160505,26010,186515,245555,34790,280345,7,6,63112,0,13,63262,59,19,78,17210,4794,22004,17865,0,280345,4114,68.0999984741211,22004,280345,8.5
2017,66,구미대학교,전문대학,사립,경북,A그룹,37938,3865,41803,166943,8249,175192,1,1,7983,0,2,7983,80,0,80,3445,6946,10391,3151,0,175192,5695,30.799999237060547,10391,175192,6.300000190734863
2017,67,구세군사관대학원대학교,대학원대학,사립,경기,-,22481,1861,24342,22481,1861,24342,1,0,0,0,1,0,116,6,122,434,477,911,721,0,24342,41,593.7000122070312,911,24342,3.900000095367432
2017,68,국군간호사관학교,기타,기타,대전,-,57687,778,58465,61333,922,62255,3,4,0,0,7,0,130,7,137,1299,646,1945,1175,310,62255,0,0.0,1945,62255,3.200000047683716
2017,69,국립강릉원주대학교,대학,국립,강원,B그룹,369165,93564,462729,653795,154886,808681,13,10,39724,0,23,98412,586,60,646,10032,4561,14593,13261,0,808681,8685,93.0999984741211,14593,808681,1.7999999523162842
2017,70,국립경국대학교,대학,국립,경북,B그룹,338038,75790,413828,708048,113837,821885,6,4,24805,0,10,24953,427,33,460,8637,4831,13468,6928,0,821885,7914,103.9000015258789,13468,821885,1.7000000476837158
2017,71,국립공주대학교,대학,국립,충남,A그룹,461676,103928,565604,1081686,170576,1252262,20,22,39507,0,42,40219,600,64,664,17030,3733,20763,11748,0,1252262,16672,75.0999984741211,20763,1252262,1.7000000476837158
2017,72,국립군산대학교,대학,국립,전북,B그룹,253201,47176,300377,564842,94795,659637,5,7,20839,0,12,20849,376,53,429,8527,5569,14096,12315,0,659637,8296,79.5,14096,659637,2.200000047683716
2017,73,국립금오공과대학교,대학,국립,경북,B그룹,177500,39273,216773,383137,61463,444600,16,14,10431,0,30,11082,198,54,252,10617,4221,14838,8627,0,444600,7131,62.29999923706055,14838,444600,3.5
2017,74,국립목포대학교,대학,국립,전남,B그룹,252018,87575,339593,507092,133969,641061,13,15,13352,0,28,63639,257,14,271,9378,6487,15865,8670,0,641061,8513,75.30000305175781,15865,641061,2.5
2017,75,국립목포해양대학교,대학,국립,전남,C그룹,96553,14944,111497,200103,20049,220152,6,4,14640,0,10,18749,90,61,151,3527,3065,6592,2811,0,220152,2748,80.0999984741211,6592,220152,3.0999999046325684
2017,76,국립부경대학교,대학,국립,부산,A그룹,324765,141302,466067,975345,211370,1186715,17,23,32811,0,40,32811,548,169,717,18674,26562,45236,35494,0,1186715,19611,60.5,45236,1186715,4.0
2017,77,국립순천대학교,대학,국립,전남,B그룹,317063,69556,386619,668497,136175,804672,16,17,56324,0,33,57439,410,110,520,26781,4608,31389,15341,0,804672,8341,96.5,31389,804672,4.099999904632568
2017,78,국립암센터국제암대학원대학교,대학원대학,국립,경기,-,551,489,1040,570,507,1077,0,0,0,0,0,0,0,0,0,145,0,145,129,0,1077,66,16.299999237060547,145,1077,15.600000381469728
2017,79,국립창원대학교,대학,국립,경남,B그룹,254966,58566,313532,490472,149473,639945,15,11,42232,0,26,42232,676,187,863,14889,5374,20263,14883,0,639945,10088,63.400001525878906,20263,639945,3.299999952316284
2017,80,국립한국교통대학교,대학,국립,충북,B그룹,222353,56588,278941,538301,88551,626852,7,11,43161,0,18,44279,31,29,60,30988,8763,39751,12632,0,626852,9302,67.4000015258789,39751,626852,6.800000190734863
2017,81,국립한국해양대학교,대학,국립,부산,B그룹,282133,56432,338565,382002,144997,526999,5,5,13407,0,10,13407,204,56,260,7296,12599,19895,10820,0,526999,7840,67.19999694824219,19895,526999,3.900000095367432
2017,82,국립한밭대학교,대학,국립,대전,B그룹,214507,57852,272359,475034,78731,553765,9,8,10268,0,17,10268,208,80,288,13914,3362,17276,9512,0,553765,8965,61.79999923706055,17276,553765,3.200000047683716
2017,83,국민대학교,대학,사립,서울,A그룹,401912,189634,591546,1065225,272318,1337543,30,40,1609347,0,70,1672773,952,250,1202,20848,35757,56605,49153,225,1337543,18182,73.5999984741211,56605,1337543,4.400000095367432
2017,84,국방대학교,기타,기타,충남,-,149255,68768,218023,266392,82565,348957,2,11,9572,0,13,9633,1962,1624,3586,8236,1144,9380,6661,0,348957,0,0.0,9380,348957,2.799999952316284
2017,85,국제뇌교육종합대학원대학교,대학원대학,사립,충남,-,15423,512,15935,16845,523,17368,1,0,0,0,1,0,4,0,4,85,35,120,119,3,17368,267,65.0,120,17368,0.699999988079071
2017,86,국제대학교,전문대학,사립,경기,B그룹,39079,22549,61628,89985,22574,112559,4,2,37565,0,6,38662,92,0,92,1806,50304,52110,27959,0,112559,4289,26.200000762939453,52110,112559,86.19999694824219
2017,87,국제문화대학원대학교,대학원대학,사립,충남,-,0,0,0,0,0,0,0,0,0,0,0,0,0,0,0,0,0,0,0,0,0,0,0.0,0,0,0.0
2017,88,국제법률경영대학원대학교,대학원대학,사립,경기,-,1289,2708,3997,2265,4828,7093,0,0,0,0,0,0,0,0,0,0,0,0,0,0,7093,88,80.5999984741211,0,7093,0.0
2017,89,국제사이버대학교,대학,사립,경기,C그룹,1201,0,1201,9390,0,9390,0,0,9390,0,0,9390,0,0,0,0,0,0,0,0,9390,2764,3.400000095367432,0,9390,0.0
2017,90,국제언어대학원대학교,대학원대학,사립,서울,-,2751,12734,15485,3584,13337,16921,1,7,130,0,8,130,14,30,44,181,1455,1636,1636,707,16921,82,206.3999938964844,1636,16921,10.699999809265137
2017,91,국제예술대학교,기타,기타,서울,-,5,1,6,976,26,1002,0,0,0,0,0,14,0,0,0,0,0,0,0,0,1002,0,0.0,0,1002,0.0
2017,92,군산간호대학교,전문대학,사립,전북,C그룹,22360,3701,26061,32547,4821,37368,1,1,5005,0,2,5005,34,0,34,3571,305,3876,3694,95,37368,1112,33.599998474121094,3876,37368,11.600000381469728
2017,93,군장대학교,전문대학,사립,전북,C그룹,46554,241,46795,79259,319,79578,1,1,1499,0,2,1511,14,0,14,2439,330,2769,2707,0,79578,1918,41.5,2769,79578,3.5999999046325684
2017,94,극동대학교,대학,사립,충북,C그룹,160675,26987,187662,262187,33859,296046,2,2,96724,0,4,97046,189,12,201,161997,9784,171781,98025,0,296046,4293,69.0,171781,296046,138.1999969482422
2017,95,글로벌사이버대학교,대학,사립,충남,C그룹,464,0,464,1392,0,1392,0,1,464,0,1,464,0,0,0,0,0,0,0,0,1392,2133,0.699999988079071,0,1392,0.0
2017,96,금강대학교,대학,사립,충남,C그룹,60041,13973,74014,96314,23472,119786,0,3,1509,0,3,1509,76,10,86,1553,1321,2874,1629,0,119786,548,218.6000061035156,2874,119786,2.5
2017,97,기독간호대학교,전문대학,사립,광주,C그룹,18776,4256,23032,27312,5412,32724,1,1,205,0,2,205,58,0,58,731,83,814,614,0,32724,637,51.400001525878906,814,32724,2.5999999046325684
2017,98,김천대학교,대학,사립,경북,C그룹,91297,102060,193357,114915,103049,217964,3,8,162774,0,11,162774,133,0,133,107836,2631,110467,106715,4,217964,3758,58.0,110467,217964,102.8000030517578
2017,99,김포대학교,전문대학,사립,경기,C그룹,62767,4827,67594,104013,5659,109672,1,2,2157,0,3,2358,98,12,110,1958,47,2005,1544,0,109672,3331,32.900001525878906,2005,109672,1.899999976158142
2017,100,김해대학교,전문대학,사립,경남,C그룹,19309,286,19595,21886,288,22174,1,1,831,0,2,861,12,0,12,2514,365,2879,2849,0,22174,1378,16.100000381469727,2879,22174,14.899999618530272
2017,101,나사렛대학교,대학,사립,충남,B그룹,152820,50793,203613,236615,57175,293790,5,9,46579,0,14,47174,144,38,182,11203,1532,12735,9077,0,293790,5861,50.09999847412109,12735,293790,4.5
2017,102,나주대학교,전문대학,사립,전남,C그룹,21099,208,21307,30398,277,30675,7,0,2246,0,7,2246,126,0,126,5216,200,5416,2242,0,30675,2131,14.399999618530272,5416,30675,21.399999618530277
2017,103,남부대학교,대학,사립,광주,C그룹,50938,5977,56915,74986,6040,81026,6,9,9219,0,15,10039,182,9,191,4505,557,5062,4249,0,81026,3396,23.899999618530277,5062,81026,6.699999809265137
2017,104,남서울대학교,대학,사립,충남,B그룹,300484,118291,418775,596332,205832,802164,5,9,89279,0,14,89349,1091,3,1094,33444,1756,35200,5850,0,802164,10310,77.80000305175781,35200,802164,4.599999904632568
2017,105,농협대학교,전문대학,사립,경기,C그룹,30637,4778,35415,36557,5187,41744,1,0,1738,0,1,1738,21,0,21,1036,57,1093,1015,2111,41744,523,79.80000305175781,1093,41744,2.700000047683716
2017,106,능인대학원대학교,대학원대학,사립,경기,-,1957,2,1959,2463,2,2465,1,0,0,0,1,0,0,0,0,66,749,815,673,0,2465,72,34.20000076293945,815,2465,49.400001525878906
2017,107,단국대학교,대학,사립,경기,A그룹,897654,297679,1195333,1437099,493826,1930925,22,21,24993,0,43,26086,974,141,1115,28999,4390,33389,28779,0,1930925,27070,71.30000305175781,33389,1930925,1.7999999523162842
2017,108,대경대학교,전문대학,사립,경북,B그룹,24852,1155,26007,48147,3458,51605,0,5,5740,0,5,8030,58,0,58,4897,3686,8583,6429,0,51605,4276,12.100000381469728,8583,51605,20.0
2017,109,대구가톨릭대학교,대학,사립,경북,A그룹,469828,244335,714163,961798,355953,1317751,39,32,41877,0,71,92154,862,87,949,20821,5830,26651,21333,19,1317751,15341,85.9000015258789,26651,1317751,2.0999999046325684
2017,110,대구경북과학기술원,대학,국립,대구,C그룹,41265,17178,58443,46121,60408,106529,43,23,185202,0,66,185202,38,15,53,12966,216,13182,12560,0,106529,911,116.9000015258789,13182,106529,14.100000381469728
2017,111,대구공업대학교,전문대학,사립,대구,C그룹,58361,2141,60502,99173,3243,102416,0,0,6744,0,0,6809,59,0,59,2287,38,2325,2295,0,102416,1879,54.5,2325,102416,2.299999952316284
2017,112,대구과학대학교,전문대학,사립,대구,A그룹,79538,3094,82632,138193,3573,141766,1,1,9055,0,2,9055,50,0,50,6772,316,7088,5095,0,141766,4352,32.599998474121094,7088,141766,5.300000190734863
2017,113,대구교육대학교,대학,국립,대구,C그룹,133166,12582,145748,283098,22778,305876,0,10,2655,0,10,2655,508,58,566,5756,847,6603,3545,0,305876,2718,112.5,6603,305876,2.200000047683716
2017,114,대구대학교,대학,사립,경북,A그룹,505258,228973,734231,1155872,417274,1573146,9,13,29282,0,22,30075,642,146,788,20941,4354,25295,14647,17555,1573146,20572,76.5,25295,1573146,1.600000023841858
2017,115,대구미래대학교,전문대학,사립,경북,C그룹,0,0,0,0,0,0,0,0,0,0,0,0,0,0,0,0,0,0,0,0,0,0,0.0,0,0,0.0
2017,116,대구보건대학교,전문대학,사립,대구,A그룹,80805,17356,98161,196294,20750,217044,3,5,15663,0,8,16022,117,9,126,6351,1215,7566,3302,0,217044,6858,31.600000381469727,7566,217044,3.5999999046325684
2017,117,대구사이버대학교,대학,사립,경북,C그룹,15194,0,15194,15723,0,15723,5,0,15194,0,5,15194,0,0,0,369,0,369,342,0,15723,4382,3.5999999046325684,369,15723,2.400000095367432
2017,118,대구예술대학교,대학,사립,경북,C그룹,44266,1143,45409,96938,1919,98857,0,0,9701,0,0,9701,88,5,93,2461,0,2461,1014,0,98857,1432,69.0,2461,98857,2.5999999046325684
2017,119,대구외국어대학교,대학,사립,경북,C그룹,16611,1854,18465,31676,1858,33534,0,0,0,0,0,0,42,3,45,105,472,577,493,0,33534,334,100.4000015258789,577,33534,1.7999999523162842
2017,120,대구한의대학교,대학,사립,경북,B그룹,247927,69022,316949,465535,112163,577698,8,14,22538,0,22,22688,313,28,341,7224,3682,10906,7372,0,577698,7499,77.0,10906,577698,1.899999976158142
2017,121,대덕대학교,전문대학,사립,대전,C그룹,52876,1152,54028,88093,1530,89623,3,3,14644,0,6,65544,138,3,141,9060,29,9089,6006,0,89623,4266,21.0,9089,89623,11.300000190734863
2017,122,대동대학교,전문대학,사립,부산,C그룹,43495,1080,44575,47868,1151,49019,2,3,8845,0,5,68970,85,7,92,2919,327,3246,2810,0,49019,1590,30.799999237060547,3246,49019,7.099999904632568
2017,123,대림대학교,전문대학,사립,경기,A그룹,73161,14711,87872,115908,15681,131589,3,0,15988,0,3,16730,84,9,93,15219,32953,48172,15388,0,131589,6517,20.200000762939453,48172,131589,57.70000076293945
2017,124,대신대학교,대학,사립,경북,C그룹,76091,10010,86101,95108,10671,105779,3,0,2766,0,3,2766,144,5,149,915,730,1645,1526,0,105779,493,214.6000061035156,1645,105779,1.600000023841858
2017,125,대원대학교,전문대학,사립,충북,C그룹,46116,3580,49696,73846,4076,77922,2,0,7249,0,2,7584,291,0,291,3817,699,4516,3735,0,77922,2667,29.200000762939453,4516,77922,6.199999809265137
2017,126,대전가톨릭대학교,대학,사립,세종,C그룹,88001,34602,122603,103569,36836,140405,1,2,1621,0,3,1621,85,78,163,1980,719,2699,2630,0,140405,116,1210.4000244140625,2699,140405,2.0
2017,127,대전과학기술대학교,전문대학,사립,대전,B그룹,74323,98926,173249,164376,169551,333927,2,1,2798,0,3,2802,196,20,216,3275,1402,4677,2748,0,333927,4696,71.0999984741211,4677,333927,1.399999976158142
2017,128,대전대학교,대학,사립,대전,B그룹,346686,61185,407871,547666,105714,653380,6,15,36634,0,21,43552,501,30,531,33664,9688,43352,39790,0,653380,10612,61.59999847412109,43352,653380,7.099999904632568
2017,129,대전보건대학교,전문대학,사립,대전,A그룹,84810,10349,95159,147982,13213,161195,3,6,21977,0,9,22391,66,0,66,8653,713,9366,6377,0,161195,5901,27.299999237060547,9366,161195,6.199999809265137
2017,130,대전신학대학교,대학,사립,대전,C그룹,39670,9254,48924,64852,11640,76492,0,3,4338,0,3,4338,186,7,193,886,111,997,707,0,76492,282,271.20001220703125,997,76492,1.2999999523162842
2017,131,대진대학교,대학,사립,경기,B그룹,244510,85315,329825,488406,137501,625907,5,19,24027,0,24,24032,252,11,263,23399,6615,30014,19910,0,625907,8202,76.30000305175781,30014,625907,5.0
2017,132,대한신학대학원대학교,대학원대학,사립,경기,-,7405,1931,9336,13099,2699,15798,0,0,0,0,0,0,49,0,49,42,0,42,42,126,15798,327,48.29999923706055,42,15798,0.3000000119209289
2017,133,덕성여자대학교,대학,사립,서울,B그룹,354452,77351,431803,596051,132834,728885,13,20,12292,0,33,15100,765,105,870,20837,5341,26178,20908,1,728885,6284,116.0,26178,728885,3.700000047683716
2017,134,동강대학교,전문대학,사립,광주,B그룹,102866,8569,111435,148671,9974,158645,1,2,10837,0,3,11610,172,9,181,4615,471,5086,4612,0,158645,3350,47.400001525878906,5086,158645,3.299999952316284
2017,135,동국대학교,대학,사립,서울,A그룹,731689,171867,903556,1112622,240658,1353280,26,38,60004,0,64,60607,877,421,1298,37532,13957,51489,39300,4438,1353280,17358,78.0,51489,1353280,4.0
2017,136,동국대학교 WISE캠퍼스,대학,사립,경북,B그룹,441578,41428,483006,723391,68376,791767,13,12,36729,0,25,36753,1213,108,1321,11657,4015,15672,14577,4188,791767,8669,91.3000030517578,15672,791767,2.0
2017,137,동남보건대학교,전문대학,사립,경기,A그룹,67208,6440,73648,125267,7505,132772,0,4,12256,0,4,13365,45,0,45,9379,2313,11692,8402,0,132772,4892,27.100000381469727,11692,132772,9.699999809265137
2017,138,동덕여자대학교,대학,사립,서울,B그룹,195170,92545,287715,454794,126013,580807,10,30,61036,0,40,62481,288,256,544,17126,447,17573,10402,2477,580807,7397,78.5,17573,580807,3.0999999046325684
2017,139,동명대학교,대학,사립,부산,B그룹,310647,38409,349056,415711,44440,460151,3,2,15249,0,5,15249,86,7,93,34719,2949,37668,20555,0,460151,8709,52.79999923706055,37668,460151,8.899999618530273
2017,140,동방문화대학원대학교,대학원대학,사립,서울,-,18027,2084,20111,19186,3847,23033,4,0,852,0,4,852,15,0,15,1274,428,1702,1215,164,23033,223,103.3000030517578,1702,23033,8.0
2017,141,동부산대학교,전문대학,사립,부산,C그룹,105849,13014,118863,130240,13657,143897,0,1,3584,0,1,3596,173,0,173,2477,549,3026,2999,0,143897,2381,60.400001525878906,3026,143897,2.0999999046325684
2017,142,동서대학교,대학,사립,부산,B그룹,262243,105019,367262,541728,132760,674488,10,8,88081,0,18,88081,306,81,387,82250,58231,140481,71556,3781,674488,11432,59.0,140481,674488,26.299999237060547
2017,143,동서울대학교,전문대학,사립,경기,A그룹,94445,9027,103472,201004,10355,211359,2,2,11424,0,4,14452,83,0,83,6862,134,6996,3984,0,211359,5715,37.0,6996,211359,3.400000095367432
2017,144,동신대학교,대학,사립,전남,B그룹,440513,83695,524208,572242,99588,671830,6,13,25604,0,19,76421,356,41,397,11067,3064,14131,12865,0,671830,7627,88.0999984741211,14131,671830,2.0999999046325684
2017,145,동아대학교,대학,사립,부산,A그룹,530985,247792,778777,966890,356098,1322988,33,20,217167,0,53,217167,180,194,374,20277,6413,26690,20488,0,1322988,21958,60.29999923706055,26690,1322988,2.0999999046325684
2017,146,동아방송예술대학교,전문대학,사립,경기,B그룹,54959,11623,66582,74384,11883,86267,1,8,17230,0,9,17230,67,0,67,4118,3769,7887,5854,0,86267,3056,28.200000762939453,7887,86267,10.100000381469728
2017,147,동아보건대학교,전문대학,사립,전남,C그룹,34012,0,34012,42077,0,42077,1,1,2909,0,2,3371,43,0,43,1550,4900,6450,1801,0,42077,2006,21.0,6450,42077,18.100000381469727
2017,148,동양대학교,대학,사립,경북,C그룹,120167,47433,167600,233846,69455,303301,5,0,16983,0,5,17425,89,0,89,10701,3538,14239,7232,58,303301,4585,66.19999694824219,14239,303301,4.900000095367432
2017,149,동양미래대학교,전문대학,사립,서울,A그룹,162112,16952,179064,242939,22164,265103,5,4,16066,0,9,16854,180,30,210,6926,301,7227,6208,0,265103,5950,44.59999847412109,7227,265103,2.799999952316284
2017,150,동우대학,전문대학,사립,강원,B그룹,0,0,0,0,0,0,0,0,0,0,0,0,0,0,0,0,0,0,0,0,0,0,0.0,0,0,0.0
2017,151,동원과학기술대학교,전문대학,사립,경남,B그룹,49991,1895,51886,76844,2181,79025,1,0,1766,0,1,1766,85,0,85,1642,599,2241,1079,0,79025,2088,37.79999923706055,2241,79025,2.900000095367432
2017,152,동원대학교,전문대학,사립,경기,B그룹,79454,1998,81452,132991,2379,135370,0,1,11785,0,1,11985,82,0,82,5366,371,5737,4234,0,135370,3841,35.20000076293945,5737,135370,4.400000095367432
2017,153,동의과학대학교,전문대학,사립,부산,B그룹,89092,5989,95081,158252,7752,166004,3,2,10368,0,5,11057,183,18,201,5001,853,5854,3703,3368,166004,5465,30.399999618530277,5854,166004,3.700000047683716
2017,154,동의대학교,대학,사립,부산,A그룹,419501,149817,569318,891546,272634,1164180,11,12,10947,0,23,10947,573,31,604,16832,7176,24008,15423,0,1164180,16555,70.30000305175781,24008,1164180,2.0999999046325684
2017,155,두원공과대학교,전문대학,사립,경기,B그룹,58278,9365,67643,112132,10624,122756,1,1,505,0,2,520,155,51,206,3603,0,3603,1196,0,122756,5982,20.5,3603,122756,3.0
2017,156,디지털서울문화예술대학교,대학,사립,서울,C그룹,1837,0,1837,9149,0,9149,1,0,9149,0,1,9149,0,0,0,0,0,0,0,0,9149,3813,2.400000095367432,0,9149,0.0
2017,157,루터대학교,대학,사립,경기,C그룹,20635,7868,28503,28586,10756,39342,3,4,2360,0,7,2360,82,15,97,1335,10,1345,1176,0,39342,449,87.5999984741211,1345,39342,3.5
2017,158,마산대학교,전문대학,사립,경남,A그룹,68658,1089,69747,138368,1339,139707,3,3,16493,0,6,66812,129,0,129,11885,0,11885,8468,0,139707,5875,23.799999237060547,11885,139707,9.300000190734863
2017,159,명신대학교,대학,사립,전남,C그룹,0,0,0,0,0,0,0,0,0,0,0,0,0,0,0,0,0,0,0,0,0,0,0.0,0,0,0.0
2017,160,명지대학교,대학,사립,서울,A그룹,555874,222870,778744,1017168,291937,1309105,24,17,301352,0,41,359809,1475,104,1579,26831,17503,44334,42099,0,1309105,16153,81.0,44334,1309105,3.5
2017,161,명지전문대학,전문대학,사립,서울,A그룹,97803,11490,109293,191799,14465,206264,4,2,6578,0,6,7536,1972,22,1994,9727,662,10389,5203,0,206264,6986,29.5,10389,206264,5.300000190734863
2017,162,목원대학교,대학,사립,대전,B그룹,202830,159817,362647,380962,223998,604960,11,19,76194,0,30,78657,560,45,605,53645,5586,59231,52317,68,604960,9185,65.9000015258789,59231,604960,10.899999618530272
2017,163,목포가톨릭대학교,대학,사립,전남,C그룹,32020,3443,35463,41480,3519,44999,3,4,8216,0,7,58493,27,5,32,1411,118,1529,1355,0,44999,570,78.9000015258789,1529,44999,3.5
2017,164,목포과학대학교,전문대학,사립,전남,B그룹,50407,4436,54843,55917,5644,61561,0,1,2752,0,1,2826,29,0,29,2877,0,2877,1592,0,61561,2504,24.600000381469727,2877,61561,4.900000095367432
2017,165,문경대학교,전문대학,사립,경북,C그룹,28493,187,28680,39461,210,39671,2,0,1962,0,2,1962,116,0,116,987,196,1183,849,850,39671,864,45.900001525878906,1183,39671,3.0999999046325684
2017,166,배재대학교,대학,사립,대전,B그룹,188112,103513,291625,425375,153688,579063,8,12,67092,0,20,68354,315,129,444,25300,44953,70253,56461,20,579063,9896,58.5,70253,579063,13.800000190734863
2017,167,배화여자대학교,전문대학,사립,서울,B그룹,70211,5754,75965,139673,7163,146836,2,0,3759,0,2,3759,81,18,99,2596,757,3353,1860,1085,146836,3130,46.900001525878906,3353,146836,2.299999952316284
2017,168,백석대학교,대학,사립,충남,A그룹,326856,164328,491184,691405,198163,889568,6,12,182574,0,18,202669,237,95,332,24088,5708,29796,26821,0,889568,14788,60.20000076293945,29796,889568,3.5
2017,169,백석문화대학교,전문대학,사립,충남,A그룹,83076,14602,97678,162164,19853,182017,5,2,3451,0,7,8702,18,0,18,2325,585,2910,2428,0,182017,5873,31.0,2910,182017,1.600000023841858
2017,170,백석예술대학,전문대학,사립,서울,A그룹,0,0,0,0,0,0,0,0,0,0,0,0,0,0,0,0,0,0,0,0,0,0,0.0,0,0,0.0
2017,171,백제예술대학교,전문대학,사립,전북,C그룹,28612,1298,29910,38407,2228,40635,0,0,504,0,0,504,34,0,34,2288,378,2666,2666,0,40635,1754,23.200000762939453,2666,40635,7.0
2017,172,베뢰아국제대학원대학교,대학원대학,사립,서울,-,17554,169,17723,36726,202,36928,0,0,0,0,0,0,29,14,43,595,0,595,379,0,36928,87,424.5,595,36928,1.600000023841858
2017,173,벽성대학,전문대학,사립,전북,C그룹,0,0,0,0,0,0,0,0,0,0,0,0,0,0,0,0,0,0,0,0,0,0,0.0,0,0,0.0
2017,174,부산가톨릭대학교,대학,사립,부산,C그룹,170117,105880,275997,251039,115173,366212,7,15,81745,0,22,82135,536,48,584,34533,44319,78852,76582,0,366212,4209,87.0,78852,366212,27.399999618530277
2017,175,부산경상대학교,전문대학,사립,부산,B그룹,85045,2188,87233,94205,2323,96528,0,0,5735,0,0,5735,182,0,182,1829,213,2042,1505,0,96528,3087,31.299999237060547,2042,96528,2.200000047683716
2017,176,부산과학기술대학교,전문대학,사립,부산,B그룹,101351,4704,106055,140431,5216,145647,1,1,9271,0,2,9271,120,0,120,4705,0,4705,3888,0,145647,4357,33.400001525878906,4705,145647,3.299999952316284
2017,177,부산교육대학교,대학,국립,부산,C그룹,155597,16646,172243,278098,19548,297646,6,10,44161,0,16,44237,543,33,576,10621,893,11514,5137,0,297646,2546,116.9000015258789,11514,297646,4.0
2017,178,부산대학교,대학,국립,부산,A그룹,770406,366495,1136901,1644603,686444,2331047,38,42,157597,0,80,158317,1120,1324,2444,51979,35885,87864,47632,0,2331047,29618,78.69999694824219,87864,2331047,3.900000095367432
2017,179,부산디지털대학교,대학,사립,부산,C그룹,2620,0,2620,2620,0,2620,1,0,656,0,1,656,0,0,0,81,1964,2045,2045,0,2620,2412,1.100000023841858,2045,2620,355.70001220703125
2017,180,부산보건대학교,전문대학,사립,부산,B그룹,64401,10704,75105,84031,14975,99006,1,4,26920,0,5,34645,239,2,241,9937,1390,11327,10895,0,99006,3472,28.5,11327,99006,12.899999618530272
2017,181,부산여자대학교,전문대학,사립,부산,C그룹,118314,1403,119717,149607,1468,151075,3,1,691,0,4,691,112,11,123,3239,166,3405,3245,0,151075,3056,49.400001525878906,3405,151075,2.299999952316284
2017,182,부산예술대학교,전문대학,사립,부산,C그룹,4186,0,4186,8250,0,8250,0,0,0,0,0,0,0,0,0,252,0,252,135,0,8250,862,9.600000381469728,252,8250,3.200000047683716
2017,183,부산외국어대학교,대학,사립,부산,B그룹,256065,168151,424216,491619,254775,746394,6,17,49374,0,23,118584,621,77,698,23150,2776,25926,21743,709,746394,9538,78.30000305175781,25926,746394,3.5999999046325684
2017,184,부산장신대학교,대학,사립,경남,C그룹,38068,4807,42875,58104,6202,64306,2,0,0,0,2,0,84,13,97,1080,962,2042,1247,0,64306,512,125.5999984741211,2042,64306,3.299999952316284
2017,185,부천대학교,전문대학,사립,경기,A그룹,148662,21223,169885,243088,26218,269306,2,4,33594,0,6,33778,121,15,136,11410,23626,35036,23551,0,269306,7669,35.099998474121094,35036,269306,15.0
2017,186,삼육대학교,대학,사립,서울,B그룹,186234,56943,243177,298671,87713,386384,6,18,17199,0,24,17584,121,144,265,19247,36114,55361,23654,26,386384,6006,64.30000305175781,55361,386384,16.700000762939453
2017,187,삼육보건대학교,전문대학,사립,서울,C그룹,38857,1712,40569,52077,2234,54311,1,2,2377,0,3,2377,155,6,161,2099,560,2659,2609,2402,54311,1356,40.09999847412109,2659,54311,5.099999904632568
2017,188,상명대학교,대학,사립,서울,A그룹,525371,189131,714502,980852,280741,1261593,13,28,114903,0,41,118685,368,198,566,22959,4124,27083,19430,34410,1261593,14952,84.4000015258789,27083,1261593,2.200000047683716
2017,189,상지대학교,대학,사립,강원,B그룹,223395,24870,248265,536007,46790,582797,7,4,5375,0,11,5449,280,0,280,2315,1435,3750,2009,0,582797,7620,76.5,3750,582797,0.6000000238418579
2017,190,상지영서대학교,전문대학,사립,강원,B그룹,56946,3886,60832,115245,4876,120121,0,0,7568,0,0,7568,24,1,25,3094,0,3094,2692,0,120121,2854,42.09999847412109,3094,120121,2.5999999046325684
2017,191,서강대학교,대학,사립,서울,A그룹,368905,427007,795912,663059,563863,1226922,38,47,54582,0,85,54595,366,222,588,34169,3792,37961,23761,0,1226922,11174,109.8000030517578,37961,1226922,3.200000047683716
2017,192,서경대학교,대학,사립,서울,B그룹,224151,41333,265484,425356,59665,485021,4,1,17136,0,5,24395,522,112,634,22937,1805,24742,23508,0,485021,7190,67.5,24742,485021,5.400000095367432
2017,193,서남대학교,대학,사립,전북,C그룹,109266,6353,115619,173894,8467,182361,1,3,4200,0,4,62089,28,0,28,0,117,117,102,0,182361,1758,103.6999969482422,117,182361,0.1000000014901161
2017,194,서라벌대학교,전문대학,사립,경북,C그룹,30059,4148,34207,104130,16522,120652,1,2,1298,0,3,1298,77,0,77,1017,143,1160,652,0,120652,872,138.39999389648438,1160,120652,1.0
2017,195,서영대학교,전문대학,사립,광주,A그룹,47169,5937,53106,68272,8809,77081,2,2,86,0,4,8738,132,91,223,1356,15,1371,1037,0,77081,5094,15.100000381469728,1371,77081,1.7999999523162842
2017,196,서울과학기술대학교,대학,국립,서울,A그룹,262210,103452,365662,573158,120433,693591,18,15,13012,0,33,17219,362,101,463,25936,923,26859,15285,28312,693591,12407,55.900001525878906,26859,693591,4.0
2017,197,서울과학종합대학원대학교,대학원대학,사립,서울,-,1654,243,1897,2399,322,2721,3,1,0,0,4,0,4,0,4,0,0,0,0,0,2721,368,7.400000095367432,0,2721,0.0
2017,198,서울교육대학교,대학,국립,서울,C그룹,150757,23413,174170,263672,32276,295948,9,7,4474,0,16,4475,127,27,154,6263,1242,7505,6941,0,295948,2996,98.8000030517578,7505,295948,2.5999999046325684
2017,199,서울기독대학교,대학,사립,서울,C그룹,29545,11266,40811,40468,14246,54714,4,7,8442,0,11,8442,47,2,49,1338,255,1593,1479,14,54714,761,71.9000015258789,1593,54714,3.0
2017,200,서울대학교,대학,국립,서울,A그룹,553153,1046848,1600001,2351829,2676453,5028282,88,186,718739,0,274,718946,2292,2197,4489,36263,15562,51825,46214,40,5028282,28630,175.60000610351562,51825,5028282,1.0
2017,201,서울디지털대학교,대학,사립,서울,A그룹,9887,0,9887,28370,0,28370,0,0,27344,0,0,27344,0,0,0,0,0,0,0,0,28370,10833,2.5999999046325684,0,28370,0.0
2017,202,서울미디어대학원대학교,대학원대학,사립,서울,-,2989,1185,4174,3335,1305,4640,0,8,0,0,8,0,14,1,15,150,171,321,321,0,4640,104,44.59999847412109,321,4640,7.400000095367432
2017,203,서울벤처대학원대학교,대학원대학,사립,서울,-,230,390,620,2154,1146,3300,0,0,0,0,0,0,0,0,0,0,0,0,0,0,3300,256,12.899999618530272,0,3300,0.0
2017,204,서울불교대학원대학교,대학원대학,사립,서울,-,7677,1390,9067,8081,1390,9471,2,1,0,0,3,0,2,0,2,331,0,331,283,0,9471,172,55.09999847412109,331,9471,3.5999999046325684
2017,205,서울사이버대학교,대학,사립,서울,A그룹,2036,10325,12361,7933,50975,58908,0,3,53011,0,3,53011,0,0,0,810,50300,51110,10267,0,58908,11143,5.300000190734863,51110,58908,655.4000244140625
2017,206,서울사회복지대학원대학교,대학원대학,사립,서울,-,5799,0,5799,5978,0,5978,0,0,0,0,0,0,0,0,0,10,419,429,415,0,5978,96,62.29999923706055,429,5978,7.699999809265137
2017,207,서울상담심리대학원대학교,대학원대학,사립,서울,-,7000,363,7363,8640,458,9098,2,1,0,0,3,0,25,0,25,489,350,839,798,0,9098,97,93.8000030517578,839,9098,10.199999809265137
2017,208,서울성경신학대학원대학교,대학원대학,사립,서울,-,16066,2385,18451,20014,3061,23075,0,4,5991,0,4,56268,64,0,64,172,1072,1244,983,159,23075,86,268.29998779296875,1244,23075,5.699999809265137
2017,209,서울시립대학교,대학,공립,서울,A그룹,392788,156502,549290,756676,272527,1029203,27,47,171514,0,74,172188,641,338,979,18050,1240,19290,16846,0,1029203,11793,87.30000305175781,19290,1029203,1.899999976158142
2017,210,서울신학대학교,대학,사립,경기,C그룹,116022,110040,226062,220686,137285,357971,4,9,52222,0,13,52227,86,47,133,3966,2816,6782,5118,0,357971,3170,112.9000015258789,6782,357971,1.899999976158142
2017,211,서울여자간호대학교,전문대학,사립,서울,C그룹,21789,1642,23431,31352,1931,33283,2,2,494,0,4,494,41,5,46,1314,1376,2690,1542,429,33283,966,34.5,2690,33283,8.800000190734863
2017,212,서울여자대학교,대학,사립,서울,B그룹,411693,134438,546131,585515,166400,751915,22,27,55813,0,49,57287,808,158,966,15849,3482,19331,15803,43,751915,8058,93.3000030517578,19331,751915,2.5999999046325684
2017,213,서울예술대학교,전문대학,사립,경기,B그룹,63363,10104,73467,80773,10713,91486,1,15,4725,0,16,23906,79,32,111,5207,177,5384,3313,1348,91486,3136,29.200000762939453,5384,91486,6.300000190734863
2017,214,서울외국어대학원대학교,대학원대학,사립,서울,-,1832,661,2493,2582,706,3288,0,0,0,0,0,0,21,0,21,0,145,145,139,0,3288,155,21.200000762939453,145,3288,4.599999904632568
2017,215,서울장신대학교,대학,사립,경기,C그룹,63134,7277,70411,84167,9288,93455,3,3,5124,0,6,5175,223,2,225,1991,719,2710,1257,0,93455,852,109.6999969482422,2710,93455,3.0
2017,216,서울한영대학교,대학,사립,서울,C그룹,45353,32429,77782,75033,48354,123387,4,5,2623,0,9,2623,200,15,215,2400,1922,4322,3049,0,123387,1090,113.1999969482422,4322,123387,3.5999999046325684
2017,217,서원대학교,대학,사립,충북,B그룹,280578,73649,354227,554054,108157,662211,6,11,35485,0,17,85834,489,23,512,24495,3857,28352,23580,4196,662211,7493,88.4000015258789,28352,662211,4.5
2017,218,서일대학교,전문대학,사립,서울,A그룹,99916,14213,114129,164439,16205,180644,4,6,10212,0,10,11809,115,25,140,6311,0,6311,4939,0,180644,6524,27.700000762939453,6311,180644,3.5999999046325684
2017,219,서정대학교,전문대학,사립,경기,A그룹,30976,9495,40471,52801,12624,65425,0,1,25526,0,1,25958,36,5,41,2027,8500,10527,9149,0,65425,4488,14.600000381469728,10527,65425,19.200000762939453
2017,220,서해대학,전문대학,사립,전북,C그룹,44101,1032,45133,57212,1346,58558,0,0,1009,0,0,1009,31,0,31,1092,0,1092,860,0,58558,1247,47.0,1092,58558,1.899999976158142
2017,221,선교청대학교,대학,사립,충남,C그룹,0,0,0,0,0,0,0,0,0,0,0,0,0,0,0,0,0,0,0,0,0,0,0.0,0,0,0.0
2017,222,선린대학교,전문대학,사립,경북,C그룹,44982,2551,47533,72568,3271,75839,3,1,8723,0,4,8723,63,3,66,4669,63,4732,3456,0,75839,2606,29.100000381469727,4732,75839,6.699999809265137
2017,223,선문대학교,대학,사립,충남,B그룹,278575,101381,379956,495988,131723,627711,11,15,25226,0,26,38860,688,115,803,21287,15519,36806,29011,0,627711,10054,62.400001525878906,36806,627711,6.199999809265137
2017,224,선학유피대학원대학교,대학원대학,사립,경기,-,30441,8578,39019,34019,9956,43975,0,1,5000,0,1,5000,48,5,53,345,479,824,725,0,43975,75,586.2999877929688,824,43975,1.899999976158142
2017,225,성결대학교,대학,사립,경기,B그룹,218414,73236,291650,394085,91663,485748,7,10,20944,0,17,21468,260,142,402,10341,194,10535,7252,0,485748,6054,80.19999694824219,10535,485748,2.200000047683716
2017,226,성공회대학교,대학,사립,서울,C그룹,119561,69573,189134,156519,89225,245744,12,12,22858,0,24,77575,119,45,164,4170,1330,5500,4424,0,245744,2516,97.6999969482422,5500,245744,2.299999952316284
2017,227,성균관대학교,대학,사립,서울,A그룹,644825,458848,1103673,1224184,729630,1953814,85,104,296420,0,189,297348,657,519,1176,72622,8269,80891,45790,88,1953814,26654,73.30000305175781,80891,1953814,4.300000190734863
2017,228,성산효대학원대학교,대학원대학,사립,인천,-,17616,5469,23085,20105,5469,25574,1,0,0,0,1,0,33,1,34,277,637,914,822,0,25574,236,108.4000015258789,914,25574,3.700000047683716
2017,229,성서침례대학원대학교,대학원대학,사립,경기,-,15962,5987,21949,16241,6031,22272,0,0,0,0,0,0,55,14,69,123,488,611,611,0,22272,49,454.5,611,22272,2.799999952316284
2017,230,성신여자대학교,대학,사립,서울,A그룹,335080,164169,499249,679910,208256,888166,12,14,41364,0,26,97947,322,274,596,17642,2574,20216,13628,8179,888166,10445,85.0,20216,888166,2.299999952316284
2017,231,성운대학교,전문대학,사립,경북,C그룹,17486,85,17571,25458,85,25543,0,0,0,0,0,0,33,0,33,2382,318,2700,1504,0,25543,1364,18.700000762939453,2700,25543,11.800000190734863
2017,232,성화대학,전문대학,사립,전남,B그룹,0,0,0,0,0,0,0,0,0,0,0,0,0,0,0,0,0,0,0,0,0,0,0.0,0,0,0.0
2017,233,세경대학교,전문대학,사립,강원,C그룹,38952,1454,40406,40624,1454,42078,0,3,3722,0,3,3722,62,0,62,1019,97,1116,1116,0,42078,941,44.70000076293945,1116,42078,2.700000047683716
2017,234,세계사이버대학,기타,기타,경기,-,0,0,0,0,0,0,0,0,0,0,0,0,0,0,0,0,0,0,0,0,0,0,0.0,0,0,0.0
2017,235,세명대학교,대학,사립,충북,B그룹,234090,69582,303672,503665,114160,617825,1,19,22591,0,20,24202,173,23,196,18799,1618,20417,15723,0,617825,8347,74.0,20417,617825,3.400000095367432
2017,236,세종대학교,대학,사립,서울,A그룹,347191,166862,514053,613902,297433,911335,25,23,38653,0,48,41131,200,87,287,2969,2439,5408,3921,0,911335,13968,65.19999694824219,5408,911335,0.6000000238418579
2017,237,세한대학교,대학,사립,충남,C그룹,128001,46389,174390,227781,67463,295244,4,2,17930,0,6,18771,147,6,153,12713,806,13519,9761,0,295244,4261,69.30000305175781,13519,295244,4.800000190734863
2017,238,송곡대학교,전문대학,사립,강원,C그룹,9125,29,9154,10566,83,10649,2,0,874,0,2,874,13,0,13,588,0,588,511,4135,10649,751,14.199999809265137,588,10649,5.800000190734863
2017,239,송원대학교,대학,사립,광주,C그룹,94811,11634,106445,231871,19173,251044,2,4,11834,0,6,11834,96,0,96,52526,5292,57818,15137,0,251044,2587,97.0,57818,251044,29.899999618530277
2017,240,송호대학교,전문대학,사립,강원,C그룹,28337,1609,29946,39213,2244,41457,0,1,2072,0,1,2072,62,0,62,2073,30,2103,2005,164,41457,1007,41.20000076293945,2103,41457,5.300000190734863
2017,241,수도국제대학원대학교,대학원대학,사립,서울,-,16077,2417,18494,20082,3866,23948,0,0,0,0,0,0,34,0,34,51,309,360,264,0,23948,303,79.0,360,23948,1.5
2017,242,수성대학교,전문대학,사립,대구,B그룹,62995,2679,65674,106456,3601,110057,0,0,1990,0,0,3827,85,0,85,5479,2636,8115,4427,0,110057,3715,29.600000381469727,8115,110057,8.0
2017,243,수원가톨릭대학교,대학,사립,경기,C그룹,55908,24310,80218,89807,37946,127753,4,4,6318,0,8,6318,161,136,297,1907,1990,3897,3271,0,127753,197,648.5,3897,127753,3.0999999046325684
2017,244,수원과학대학교,전문대학,사립,경기,B그룹,103228,7755,110983,196163,10238,206401,1,2,17524,0,3,17686,121,3,124,6753,520,7273,5326,0,206401,6214,33.20000076293945,7273,206401,3.700000047683716
2017,245,수원대학교,대학,사립,경기,B그룹,263296,102850,366146,635594,244038,879632,9,16,41281,0,25,41607,223,20,243,5633,24917,30550,23470,0,879632,10917,80.5999984741211,30550,879632,3.5999999046325684
2017,246,수원여자대학교,전문대학,사립,경기,B그룹,65124,5424,70548,141436,11085,152521,1,2,4018,0,3,5028,31,0,31,4675,0,4675,2752,2075,152521,4466,34.20000076293945,4675,152521,3.200000047683716
2017,247,숙명여자대학교,대학,사립,서울,A그룹,369106,182664,551770,871871,275753,1147624,28,38,71285,0,66,72801,598,304,902,30808,4034,34842,21089,1128,1147624,12820,89.5,34842,1147624,3.0999999046325684
2017,248,순복음대학원대학교,대학원대학,사립,서울,-,16673,168,16841,27917,168,28085,0,0,0,0,0,0,10,0,10,0,779,779,469,0,28085,146,192.3999938964844,779,28085,2.900000095367432
2017,249,순복음총회신학교,대학,사립,충북,C그룹,13446,0,13446,24867,0,24867,0,0,0,0,0,0,0,0,0,0,0,0,0,0,24867,345,72.0999984741211,0,24867,0.0
2017,250,순천제일대학교,전문대학,사립,전남,B그룹,66287,1075,67362,98432,1193,99625,3,1,1737,0,4,1737,48,0,48,2947,337,3284,2828,0,99625,2576,38.70000076293945,3284,99625,3.400000095367432
2017,251,순천향대학교,대학,사립,충남,A그룹,321908,172891,494799,547095,217461,764556,40,19,89626,0,59,151439,199,59,258,18162,62882,81044,73734,0,764556,11771,65.0,81044,764556,11.899999618530272
2017,252,숭실대학교,대학,사립,서울,A그룹,377938,139802,517740,618650,234974,853624,26,29,234853,0,55,239036,202,142,344,70567,3434,74001,28204,0,853624,15399,55.400001525878906,74001,853624,9.5
2017,253,숭실사이버대학교,대학,사립,서울,B그룹,2203,0,2203,2203,0,2203,0,0,2203,0,0,2203,0,0,0,0,0,0,0,0,2203,5239,0.4000000059604645,0,2203,0.0
2017,254,숭의여자대학교,전문대학,사립,서울,B그룹,105660,19176,124836,152446,20936,173382,2,0,6267,0,2,9528,55,12,67,2898,173,3071,2200,0,173382,3509,49.400001525878906,3071,173382,1.7999999523162842
2017,255,신경주대학교,대학,사립,경북,C그룹,191837,39316,231153,326315,64262,390577,4,1,8701,0,5,27293,156,0,156,6560,1215,7775,7472,0,390577,2326,167.89999389648438,7775,390577,2.0
2017,256,신구대학교,전문대학,사립,경기,A그룹,102360,8306,110666,154220,9419,163639,2,0,11414,0,2,15329,94,47,141,6211,611,6822,4536,0,163639,6761,24.200000762939453,6822,163639,4.400000095367432
2017,257,신라대학교,대학,사립,부산,B그룹,238413,69618,308031,568809,114970,683779,8,17,41962,0,25,43263,468,96,564,11764,3211,14975,8386,0,683779,10544,64.9000015258789,14975,683779,2.200000047683716
2017,258,신성대학교,전문대학,사립,충남,B그룹,99283,13505,112788,147640,23964,171604,5,2,3676,0,7,3957,135,0,135,5462,368,5830,5824,0,171604,4025,42.59999847412109,5830,171604,3.5
2017,259,신안산대학교,전문대학,사립,경기,B그룹,70300,2042,72342,104513,2157,106670,0,0,1065,0,0,1065,85,2,87,16270,2637,18907,7037,0,106670,4371,24.399999618530277,18907,106670,21.5
2017,260,신한대학교,대학,사립,경기,B그룹,205430,54058,259488,265036,54948,319984,4,9,48063,0,13,49086,357,11,368,16124,52321,68445,56863,0,319984,6047,52.900001525878906,68445,319984,27.200000762939453
2017,261,신흥대학교,전문대학,사립,경기,A그룹,0,0,0,0,0,0,0,0,0,0,0,0,0,0,0,0,0,0,0,0,0,0,0.0,0,0,0.0
2017,262,실천신학대학원대학교,대학원대학,사립,경기,-,6072,5287,11359,7168,5626,12794,0,1,0,0,1,0,10,1,11,151,63,214,214,0,12794,57,224.5,214,12794,1.7000000476837158
2017,263,아신대학교,대학,사립,경기,C그룹,47002,28901,75903,80889,50209,131098,0,6,4751,0,6,4751,152,99,251,2063,1538,3601,2862,747,131098,1479,88.5999984741211,3601,131098,2.799999952316284
2017,264,아주대학교,대학,사립,경기,A그룹,334574,230883,565457,617163,432644,1049807,45,49,37993,0,94,39218,593,117,710,10859,4082,14941,12927,0,1049807,14042,74.80000305175781,14941,1049807,1.399999976158142
2017,265,아주자동차대학교,전문대학,사립,충남,C그룹,11748,85,11833,34844,248,35092,0,0,3324,0,0,3324,77,0,77,1479,208,1687,1545,0,35092,1004,35.0,1687,35092,5.099999904632568
2017,266,안동과학대학교,전문대학,사립,경북,B그룹,57460,2374,59834,119704,2462,122166,3,2,12310,0,5,63118,227,6,233,3803,1398,5201,3103,0,122166,2813,43.400001525878906,5201,122166,4.400000095367432
2017,267,안산대학교,전문대학,사립,경기,A그룹,84256,31109,115365,138315,34638,172953,4,2,32538,0,6,32596,138,29,167,4481,697,5178,4706,0,172953,4557,38.0,5178,172953,3.0999999046325684
2017,268,안양대학교,대학,사립,경기,B그룹,273136,73225,346361,386604,78758,465362,11,18,96888,0,29,96889,94,16,110,34103,36379,70482,66179,0,465362,5336,87.19999694824219,70482,465362,17.799999237060547
2017,269,에스라성경대학원대학교,대학원대학,사립,경기,-,3452,2092,5544,7236,2117,9353,0,0,0,0,0,0,7,0,7,143,0,143,53,0,9353,60,155.89999389648438,143,9353,1.600000023841858
2017,270,여주대학교,전문대학,사립,경기,B그룹,117892,38083,155975,130167,38292,168459,3,0,49069,0,3,49069,30,0,30,45273,149,45422,45404,0,168459,5585,30.200000762939453,45422,168459,36.900001525878906
2017,271,연성대학교,전문대학,사립,경기,A그룹,112947,20206,133153,152403,21149,173552,1,1,22722,0,2,23265,270,11,281,7532,30864,38396,21708,0,173552,5943,29.200000762939453,38396,173552,28.399999618530277
2017,272,연세대학교,대학,사립,서울,A그룹,848648,766468,1615116,1484554,1148825,2633379,63,111,290133,0,174,290133,1349,941,2290,51019,20015,71034,53045,91865,2633379,31007,84.9000015258789,71034,2633379,2.799999952316284
2017,273,연세대학교(미래),대학,사립,강원,B그룹,322356,88623,410979,463030,160164,623194,29,16,169824,0,45,171840,485,96,581,14727,3909,18636,15533,12070,623194,8145,76.5,18636,623194,3.0999999046325684
2017,274,연암공과대학교,전문대학,사립,경남,C그룹,50171,4087,54258,60887,5001,65888,0,0,1112,0,0,1218,51,4,55,1661,43,1704,1238,0,65888,1241,53.09999847412109,1704,65888,2.700000047683716
2017,275,연암대학교,전문대학,사립,충남,C그룹,36935,2133,39068,54316,2705,57021,1,0,2257,0,1,2257,32,1,33,1342,0,1342,1173,0,57021,1079,52.79999923706055,1342,57021,2.400000095367432
2017,276,영남대학교,대학,사립,경북,A그룹,498610,358588,857198,1194728,602813,1797541,46,40,32285,0,86,32323,1057,270,1327,19746,6190,25936,23898,0,1797541,25124,71.5,25936,1797541,1.5
2017,277,영남사이버대학교,대학,사립,경북,C그룹,0,0,0,0,0,0,0,0,0,0,0,0,0,0,0,0,0,0,0,0,0,0,0.0,0,0,0.0
2017,278,영남신학대학교,대학,사립,경북,C그룹,64847,35088,99935,93305,37366,130671,3,2,16527,0,5,16527,83,47,130,1567,672,2239,1290,818,130671,701,186.3999938964844,2239,130671,1.7000000476837158
2017,279,영남외국어대학,전문대학,사립,경북,C그룹,25123,1024,26147,25606,1026,26632,0,2,1345,0,2,1345,32,0,32,544,393,937,937,141,26632,799,33.29999923706055,937,26632,3.5999999046325684
2017,280,영남이공대학교,전문대학,사립,대구,A그룹,93621,6193,99814,192456,9470,201926,2,2,19030,0,4,19500,185,17,202,6730,844,7574,4427,0,201926,5980,33.79999923706055,7574,201926,3.900000095367432
2017,281,영산대학교,대학,사립,경남,B그룹,236865,55792,292657,372492,68304,440796,4,14,9052,0,18,11061,227,11,238,7549,3685,11234,6715,0,440796,7293,60.400001525878906,11234,440796,2.5999999046325684
2017,282,영산선학대학교,대학,사립,전남,C그룹,34511,733,35244,53821,1029,54850,0,0,0,0,0,0,44,0,44,295,808,1103,431,1853,54850,38,1443.4000244140625,1103,54850,2.0999999046325684
2017,283,영진전문대학교,전문대학,사립,대구,A그룹,137825,27766,165591,278759,39743,318502,4,11,23245,0,15,25049,967,0,967,8759,2,8761,4732,0,318502,7799,40.79999923706055,8761,318502,2.799999952316284
2017,284,예명대학원대학교,대학원대학,사립,서울,-,8138,1104,9242,15586,1393,16979,0,0,0,0,0,0,0,0,0,0,248,248,122,0,16979,124,136.89999389648438,248,16979,1.5
2017,285,예수대학교,대학,사립,전북,C그룹,27272,3278,30550,36003,3996,39999,0,4,1826,0,4,1827,68,20,88,1546,2493,4039,2890,35,39999,575,69.5999984741211,4039,39999,11.199999809265137
2017,286,예원예술대학교,대학,사립,전북,C그룹,36234,55,36289,40708,83,40791,0,0,1045,0,0,1045,18,1,19,131,1138,1269,677,0,40791,1182,34.5,1269,40791,3.200000047683716
2017,287,오산대학교,전문대학,사립,경기,A그룹,99982,6674,106656,137544,7312,144856,3,3,7828,0,6,9137,348,15,363,7020,469,7489,5907,0,144856,4823,30.0,7489,144856,5.5
2017,288,온석대학원대학교,대학원대학,사립,경기,-,11000,150,11150,17966,261,18227,0,0,0,0,0,0,0,0,0,35,0,35,35,0,18227,244,74.69999694824219,35,18227,0.2000000029802322
2017,289,용인대학교,대학,사립,경기,B그룹,167457,23443,190900,325692,38447,364139,11,5,26857,0,16,78302,264,8,272,15105,289,15394,7977,0,364139,7183,50.70000076293945,15394,364139,4.400000095367432
2017,290,용인예술과학대학교,전문대학,사립,경기,B그룹,92686,5473,98159,154864,6057,160921,2,1,21112,0,3,21896,51,3,54,6159,419,6578,5668,0,160921,3980,40.400001525878906,6578,160921,4.300000190734863
2017,291,우석대학교,대학,사립,전북,B그룹,214734,116108,330842,565069,193306,758375,7,6,46542,0,13,47474,450,58,508,10485,40406,50891,45551,0,758375,8462,89.5999984741211,50891,758375,7.199999809265137
2017,292,우송공업대학,전문대학,사립,대전,B그룹,0,0,0,0,0,0,0,0,0,0,0,0,0,0,0,0,0,0,0,0,0,0,0.0,0,0,0.0
2017,293,우송대학교,대학,사립,대전,A그룹,111327,86431,197758,289755,99818,389573,3,9,69130,0,12,69874,170,7,177,75415,549,75964,23990,0,389573,9836,39.59999847412109,75964,389573,24.200000762939453
2017,294,우송정보대학,전문대학,사립,대전,B그룹,57407,9125,66532,145609,14020,159629,0,0,5752,0,0,5752,85,7,92,23799,695,24494,5464,0,159629,4870,32.79999923706055,24494,159629,18.100000381469727
2017,295,울산과학기술원,대학,국립,울산,C그룹,87902,124872,212774,101540,127999,229539,59,28,374079,0,87,374288,48,15,63,9970,188,10158,9720,0,229539,4475,51.29999923706055,10158,229539,4.599999904632568
2017,296,울산과학대학교,전문대학,사립,울산,A그룹,123560,17721,141281,180057,24369,204426,1,2,4086,0,3,4086,80,12,92,5418,872,6290,4778,0,204426,4733,43.20000076293945,6290,204426,3.200000047683716
2017,297,울산대학교,대학,사립,울산,A그룹,372948,202762,575710,620313,471049,1091362,57,34,74404,0,91,74404,315,234,549,10820,42376,53196,49186,77,1091362,14544,75.0,53196,1091362,5.099999904632568
2017,298,웅지세무대학교,전문대학,사립,경기,C그룹,7902,2262,10164,7902,2262,10164,0,0,0,0,0,0,0,0,0,0,0,0,0,0,10164,1758,5.800000190734863,0,10164,0.0
2017,299,원광대학교,대학,사립,전북,A그룹,449177,215514,664691,1014830,444342,1459172,20,20,38947,0,40,38958,702,11,713,20027,6257,26284,13972,0,1459172,17286,84.4000015258789,26284,1459172,1.7999999523162842
2017,300,원광보건대학교,전문대학,사립,전북,B그룹,74199,9694,83893,155101,15297,170398,0,8,8198,0,8,8401,195,8,203,4937,823,5760,2398,0,170398,4718,36.09999847412109,5760,170398,3.5
2017,301,원불교대학원대학교,대학원대학,사립,전북,-,12535,1944,14479,22047,2268,24315,0,0,0,0,0,0,43,0,43,63,48,111,111,1502,24315,62,392.2000122070313,111,24315,0.5
2017,302,웨스트민스터신학대학원대학교,대학원대학,사립,경기,-,23296,6888,30184,30996,8375,39371,0,2,0,0,2,0,314,9,323,515,0,515,398,0,39371,401,98.1999969482422,515,39371,1.2999999523162842
2017,303,위덕대학교,대학,사립,경북,C그룹,100374,48016,148390,194938,64698,259636,3,4,16909,0,7,16909,177,46,223,6639,2772,9411,6820,0,259636,3485,74.5,9411,259636,3.799999952316284
2017,304,유원대학교,대학,사립,충북,C그룹,88087,7892,95979,172362,14639,187001,1,3,2716,0,4,2716,62,1,63,4386,178,4564,2236,0,187001,3792,49.29999923706055,4564,187001,2.5
2017,305,유한대학교,전문대학,사립,경기,A그룹,110836,20732,131568,189607,24799,214406,2,4,13839,0,6,65126,63,14,77,6991,359,7350,4820,0,214406,4892,43.79999923706055,7350,214406,3.5
2017,306,육군사관학교,기타,기타,서울,-,173044,78883,251927,233999,92931,326930,12,0,13375,0,12,13375,419,61,480,3207,3346,6553,5240,0,326930,0,0.0,6553,326930,2.0
2017,307,을지대학교,대학,사립,대전,B그룹,93533,28172,121705,148395,31940,180335,9,4,6135,0,13,6205,140,0,140,2559,2311,4870,3429,0,180335,5348,33.70000076293945,4870,180335,2.799999952316284
2017,308,이화여자대학교,대학,사립,서울,A그룹,531751,471105,1002856,946750,681897,1628647,30,91,125516,0,121,129120,784,1196,1980,40944,8764,49708,37228,453,1628647,21552,75.5999984741211,49708,1628647,3.0999999046325684
2017,309,인덕대학교,전문대학,사립,서울,A그룹,94292,32527,126819,180557,36694,217251,0,4,1183,0,4,1183,170,25,195,6956,2,6958,4292,0,217251,6314,34.400001525878906,6958,217251,3.299999952316284
2017,310,인제대학교,대학,사립,경남,B그룹,370318,163460,533778,609881,238620,848501,26,17,47777,0,43,47777,394,26,420,12228,1821,14049,12884,20,848501,11407,74.4000015258789,14049,848501,1.7000000476837158
2017,311,인제대학원대학교,대학원대학,사립,서울,-,0,0,0,0,0,0,0,0,0,0,0,0,0,0,0,0,0,0,0,0,0,0,0.0,0,0,0.0
2017,312,인천가톨릭대학교,대학,사립,인천,C그룹,54749,17593,72342,80800,26584,107384,4,6,8908,0,10,8908,154,124,278,2828,901,3729,3458,0,107384,879,122.1999969482422,3729,107384,3.5999999046325684
2017,313,인천대학교,대학,국립,인천,A그룹,412185,119462,531647,958689,177950,1136639,23,24,54488,0,47,54488,660,63,723,45553,6477,52030,26618,0,1136639,13822,82.19999694824219,52030,1136639,4.800000190734863
2017,314,인천전문대학,전문대학,공립,인천,A그룹,0,0,0,0,0,0,0,0,0,0,0,0,0,0,0,0,0,0,0,0,0,0,0.0,0,0,0.0
2017,315,인하공업전문대학,전문대학,사립,인천,A그룹,67682,11575,79257,136058,14922,150980,1,1,8740,0,2,9753,61,7,68,6569,22028,28597,14889,0,150980,6616,22.799999237060547,28597,150980,23.399999618530277
2017,316,인하대학교,대학,사립,인천,A그룹,533990,325785,859775,1222455,397152,1619607,40,38,56568,0,78,62843,646,233,879,22577,11201,33778,23684,31256,1619607,20613,78.5999984741211,33778,1619607,2.0999999046325684
2017,317,장로회신학대학교,대학,사립,서울,C그룹,132611,86269,218880,216982,122319,339301,7,6,17955,0,13,17955,171,145,316,4761,3648,8409,8290,0,339301,2244,151.1999969482422,8409,339301,2.5
2017,318,장안대학교,전문대학,사립,경기,B그룹,88002,18543,106545,147786,20283,168069,2,0,20502,0,2,46319,167,20,187,9014,12811,21825,19273,0,168069,6041,27.799999237060547,21825,168069,14.899999618530272
2017,319,재능대학교,전문대학,사립,인천,B그룹,53184,495,53679,92400,923,93323,3,3,6378,0,6,56655,77,0,77,5765,2480,8245,4971,0,93323,3789,24.600000381469727,8245,93323,9.699999809265137
2017,320,전남과학대학교,전문대학,사립,전남,B그룹,67248,972,68220,90624,1069,91693,3,1,7685,0,4,7685,125,6,131,9006,558,9564,5469,0,91693,3985,23.0,9564,91693,11.600000381469728
2017,321,전남대학교,대학,국립,광주,A그룹,577715,324356,902071,1290953,493572,1784525,37,30,44206,0,67,44206,1195,333,1528,38852,24249,63101,25932,24,1784525,24944,71.5,63101,1784525,3.700000047683716
2017,322,전남도립대학교,전문대학,공립,전남,C그룹,59816,1058,60874,81780,1232,83012,1,1,2183,0,2,2186,143,0,143,2079,562,2641,2134,9,83012,1513,54.900001525878906,2641,83012,3.299999952316284
2017,323,전북과학대학교,전문대학,사립,전북,C그룹,37168,1319,38487,48798,3954,52752,1,4,8637,0,5,58918,99,2,101,2463,742,3205,2802,0,52752,1647,32.0,3205,52752,6.5
2017,324,전북대학교,대학,국립,전북,A그룹,574235,166309,740544,1332252,370712,1702964,36,36,65051,0,72,65911,685,657,1342,29516,14582,44098,20567,0,1702964,22932,74.30000305175781,44098,1702964,2.700000047683716
2017,325,전주교육대학교,대학,국립,전북,C그룹,117019,11175,128194,264337,15209,279546,3,7,2507,0,10,2507,257,43,300,3850,1864,5714,2746,0,279546,1468,190.3999938964844,5714,279546,2.0999999046325684
2017,326,전주기전대학,전문대학,사립,전북,C그룹,43298,1891,45189,81848,3181,85029,0,0,5658,0,0,5658,21,0,21,1875,440,2315,2064,0,85029,1903,44.70000076293945,2315,85029,2.799999952316284
2017,327,전주대학교,대학,사립,전북,A그룹,284624,56413,341037,513673,97471,611144,7,3,9005,0,10,9008,374,11,385,10679,1543,12222,9425,0,611144,12460,49.0,12222,611144,2.0
2017,328,전주비전대학교,전문대학,사립,전북,B그룹,69202,6946,76148,122649,8256,130905,1,1,4193,0,2,4231,37,1,38,4132,1173,5305,2970,0,130905,3494,37.5,5305,130905,4.199999809265137
2017,329,제네바신학대학원대학교,대학원대학,사립,경기,-,20054,6519,26573,33725,7774,41499,0,0,0,0,0,0,168,61,229,170,0,170,116,0,41499,0,0.0,170,41499,0.4000000059604645
2017,330,제주관광대학교,전문대학,사립,제주,C그룹,41251,1195,42446,59538,1482,61020,1,2,7533,0,3,7533,123,10,133,1631,88,1719,1317,0,61020,2300,26.5,1719,61020,2.900000095367432
2017,331,제주국제대학교,대학,사립,제주,C그룹,51550,7705,59255,71803,8309,80112,6,0,6428,0,6,6428,135,0,135,781,0,781,711,0,80112,1764,45.400001525878906,781,80112,1.0
2017,332,제주대학교,대학,국립,제주,A그룹,551778,174037,725815,1007089,294360,1301449,19,20,37398,0,39,37399,780,351,1131,23054,12148,35202,21095,0,1301449,12421,104.8000030517578,35202,1301449,2.799999952316284
2017,333,제주한라대학교,전문대학,사립,제주,A그룹,75346,9713,85059,118677,11380,130057,2,3,10109,0,5,10110,181,0,181,6516,91,6607,4643,0,130057,4951,26.299999237060547,6607,130057,5.400000095367432
2017,334,조선간호대학교,전문대학,사립,광주,C그룹,23415,1573,24988,28188,1580,29768,1,0,6057,0,1,6057,8,0,8,3364,5032,8396,5146,0,29768,806,36.900001525878906,8396,29768,39.29999923706055
2017,335,조선대학교,대학,사립,광주,A그룹,400061,174551,574612,894153,370273,1264426,24,13,285377,0,37,285380,634,295,929,57192,43862,101054,31886,0,1264426,22282,56.70000076293945,101054,1264426,8.699999809265137
2017,336,조선이공대학교,전문대학,사립,광주,B그룹,69812,15680,85492,81580,19996,101576,0,0,15385,0,0,15385,26,0,26,4450,135,4585,4033,0,101576,3511,28.899999618530277,4585,101576,4.699999809265137
2017,337,주안대학원대학교,대학원대학,사립,인천,-,12914,4639,17553,12914,4639,17553,1,0,0,0,1,0,23,1,24,741,279,1020,889,525,17553,60,292.6000061035156,1020,17553,6.199999809265137
2017,338,중부대학교,대학,사립,충남,B그룹,205520,46795,252315,440180,59957,500137,9,10,76399,0,19,76408,403,42,445,34204,39996,74200,46516,0,500137,9717,51.5,74200,500137,17.399999618530273
2017,339,중앙대학교,대학,사립,서울,A그룹,483890,357929,841819,1437292,583845,2021137,38,67,267547,0,105,267786,732,220,952,58978,7574,66552,59622,1690,2021137,28873,70.0,66552,2021137,3.400000095367432
2017,340,중앙승가대학교,대학,사립,경기,C그룹,63354,758,64112,86762,803,87565,1,1,272,0,2,447,1120,51,1171,1206,677,1883,1701,188,87565,273,320.79998779296875,1883,87565,2.200000047683716
2017,341,중원대학교,대학,사립,충북,C그룹,49238,30395,79633,61102,33824,94926,5,2,26949,0,7,26949,55,9,64,18039,20916,38955,30065,0,94926,3610,26.299999237060547,38955,94926,69.5999984741211
2017,342,진주교육대학교,대학,국립,경남,C그룹,147501,16123,163624,278369,16206,294575,3,2,5707,0,5,5707,69,7,76,5615,1197,6812,3181,0,294575,1769,166.5,6812,294575,2.400000095367432
2017,343,진주보건대학교,전문대학,사립,경남,B그룹,59479,1930,61409,82083,2329,84412,1,3,0,0,4,19,297,0,297,2529,1520,4049,3108,0,84412,2877,29.299999237060547,4049,84412,5.0
2017,344,차의과학대학교,대학,사립,경기,C그룹,28215,9880,38095,42900,17208,60108,8,8,5177,0,16,55454,186,8,194,2911,1867,4778,3931,0,60108,2695,22.299999237060547,4778,60108,8.600000381469727
2017,345,창신대학교,대학,사립,경남,C그룹,72585,4154,76739,107875,5006,112881,1,5,6334,0,6,6334,116,0,116,3241,833,4074,3299,0,112881,1583,71.30000305175781,4074,112881,3.700000047683716
2017,346,창원문성대학교,전문대학,사립,경남,C그룹,87645,2655,90300,179733,5657,185390,1,1,5606,0,2,5606,81,1,82,4623,0,4623,2605,0,185390,3617,51.29999923706055,4623,185390,2.5999999046325684
2017,347,청강문화산업대학교,전문대학,사립,경기,B그룹,83983,15382,99365,168365,16194,184559,1,1,8704,0,2,8704,92,63,155,7098,116,7214,5777,4531,184559,3709,49.79999923706055,7214,184559,4.099999904632568
2017,348,청암대학교,전문대학,사립,전남,B그룹,56312,7315,63627,73976,10749,84725,5,1,1727,0,6,2126,21,2,23,3350,0,3350,1559,0,84725,2834,29.899999618530277,3350,84725,4.099999904632568
2017,349,청운대학교,대학,사립,충남,B그룹,246124,55080,301204,527332,64497,591829,7,9,77440,0,16,128150,383,63,446,17694,1713,19407,12079,0,591829,6957,85.0999984741211,19407,591829,3.400000095367432
2017,350,청주교육대학교,대학,국립,충북,C그룹,160138,22068,182206,276001,24051,300052,0,4,7371,0,4,7371,138,30,168,3489,580,4069,2912,0,300052,1703,176.1999969482422,4069,300052,1.399999976158142
2017,351,청주대학교,대학,사립,충북,A그룹,410832,160364,571196,902981,258797,1161778,21,22,46562,0,43,46728,458,210,668,20912,2506,23418,13987,0,1161778,12559,92.5,23418,1161778,2.0999999046325684
2017,352,초당대학교,대학,사립,전남,C그룹,166877,32828,199705,277737,38131,315868,5,3,26709,0,8,32539,157,7,164,8831,11670,20501,12623,0,315868,3412,92.5999984741211,20501,315868,6.900000095367432
2017,353,총신대학교,대학,사립,서울,C그룹,107099,285217,392316,260090,342900,602990,6,11,179400,0,17,181918,269,168,437,72520,4046,76566,65621,0,602990,4119,146.39999389648438,76566,602990,14.5
2017,354,추계예술대학교,대학,사립,서울,C그룹,98407,8182,106589,108848,8860,117708,3,3,8507,0,6,13517,117,38,155,3194,83,3277,3214,134,117708,1390,84.69999694824219,3277,117708,2.900000095367432
2017,355,춘천교육대학교,대학,국립,강원,C그룹,180378,6878,187256,305314,8881,314195,3,1,11557,0,4,11557,129,0,129,4473,891,5364,5099,0,314195,1837,171.0,5364,314195,1.7000000476837158
2017,356,춘해보건대학교,전문대학,사립,울산,B그룹,61222,1703,62925,71919,2150,74069,2,3,14478,0,5,64755,83,1,84,4641,733,5374,5282,0,74069,2635,28.100000381469727,5374,74069,7.800000190734863
2017,357,충남대학교,대학,국립,대전,A그룹,557952,260798,818750,1225757,463322,1689079,24,43,61426,0,67,115230,629,841,1470,29856,7055,36911,23058,0,1689079,24200,69.80000305175781,36911,1689079,2.200000047683716
2017,358,충남도립대학교,전문대학,공립,충남,C그룹,39659,2095,41754,61183,2596,63779,1,1,1121,0,2,1121,63,0,63,1214,1177,2391,1698,500,63779,1104,57.79999923706055,2391,63779,3.900000095367432
2017,359,충북대학교,대학,국립,충북,A그룹,432950,197759,630709,1079406,247759,1327165,30,39,244328,0,69,245277,735,225,960,20264,163660,183924,71280,51,1327165,17884,74.19999694824219,183924,1327165,16.100000381469727
2017,360,충북도립대학교,전문대학,공립,충북,C그룹,37148,1282,38430,62156,1666,63822,0,0,2375,0,0,2375,43,0,43,2085,0,2085,1177,86,63822,963,66.30000305175781,2085,63822,3.400000095367432
2017,361,충북보건과학대학교,전문대학,사립,충북,B그룹,73127,4461,77588,112650,5667,118317,0,2,5366,0,2,5366,165,0,165,2220,672,2892,2024,0,118317,2775,42.59999847412109,2892,118317,2.5
2017,362,충청대학교,전문대학,사립,충북,B그룹,86560,11415,97975,140365,14021,154386,5,4,5459,0,9,6744,197,5,202,4056,497,4553,2846,0,154386,4837,31.899999618530277,4553,154386,3.0
2017,363,치유상담대학원대학교,대학원대학,사립,서울,-,11479,3040,14519,12283,3057,15340,0,1,0,0,1,0,5,0,5,58,0,58,54,0,15340,191,80.30000305175781,58,15340,0.4000000059604645
2017,364,칼빈대학교,대학,사립,경기,C그룹,40089,21946,62035,74533,26815,101348,0,3,8170,0,3,8170,160,23,183,1499,613,2112,1964,0,101348,715,141.6999969482422,2112,101348,2.0999999046325684
2017,365,탐라대학교,대학,사립,제주,C그룹,0,0,0,0,0,0,0,0,0,0,0,0,0,0,0,0,0,0,0,0,0,0,0.0,0,0,0.0
2017,366,평택대학교,대학,사립,경기,C그룹,189504,71577,261081,295633,86171,381804,5,12,10761,0,17,11812,116,111,227,9421,1913,11334,8726,0,381804,4645,82.19999694824219,11334,381804,3.0999999046325684
2017,367,포항공과대학교,대학,사립,경북,C그룹,83172,186918,270090,114877,328815,443692,28,13,395629,0,41,396495,102,116,218,2517,1382,3899,3371,2964,443692,3238,137.0,3899,443692,0.8999999761581421
2017,368,포항대학교,전문대학,사립,경북,C그룹,48625,2981,51606,89078,3544,92622,0,2,664,0,2,664,86,0,86,1798,0,1798,841,0,92622,2224,41.59999847412109,1798,92622,2.0
2017,369,한경국립대학교,대학,국립,경기,B그룹,216542,41666,258208,437628,56141,493769,10,7,12763,0,17,13291,244,62,306,13653,1181,14834,6242,0,493769,7103,69.5,14834,493769,3.0999999046325684
2017,370,한국개발연구원국제정책대학원대학교,대학원대학,사립,세종,-,86048,150135,236183,102041,180873,282914,15,29,358150,0,44,358150,1,15,16,5458,461,5919,5508,38372,282914,754,375.2000122070313,5919,282914,2.0999999046325684
2017,371,한국골프과학기술대학교,전문대학,사립,강원,C그룹,12325,44,12369,12608,44,12652,0,0,2028,0,0,2028,34,0,34,1457,1462,2919,2855,0,12652,453,27.899999618530277,2919,12652,30.0
2017,372,한국공학대학교,대학,사립,경기,B그룹,94012,9219,103231,157353,12204,169557,11,3,15836,0,14,16664,96,39,135,9601,1815,11416,10433,0,169557,8108,20.899999618530277,11416,169557,7.199999809265137
2017,373,한국과학기술원,대학,국립,대전,A그룹,234347,294243,528590,318613,348470,667083,63,57,212401,0,120,213623,163,52,215,45991,7182,53173,51035,19,667083,10633,62.70000076293945,53173,667083,8.699999809265137
2017,374,한국관광대학교,전문대학,사립,경기,C그룹,43173,1146,44319,76156,1536,77692,2,2,6073,0,4,56350,111,1,112,6229,769,6998,3539,0,77692,2025,38.400001525878906,6998,77692,9.899999618530272
2017,375,한국교원대학교,대학,국립,충북,B그룹,235112,73680,308792,500785,111691,612476,20,15,29422,0,35,29423,393,75,468,11773,2734,14507,8268,0,612476,5709,107.3000030517578,14507,612476,2.400000095367432
2017,376,한국국제대학교,대학,사립,경남,C그룹,90582,13652,104234,177869,16453,194322,1,8,23661,0,9,24682,124,0,124,8854,56529,65383,19802,0,194322,3682,52.79999923706055,65383,194322,50.70000076293945
2017,377,한국기술교육대학교,대학,사립,충남,C그룹,133132,32622,165754,308109,42429,350538,7,17,19301,0,24,19825,236,61,297,10877,2617,13494,8114,0,350538,4871,72.0,13494,350538,4.0
2017,378,한국농수산대학교,전문대학,국립,전북,C그룹,44651,3644,48295,52016,4396,56412,1,3,13272,0,4,21117,173,27,200,1404,194,1598,1492,0,56412,1180,47.79999923706055,1598,56412,2.900000095367432
2017,379,한국방송통신대학교,대학,국립,서울,A그룹,255836,72560,328396,1257455,107572,1365027,8,11,45907,0,19,47358,131,50,181,16569,7582,24151,22151,5216,1365027,125385,10.899999618530272,24151,1365027,1.7999999523162842
2017,380,한국복지사이버대학교,전문대학,사립,경북,B그룹,1008,0,1008,1657,0,1657,0,0,1008,0,0,1008,0,0,0,145,0,145,136,0,1657,1675,1.0,145,1657,9.600000381469728
2017,381,한국상담대학원대학교,대학원대학,사립,서울,-,7881,1325,9206,11894,1384,13278,3,1,0,0,4,0,0,0,0,1511,20,1531,903,0,13278,199,66.69999694824219,1531,13278,13.0
2017,382,한국성서대학교,대학,사립,서울,C그룹,85696,19148,104844,130891,23670,154561,0,6,33783,0,6,33785,232,21,253,2020,5938,7958,6009,1496,154561,1222,126.5,7958,154561,5.400000095367432
2017,383,한국승강기대학교,전문대학,사립,경남,C그룹,11780,222,12002,18229,288,18517,0,0,991,0,0,991,2,2,4,1434,500,1934,951,0,18517,592,31.299999237060547,1934,18517,11.699999809265137
2017,384,한국에너지공과대학교,대학,국립,전남,C그룹,0,0,0,0,0,0,0,0,0,0,0,0,0,0,0,0,0,0,0,0,0,0,0.0,0,0,0.0
2017,385,한국열린사이버대학교,대학,사립,서울,B그룹,4203,0,4203,5866,0,5866,0,0,4203,0,0,4203,0,0,0,0,0,0,0,0,5866,4003,1.5,0,5866,0.0
2017,386,한국영상대학교,전문대학,사립,세종,B그룹,54969,1496,56465,110405,2275,112680,1,0,8212,0,1,8336,84,3,87,3672,11049,14721,5208,0,112680,3445,32.70000076293945,14721,112680,15.0
2017,387,한국예술종합학교,대학,국립,서울,C그룹,103785,49923,153708,179376,63025,242401,6,16,21952,0,22,22707,185,235,420,9471,1998,11469,9964,0,242401,2583,93.8000030517578,11469,242401,5.0
2017,388,한국외국어대학교,대학,사립,서울,A그룹,508879,332943,841822,1241750,536948,1778698,25,46,90742,0,71,151812,1751,791,2542,45866,7441,53307,32531,51,1778698,19131,93.0,53307,1778698,3.0999999046325684
2017,389,한국전력국제원자력대학원대학교,대학원대학,사립,울산,-,1885,2337,4222,2186,2662,4848,0,1,0,0,1,0,11,8,19,411,40,451,386,0,4848,105,46.20000076293945,451,4848,10.300000190734863
2017,390,한국전통문화대학교,대학,국립,충남,C그룹,83647,17953,101600,185443,28060,213503,2,8,7139,0,10,7342,111,50,161,8767,8726,17493,10618,0,213503,676,315.79998779296875,17493,213503,8.899999618530273
2017,391,한국정보통신대학교,대학,사립,대전,C그룹,0,0,0,0,0,0,0,0,0,0,0,0,0,0,0,0,0,0,0,0,0,0,0.0,0,0,0.0
2017,392,한국철도대학,전문대학,국립,경기,C그룹,0,0,0,0,0,0,0,0,0,0,0,0,0,0,0,0,0,0,0,0,0,0,0.0,0,0,0.0
2017,393,한국체육대학교,대학,국립,서울,C그룹,78746,14359,93105,125284,19233,144517,4,3,18119,0,7,68633,157,39,196,5244,865,6109,4951,0,144517,3047,47.400001525878906,6109,144517,4.400000095367432
2017,394,한국침례신학대학교,대학,사립,대전,C그룹,102695,66301,168996,180118,79664,259782,5,3,35942,0,8,36335,125,49,174,36421,1150,37571,36844,0,259782,2406,108.0,37571,259782,16.899999618530273
2017,395,한국폴리텍Ⅰ대학서울강서캠퍼스,전문대학,사립,서울,C그룹,5486,0,5486,5489,0,5489,0,0,0,0,0,0,0,0,0,1554,0,1554,1554,0,5489,608,9.0,1554,5489,39.5
2017,396,한국폴리텍Ⅰ대학서울정수캠퍼스,전문대학,사립,서울,C그룹,10,3,13,8681,11,8692,0,0,0,0,0,0,0,0,0,679,0,679,10,0,8692,1484,5.900000095367432,679,8692,8.5
2017,397,한국폴리텍Ⅰ대학성남캠퍼스,전문대학,사립,경기,C그룹,8856,0,8856,8856,0,8856,0,0,0,0,0,0,0,0,0,663,0,663,663,0,8856,1027,8.600000381469727,663,8856,8.100000381469727
2017,398,한국폴리텍Ⅰ대학제주캠퍼스,전문대학,사립,제주,C그룹,139,0,139,139,0,139,0,0,0,0,0,0,0,0,0,139,0,139,139,0,139,17,8.199999809265137,139,139,0.0
2017,399,한국폴리텍Ⅱ대학남인천캠퍼스,전문대학,사립,인천,C그룹,0,0,0,0,0,0,0,0,0,0,0,0,0,0,0,0,0,0,0,0,0,0,0.0,0,0,0.0
2017,400,한국폴리텍Ⅱ대학인천캠퍼스,전문대학,사립,인천,C그룹,12161,0,12161,14911,0,14911,0,0,0,0,0,0,0,0,0,879,0,879,818,0,14911,2360,6.300000190734863,879,14911,6.300000190734863
2017,401,한국폴리텍Ⅱ대학화성캠퍼스,전문대학,사립,경기,C그룹,0,0,0,0,0,0,0,0,0,0,0,0,0,0,0,0,0,0,0,0,0,0,0.0,0,0,0.0
2017,402,한국폴리텍Ⅲ대학강릉캠퍼스,전문대학,사립,강원,C그룹,3447,0,3447,3642,0,3642,0,0,0,0,0,0,14,0,14,666,338,1004,972,0,3642,97,37.5,1004,3642,38.09999847412109
2017,403,한국폴리텍Ⅲ대학원주캠퍼스,전문대학,사립,강원,C그룹,2464,0,2464,2567,0,2567,0,0,0,0,0,0,0,0,0,234,0,234,234,0,2567,39,65.80000305175781,234,2567,10.0
2017,404,한국폴리텍Ⅲ대학춘천캠퍼스,전문대학,사립,강원,C그룹,6645,0,6645,7864,0,7864,0,0,0,0,0,0,0,0,0,426,0,426,426,0,7864,386,20.399999618530277,426,7864,5.699999809265137
2017,405,한국폴리텍Ⅳ대학대전캠퍼스,전문대학,사립,대전,C그룹,6366,0,6366,6425,0,6425,0,0,588,0,0,588,0,0,0,1372,0,1372,1313,0,6425,1076,6.0,1372,6425,27.200000762939453
2017,406,한국폴리텍Ⅳ대학아산캠퍼스,전문대학,사립,충남,C그룹,5688,0,5688,7331,0,7331,0,0,0,0,0,0,0,0,0,365,0,365,200,0,7331,553,13.300000190734863,365,7331,5.199999809265137
2017,407,한국폴리텍Ⅳ대학청주캠퍼스,전문대학,사립,충북,C그룹,772,0,772,4502,0,4502,0,0,0,0,0,0,0,0,0,447,0,447,387,0,4502,803,5.599999904632568,447,4502,11.0
2017,408,한국폴리텍Ⅳ대학충남캠퍼스,전문대학,사립,충남,C그룹,10,0,10,5006,0,5006,0,0,0,0,0,0,0,0,0,298,0,298,10,0,5006,272,18.399999618530277,298,5006,6.300000190734863
2017,409,한국폴리텍Ⅴ대학광주캠퍼스,전문대학,사립,광주,C그룹,10161,0,10161,11893,0,11893,0,0,0,0,0,0,0,0,0,1435,0,1435,1435,0,11893,808,14.699999809265137,1435,11893,13.699999809265137
2017,410,한국폴리텍Ⅴ대학순천캠퍼스,전문대학,사립,전남,C그룹,0,0,0,0,0,0,0,0,0,0,0,0,0,0,0,0,0,0,0,0,0,0,0.0,0,0,0.0
2017,411,한국폴리텍Ⅴ대학익산캠퍼스,전문대학,사립,전북,C그룹,3426,0,3426,3426,0,3426,0,0,0,0,0,0,0,0,0,309,0,309,309,0,3426,100,34.29999923706055,309,3426,9.899999618530272
2017,412,한국폴리텍Ⅴ대학전남캠퍼스,전문대학,사립,전남,C그룹,5599,1987,7586,8351,2472,10823,0,0,0,0,0,0,0,0,0,728,0,728,10,0,10823,289,37.400001525878906,728,10823,7.199999809265137
2017,413,한국폴리텍Ⅴ대학전북캠퍼스,전문대학,사립,전북,C그룹,4632,0,4632,5506,0,5506,0,0,0,0,0,0,0,0,0,213,0,213,203,0,5506,547,10.100000381469728,213,5506,4.0
2017,414,한국폴리텍Ⅵ대학구미캠퍼스,전문대학,사립,경북,C그룹,2500,0,2500,8958,0,8958,0,0,0,0,0,0,8,0,8,757,15,772,119,0,8958,607,14.800000190734863,772,8958,9.399999618530272
2017,415,한국폴리텍Ⅵ대학대구캠퍼스,전문대학,사립,대구,C그룹,9435,6,9441,10421,6,10427,0,0,0,0,0,0,27,0,27,1286,0,1286,1255,23,10427,1069,9.800000190734863,1286,10427,14.100000381469728
2017,416,한국폴리텍Ⅵ대학영남융합기술캠퍼스,전문대학,사립,대구,C그룹,4396,0,4396,6796,0,6796,0,0,0,0,0,0,0,0,0,219,0,219,214,0,6796,379,17.899999618530273,219,6796,3.299999952316284
2017,417,한국폴리텍Ⅵ대학영주캠퍼스,전문대학,사립,경북,C그룹,1658,0,1658,2558,0,2558,0,0,827,0,0,827,0,0,0,155,0,155,154,0,2558,44,58.09999847412109,155,2558,6.5
2017,418,한국폴리텍Ⅶ대학동부산캠퍼스,전문대학,사립,부산,C그룹,0,0,0,0,0,0,0,0,0,0,0,0,0,0,0,0,0,0,0,0,0,0,0.0,0,0,0.0
2017,419,한국폴리텍Ⅶ대학부산캠퍼스,전문대학,사립,부산,C그룹,9815,0,9815,11858,0,11858,0,0,0,0,0,0,0,0,0,772,0,772,725,0,11858,1042,11.399999618530272,772,11858,7.0
2017,420,한국폴리텍Ⅶ대학울산캠퍼스,전문대학,사립,울산,C그룹,6804,0,6804,8476,0,8476,0,0,349,0,0,349,0,0,0,516,0,516,512,0,8476,881,9.600000381469728,516,8476,6.5
2017,421,한국폴리텍Ⅶ대학진주캠퍼스,전문대학,사립,경남,C그룹,0,0,0,0,0,0,0,0,0,0,0,0,0,0,0,0,0,0,0,0,0,0,0.0,0,0,0.0
2017,422,한국폴리텍Ⅶ대학창원캠퍼스,전문대학,사립,경남,C그룹,15797,3,15800,18633,3,18636,0,0,827,0,0,827,30,0,30,2499,0,2499,1992,0,18636,1477,12.600000381469728,2499,18636,15.5
2017,423,한국폴리텍특성화 로봇캠퍼스,전문대학,사립,경북,C그룹,0,0,0,0,0,0,0,0,0,0,0,0,0,0,0,0,0,0,0,0,0,0,0.0,0,0,0.0
2017,424,한국폴리텍특성화 바이오캠퍼스,전문대학,사립,충남,C그룹,2947,0,2947,3877,0,3877,0,0,0,0,0,0,4,0,4,513,0,513,492,0,3877,377,10.300000190734863,513,3877,15.199999809265137
2017,425,한국폴리텍특성화 반도체융합캠퍼스,전문대학,사립,경기,C그룹,7187,0,7187,8303,0,8303,0,0,0,0,0,0,0,0,0,463,0,463,459,0,8303,545,15.199999809265137,463,8303,5.900000095367432
2017,426,한국폴리텍특성화 항공캠퍼스,전문대학,사립,경남,C그룹,4852,200,5052,4852,200,5052,0,0,0,0,0,0,0,0,0,562,0,562,559,0,5052,566,8.899999618530273,562,5052,12.5
2017,427,한국학대학원,대학원대학,국립,경기,-,0,0,0,0,0,0,0,0,0,0,0,0,0,0,0,0,0,0,0,0,0,0,0.0,0,0,0.0
2017,428,한국항공대학교,대학,사립,경기,C그룹,105800,47210,153010,172823,60734,233557,10,12,5567,0,22,5567,104,33,137,3109,508,3617,2257,0,233557,4616,50.59999847412109,3617,233557,1.600000023841858
2017,429,한남대학교,대학,사립,대전,A그룹,322013,130738,452751,668824,222817,891641,9,15,38778,0,24,38779,448,60,508,26744,30115,56859,41616,0,891641,13290,67.0999984741211,56859,891641,6.800000190734863
2017,430,한동대학교,대학,사립,경북,C그룹,102219,94324,196543,150640,117554,268194,11,11,43495,0,22,43495,66,89,155,37132,2482,39614,37803,0,268194,4359,61.5,39614,268194,17.299999237060547
2017,431,한라대학교,대학,사립,강원,C그룹,64753,5554,70307,91997,6027,98024,4,1,5806,0,5,15493,77,0,77,2045,1233,3278,2943,0,98024,4120,23.799999237060547,3278,98024,3.5
2017,432,한려대학교,대학,사립,전남,C그룹,35666,16,35682,97715,16,97731,1,0,43,0,1,43,0,0,0,0,0,0,0,0,97731,721,135.5,0,97731,0.0
2017,433,한림국제대학원대학교,대학원대학,사립,서울,-,2185,1214,3399,2945,1287,4232,0,0,0,0,0,0,20,0,20,18,181,199,199,0,4232,193,21.899999618530277,199,4232,4.900000095367432
2017,434,한림대학교,대학,사립,강원,B그룹,254370,138350,392720,520917,259573,780490,20,15,9033,0,35,9138,539,199,738,21084,6512,27596,16105,0,780490,9001,86.69999694824219,27596,780490,3.700000047683716
2017,435,한림성심대학교,전문대학,사립,강원,B그룹,82347,4560,86907,138552,6811,145363,1,5,5747,0,6,5859,218,3,221,6278,676,6954,3760,0,145363,3315,43.900001525878906,6954,145363,5.0
2017,436,한민학교,대학,사립,충남,C그룹,0,0,0,0,0,0,0,0,0,0,0,0,0,0,0,0,0,0,0,0,0,0,0.0,0,0,0.0
2017,437,한반도국제대학원대학교,대학원대학,사립,서울,-,11000,1488,12488,11128,1496,12624,0,0,0,0,0,0,0,0,0,18,307,325,275,0,12624,56,225.3999938964844,325,12624,2.5999999046325684
2017,438,한북대학교,대학,사립,경기,C그룹,0,0,0,0,0,0,0,0,0,0,0,0,0,0,0,0,0,0,0,0,0,0,0.0,0,0,0.0
2017,439,한서대학교,대학,사립,충남,B그룹,200094,222517,422611,321066,311086,632152,9,14,25989,0,23,26327,160,41,201,10134,3370,13504,8923,0,632152,7903,80.0,13504,632152,2.200000047683716
2017,440,한성대학교,대학,사립,서울,B그룹,369897,124248,494145,554149,150246,704395,9,26,58780,0,35,77243,1912,70,1982,17043,2363,19406,17706,0,704395,7454,94.5,19406,704395,2.799999952316284
2017,441,한세대학교,대학,사립,경기,C그룹,122823,86550,209373,234156,94645,328801,2,3,67530,0,5,67530,205,40,245,9563,917,10480,7766,0,328801,3664,89.69999694824219,10480,328801,3.299999952316284
2017,442,한신대학교,대학,사립,경기,B그룹,179551,90941,270492,358024,141855,499879,4,13,8139,0,17,8398,415,130,545,8329,5043,13372,6672,3373,499879,5761,86.80000305175781,13372,499879,2.700000047683716
2017,443,한양대학교,대학,사립,서울,A그룹,609635,369100,978735,1000198,552117,1552315,46,53,116171,0,99,116351,1447,309,1756,18133,8471,26604,23690,49,1552315,22624,68.5999984741211,26604,1552315,1.7000000476837158
2017,444,한양대학교(ERICA),대학,사립,경기,A그룹,406847,203215,610062,718764,270548,989312,12,9,241297,0,21,242307,216,106,322,14406,8212,22618,20017,276,989312,10441,94.8000030517578,22618,989312,2.299999952316284
2017,445,한양여자대학교,전문대학,사립,서울,A그룹,78487,10532,89019,170776,14854,185630,1,0,5256,0,1,7109,238,20,258,6903,988,7891,4291,7,185630,6726,27.600000381469727,7891,185630,4.400000095367432
2017,446,한영대학교,전문대학,사립,전남,C그룹,4716,62,4778,25634,417,26051,2,0,0,0,2,0,72,0,72,198,20,218,13,0,26051,1386,18.799999237060547,218,26051,0.800000011920929
2017,447,한일장신대학교,대학,사립,전북,C그룹,84325,19005,103330,178248,25639,203887,4,3,5146,0,7,5146,80,10,90,1329,1883,3212,2531,0,203887,1217,167.5,3212,203887,1.600000023841858
2017,448,한중대학교,대학,사립,강원,C그룹,49381,4034,53415,51095,4064,55159,0,0,0,0,0,0,12,2,14,0,0,0,0,0,55159,1145,48.20000076293945,0,55159,0.0
2017,449,합동신학대학원대학교,대학원대학,사립,경기,-,62676,57483,120159,90873,69345,160218,3,8,49426,0,11,49426,120,75,195,31535,3391,34926,33458,0,160218,304,527.0,34926,160218,27.899999618530277
2017,450,해군사관학교,기타,기타,경남,-,125883,41195,167078,189193,50983,240176,3,7,7672,0,10,7672,243,20,263,4296,2587,6883,5663,0,240176,0,0.0,6883,240176,3.0
2017,451,협성대학교,대학,사립,경기,C그룹,167239,101751,268990,255159,127334,382493,5,8,64576,0,13,68989,259,83,342,45713,23228,68941,58732,0,382493,4894,78.19999694824219,68941,382493,22.0
2017,452,혜전대학교,전문대학,사립,충남,B그룹,96334,4065,100399,147273,4663,151936,2,0,5429,0,2,6013,276,0,276,3785,776,4561,2134,0,151936,3126,48.59999847412109,4561,151936,3.0999999046325684
2017,453,호남대학교,대학,사립,광주,B그룹,204377,165078,369455,370965,286807,657772,7,9,21744,0,16,23994,281,122,403,7465,2573,10038,5448,0,657772,8000,82.19999694824219,10038,657772,1.5
2017,454,호남신학대학교,대학,사립,광주,C그룹,75626,58906,134532,106967,65049,172016,4,8,39842,0,12,39842,209,97,306,2264,1601,3865,3483,0,172016,986,174.5,3865,172016,2.299999952316284
2017,455,호산대학교,전문대학,사립,경북,C그룹,44224,1403,45627,74246,2144,76390,1,1,3022,0,2,3022,40,1,41,1661,83,1744,1524,0,76390,2001,38.20000076293945,1744,76390,2.299999952316284
2017,456,호서대학교,대학,사립,충남,A그룹,304611,247672,552283,669833,349357,1019190,16,21,165577,0,37,167551,375,1,376,52838,27573,80411,55330,0,1019190,13785,73.9000015258789,80411,1019190,8.600000381469727
2017,457,호원대학교,대학,사립,전북,B그룹,238339,83853,322192,379927,104507,484434,5,10,22616,0,15,23697,166,4,170,22427,911,23338,15773,0,484434,5782,83.80000305175781,23338,484434,5.099999904632568
2017,458,홍익대학교,대학,사립,서울,A그룹,817123,236574,1053697,1512125,351911,1864036,35,41,56957,0,76,57630,1328,357,1685,30509,9609,40118,28439,33539,1864036,21953,84.9000015258789,40118,1864036,2.200000047683716
2017,459,화성의과학대학교,대학,사립,경기,C그룹,9545,38,9583,17690,38,17728,0,0,0,0,0,0,75,0,75,0,460,460,451,0,17728,815,21.799999237060547,460,17728,2.700000047683716
2017,460,화신사이버대학교,대학,사립,부산,C그룹,4445,0,4445,17593,0,17593,0,1,0,0,1,0,0,0,0,0,0,0,0,0,17593,1210,14.5,0,17593,0.0
2017,461,횃불트리니티신학대학원대학교,대학원대학,사립,서울,-,29092,30242,59334,37696,35943,73639,3,4,94,0,7,95,100,117,217,821,642,1463,1324,0,73639,445,165.5,1463,73639,2.0
