YR,ID,SNM,STYP,FND,RGN,USC,STF_FT_HLIBC,STF_FT_NLIBC,STF_PT_HLIBC,STF_PT_NLIBC,STF_TTL_HLIBC,STF_TTL_NLIBC,STF_TTL_SUM,LIBCS_FT_SL1,LIBCS_FT_SL2,LIBCS_FT_ALIB,LIBCS_FT_TTL,LIBCS_PT_SL1,LIBCS_PT_SL2,LIBCS_PT_ALIB,LIBCS_PT_TTL,SES_PTH,SES_PTC,SPK_FT_LIB,SPK_FT_NLIB,SPK_PT_LIB,SPK_PT_NLIB,SPK_SCC,SPK_SPK,LPK_LFT2,LPK_LPT2,LPK_SCP,LPK_LPK,EHS_EH,EHS_LFT,EHS_LPT,EHS_EHS
2014,1,ICT폴리텍대학,전문대학,사립,경기,C그룹,0,1,0,0,0,1,1,0,0,0,0,0,0,0,0,0,0,0,1,0,0,325,2.5,0,0,325,0.0,0,1,0,0.0
2014,2,가야대학교,대학,사립,경남,C그룹,1,1,1,1,2,2,4,0,1,0,1,0,1,0,1,36,6,1,1,1,1,2890,1.100000023841858,1,1,2890,0.699999988079071,36,2,2,9.0
2014,3,가천대학교,대학,사립,경기,A그룹,11,5,4,5,15,10,25,2,8,1,11,0,4,0,4,885,81,11,5,4,5,21016,1.0,11,4,21016,0.699999988079071,885,16,9,35.400001525878906
2014,4,가톨릭관동대학교,대학,사립,강원,B그룹,6,2,0,4,6,6,12,1,4,1,6,0,0,0,0,473,19,6,2,0,4,9993,1.0,6,0,9993,0.6000000238418579,473,8,4,39.400001525878906
2014,5,가톨릭꽃동네대학교,대학,사립,충북,C그룹,1,0,0,1,1,1,2,0,1,0,1,0,0,0,0,100,8,1,0,0,1,569,2.5999999046325684,1,0,569,1.7999999523162842,100,1,1,50.0
2014,6,가톨릭대학교,대학,사립,경기,A그룹,20,6,2,1,22,7,29,5,15,0,20,0,1,1,2,1022,107,20,6,2,1,11016,2.400000095367432,20,2,11016,2.0,1022,26,3,35.20000076293945
2014,7,가톨릭상지대학교,전문대학,사립,경북,C그룹,1,0,2,0,3,0,3,0,1,0,1,0,2,0,2,360,29,1,0,2,0,2066,1.2999999523162842,1,2,2066,1.5,360,1,2,120.0
2014,8,감리교신학대학교,대학,사립,서울,C그룹,3,0,0,0,3,0,3,3,0,0,3,0,0,0,0,85,3,3,0,0,0,1576,1.899999976158142,3,0,1576,1.899999976158142,85,3,0,28.299999237060547
2014,9,강남대학교,대학,사립,경기,B그룹,3,0,4,0,7,0,7,0,3,0,3,0,4,0,4,166,30,3,0,4,0,7910,0.800000011920929,3,4,7910,0.8999999761581421,166,3,4,23.700000762939453
2014,10,강동대학교,전문대학,사립,충북,B그룹,1,0,0,1,1,1,2,0,1,0,1,0,0,0,0,21,2,1,0,0,1,4368,0.3000000119209289,1,0,4368,0.2000000029802322,21,1,1,10.5
2014,11,강릉영동대학교,전문대학,사립,강원,B그룹,0,1,1,0,1,1,2,0,0,0,0,0,0,1,1,65,2,0,1,1,0,3057,0.5,0,1,3057,0.3000000119209289,65,1,1,32.5
2014,12,강서대학교,대학,사립,서울,C그룹,1,0,1,1,2,1,3,0,1,0,1,0,1,0,1,52,12,1,0,1,1,1592,1.399999976158142,1,1,1592,1.2999999523162842,52,1,2,17.299999237060547
2014,13,강원관광대학교,전문대학,사립,강원,C그룹,1,0,0,0,1,0,1,0,1,0,1,0,0,0,0,13,2,1,0,0,0,1322,0.800000011920929,1,0,1322,0.800000011920929,13,1,0,13.0
2014,14,강원대학교,대학,국립,강원,A그룹,24,9,1,4,25,13,38,13,9,2,24,0,1,0,1,2898,416,24,9,1,4,25030,1.399999976158142,24,1,25030,1.0,2898,33,5,76.30000305175781
2014,15,강원도립대학교,전문대학,공립,강원,C그룹,1,0,0,1,1,1,2,0,0,1,1,0,0,0,0,81,2,1,0,0,1,973,1.5,1,0,973,1.0,81,1,1,40.5
2014,16,개신대학원대학교,대학원대학,사립,서울,-,1,0,0,0,1,0,1,0,0,1,1,0,0,0,0,0,0,1,0,0,0,163,6.099999904632568,1,0,163,6.099999904632568,0,1,0,0.0
2014,17,거제대학교,전문대학,사립,경남,C그룹,1,0,0,1,1,1,2,1,0,0,1,0,0,0,0,24,1,1,0,0,1,1631,0.8999999761581421,1,0,1631,0.6000000238418579,24,1,1,12.0
2014,18,건국대학교,대학,사립,서울,A그룹,10,8,21,1,31,9,40,5,5,0,10,1,18,2,21,1441,176,10,8,21,1,20328,1.7000000476837158,10,21,20328,1.5,1441,18,22,36.0
2014,19,건국대학교(글로컬),대학,사립,충북,B그룹,4,4,6,3,10,7,17,0,4,0,4,0,6,0,6,595,76,4,4,6,3,9196,1.5,4,6,9196,1.100000023841858,595,8,9,35.0
2014,20,건동대학교,대학,사립,경북,C그룹,0,0,0,0,0,0,0,0,0,0,0,0,0,0,0,0,0,0,0,0,0,0,0.0,0,0,0,0.0,0,0,0,0.0
2014,21,건신대학원대학교,대학원대학,사립,대전,-,0,1,0,0,0,1,1,0,0,0,0,0,0,0,0,27,1,0,1,0,0,161,5.0,0,0,161,0.0,27,1,0,27.0
2014,22,건양대학교,대학,사립,충남,B그룹,4,0,2,1,6,1,7,0,4,0,4,0,2,0,2,295,222,4,0,2,1,8863,0.699999988079071,4,2,8863,0.699999988079071,295,4,3,42.09999847412109
2014,23,경기과학기술대학교,전문대학,사립,경기,A그룹,3,0,0,1,3,1,4,0,3,0,3,0,0,0,0,14,1,3,0,0,1,4523,0.800000011920929,3,0,4523,0.699999988079071,14,3,1,3.5
2014,24,경기대학교,대학,사립,경기,A그룹,16,0,9,2,25,2,27,6,10,0,16,0,9,0,9,1248,142,16,0,9,2,17227,1.399999976158142,16,9,17227,1.5,1248,16,11,46.20000076293945
2014,25,경남대학교,대학,사립,경남,A그룹,8,2,0,11,8,13,21,2,6,0,8,0,0,0,0,967,128,8,2,0,11,14624,1.0,8,0,14624,0.5,967,10,11,46.0
2014,26,경남도립거창대학,전문대학,공립,경남,C그룹,1,0,0,1,1,1,2,0,1,0,1,0,0,0,0,8,2,1,0,0,1,995,1.5,1,0,995,1.0,8,1,1,4.0
2014,27,경남도립남해대학,전문대학,공립,경남,C그룹,1,0,0,1,1,1,2,0,1,0,1,0,0,0,0,30,1,1,0,0,1,950,1.600000023841858,1,0,950,1.100000023841858,30,1,1,15.0
2014,28,경남정보대학교,전문대학,사립,부산,A그룹,2,1,0,0,2,1,3,1,1,0,2,0,0,0,0,53,3,2,1,0,0,7321,0.4000000059604645,2,0,7321,0.3000000119209289,53,3,0,17.700000762939453
2014,29,경동대학교,대학,사립,강원,B그룹,3,0,0,0,3,0,3,0,1,2,3,0,0,0,0,0,0,3,0,0,0,5801,0.5,3,0,5801,0.5,0,3,0,0.0
2014,30,경민대학교,전문대학,사립,경기,B그룹,3,0,0,2,3,2,5,1,2,0,3,0,0,0,0,52,3,3,0,0,2,4967,0.800000011920929,3,0,4967,0.6000000238418579,52,3,2,10.399999618530272
2014,31,경복대학교,전문대학,사립,경기,A그룹,1,0,2,0,3,0,3,0,1,0,1,0,1,1,2,109,4,1,0,2,0,6483,0.4000000059604645,1,2,6483,0.5,109,1,2,36.29999923706055
2014,32,경북과학대학교,전문대학,사립,경북,C그룹,2,0,0,0,2,0,2,0,2,0,2,0,0,0,0,9,1,2,0,0,0,1841,1.100000023841858,2,0,1841,1.100000023841858,9,2,0,4.5
2014,33,경북대학교,대학,국립,대구,A그룹,43,6,10,3,53,9,62,13,26,4,43,1,7,2,10,1144,76,43,6,10,3,30971,1.899999976158142,43,10,30971,1.7000000476837158,1144,49,13,18.5
2014,34,경북보건대학교,전문대학,사립,경북,C그룹,1,0,0,0,1,0,1,0,1,0,1,0,0,0,0,59,1,1,0,0,0,1307,0.800000011920929,1,0,1307,0.800000011920929,59,1,0,59.0
2014,35,경북외국어대학교,대학,사립,대구,C그룹,0,0,0,0,0,0,0,0,0,0,0,0,0,0,0,0,0,0,0,0,0,0,0.0,0,0,0,0.0,0,0,0,0.0
2014,36,경북전문대학교,전문대학,사립,경북,B그룹,1,1,0,0,1,1,2,0,1,0,1,0,0,0,0,112,2,1,1,0,0,2666,0.699999988079071,1,0,2666,0.4000000059604645,112,2,0,56.0
2014,37,경상국립대학교,대학,국립,경남,A그룹,26,6,4,0,30,6,36,10,16,0,26,1,2,1,4,3306,550,26,6,4,0,23945,1.399999976158142,26,4,23945,1.2999999523162842,3306,32,4,91.8000030517578
2014,38,경성대학교,대학,사립,부산,A그룹,9,5,1,1,10,6,16,3,6,0,9,0,1,0,1,723,160,9,5,1,1,14514,1.0,9,1,14514,0.699999988079071,723,14,2,45.20000076293945
2014,39,경안대학원대학교,대학원대학,사립,경북,-,0,0,0,0,0,0,0,0,0,0,0,0,0,0,0,0,0,0,0,0,0,58,0.0,0,0,58,0.0,0,0,0,0.0
2014,40,경운대학교,대학,사립,경북,C그룹,3,3,0,0,3,3,6,0,3,0,3,0,0,0,0,53,9,3,3,0,0,5387,1.0,3,0,5387,0.6000000238418579,53,6,0,8.800000190734863
2014,41,경인교육대학교,대학,국립,인천,C그룹,8,0,2,0,10,0,10,0,7,1,8,0,2,0,2,884,9,8,0,2,0,4440,2.200000047683716,8,2,4440,2.299999952316284,884,8,2,88.4000015258789
2014,42,경인여자대학교,전문대학,사립,인천,B그룹,0,1,1,0,1,1,2,0,0,0,0,0,1,0,1,76,4,0,1,1,0,4835,0.3000000119209289,0,1,4835,0.2000000029802322,76,1,1,38.0
2014,43,경일대학교,대학,사립,경북,B그룹,5,0,3,0,8,0,8,0,5,0,5,0,3,0,3,45,37,5,0,3,0,7620,1.0,5,3,7620,1.0,45,5,3,5.599999904632568
2014,44,경찰대학,기타,기타,충남,-,4,1,0,0,4,1,5,2,2,0,4,0,0,0,0,450,8,4,1,0,0,474,10.100000381469728,4,0,474,8.399999618530273,450,5,0,90.0
2014,45,경희대학교,대학,사립,서울,A그룹,28,3,21,7,49,10,59,10,17,1,28,0,18,3,21,1777,262,28,3,21,7,32137,1.600000023841858,28,21,32137,1.5,1777,31,28,30.100000381469727
2014,46,계명대학교,대학,사립,대구,A그룹,23,2,3,9,26,11,37,10,11,2,23,1,2,0,3,1603,301,23,2,3,9,25911,1.2000000476837158,23,3,25911,1.0,1603,25,12,43.29999923706055
2014,47,계명문화대학교,전문대학,사립,대구,A그룹,2,0,1,1,3,1,4,0,0,2,2,0,1,0,1,87,14,2,0,1,1,5332,0.6000000238418579,2,1,5332,0.6000000238418579,87,2,2,21.799999237060547
2014,48,계약신학대학원대학교,대학원대학,사립,경기,-,1,0,0,0,1,0,1,0,1,0,1,0,0,0,0,14,30,1,0,0,0,66,15.199999809265137,1,0,66,15.199999809265137,14,1,0,14.0
2014,49,계원예술대학교,전문대학,사립,경기,B그룹,3,0,1,0,4,0,4,0,3,0,3,0,0,1,1,101,12,3,0,1,0,2927,1.2999999523162842,3,1,2927,1.399999976158142,101,3,1,25.299999237060547
2014,50,고려대학교,대학,사립,서울,A그룹,37,1,15,1,52,2,54,16,19,2,37,0,15,0,15,957,140,37,1,15,1,29387,1.7000000476837158,37,15,29387,1.7999999523162842,957,38,16,17.700000762939453
2014,51,고려대학교(세종),대학,사립,세종,B그룹,4,1,4,0,8,1,9,2,2,0,4,0,4,0,4,280,19,4,1,4,0,8017,1.0,4,4,8017,1.0,280,5,4,31.100000381469727
2014,52,고려사이버대학교,대학,사립,서울,A그룹,1,0,0,1,1,1,2,0,1,0,1,0,0,0,0,0,0,1,0,0,1,9867,0.2000000029802322,1,0,9867,0.1000000014901161,0,1,1,0.0
2014,53,고신대학교,대학,사립,부산,C그룹,7,0,0,3,7,3,10,0,5,2,7,0,0,0,0,190,17,7,0,0,3,5114,1.7000000476837158,7,0,5114,1.399999976158142,190,7,3,19.0
2014,54,공군사관학교,기타,기타,충북,-,8,0,0,0,8,0,8,3,5,0,8,0,0,0,0,371,34,8,0,0,0,634,12.600000381469728,8,0,634,12.600000381469728,371,8,0,46.400001525878906
2014,55,공주교육대학교,대학,국립,충남,C그룹,5,1,0,0,5,1,6,1,2,2,5,0,0,0,0,416,53,5,1,0,0,2136,2.700000047683716,5,0,2136,2.299999952316284,416,6,0,69.30000305175781
2014,56,과학기술연합대학원대학교,대학원대학,국립,대전,-,0,0,0,0,0,0,0,0,0,0,0,0,0,0,0,0,0,0,0,0,0,924,0.0,0,0,924,0.0,0,0,0,0.0
2014,57,광신대학교,대학,사립,광주,C그룹,1,1,0,1,1,2,3,0,1,0,1,0,0,0,0,12,1,1,1,0,1,982,2.299999952316284,1,0,982,1.0,12,2,1,4.0
2014,58,광양보건대학교,전문대학,사립,전남,C그룹,1,0,0,0,1,0,1,0,0,1,1,0,0,0,0,34,1,1,0,0,0,1984,0.5,1,0,1984,0.5,34,1,0,34.0
2014,59,광운대학교,대학,사립,서울,B그룹,6,1,8,0,14,1,15,2,4,0,6,0,8,0,8,252,42,6,1,8,0,10605,1.2000000476837158,6,8,10605,1.2999999523162842,252,7,8,16.799999237060547
2014,60,광주가톨릭대학교,대학,사립,전남,C그룹,2,0,0,0,2,0,2,0,2,0,2,0,0,0,0,44,2,2,0,0,0,111,18.0,2,0,111,18.0,44,2,0,22.0
2014,61,광주과학기술원,대학,국립,광주,C그룹,0,0,0,0,0,0,0,0,0,0,0,0,0,0,0,0,0,0,0,0,0,0,0.0,0,0,0,0.0,0,0,0,0.0
2014,62,광주교육대학교,대학,국립,광주,C그룹,3,1,0,0,3,1,4,0,3,0,3,0,0,0,0,208,7,3,1,0,0,2279,1.7000000476837158,3,0,2279,1.2999999523162842,208,4,0,52.0
2014,63,광주대학교,대학,사립,광주,B그룹,2,1,0,10,2,11,13,1,1,0,2,0,0,0,0,150,30,2,1,0,10,8073,1.0,2,0,8073,0.2000000029802322,150,3,10,11.5
2014,64,광주보건대학교,전문대학,사립,광주,B그룹,4,0,1,0,5,0,5,0,4,0,4,0,1,0,1,170,24,4,0,1,0,4190,1.100000023841858,4,1,4190,1.2000000476837158,170,4,1,34.0
2014,65,광주여자대학교,대학,사립,광주,C그룹,0,1,1,7,1,8,9,0,0,0,0,0,1,0,1,0,0,0,1,1,7,4386,1.2000000476837158,0,1,4386,0.2000000029802322,0,1,8,0.0
2014,66,구미대학교,전문대학,사립,경북,A그룹,1,0,1,1,2,1,3,1,0,0,1,0,1,0,1,7,3,1,0,1,1,5498,0.4000000059604645,1,1,5498,0.4000000059604645,7,1,2,2.299999952316284
2014,67,구세군사관대학원대학교,대학원대학,사립,경기,-,0,0,1,0,1,0,1,0,0,0,0,0,1,0,1,27,2,0,0,1,0,24,33.29999923706055,0,1,24,41.70000076293945,27,0,1,27.0
2014,68,국군간호사관학교,기타,기타,대전,-,1,0,1,0,2,0,2,0,1,0,1,1,0,0,1,218,4,1,0,1,0,321,5.599999904632568,1,1,321,6.199999809265137,218,1,1,109.0
2014,69,국립강릉원주대학교,대학,국립,강원,B그룹,14,2,2,1,16,3,19,3,10,1,14,0,0,2,2,1375,130,14,2,2,1,8932,2.0,14,2,8932,1.7999999523162842,1375,16,3,72.4000015258789
2014,70,국립경국대학교,대학,국립,경북,B그룹,12,0,1,3,13,3,16,2,9,1,12,0,0,1,1,1127,37,12,0,1,3,8422,1.7000000476837158,12,1,8422,1.5,1127,12,4,70.4000015258789
2014,71,국립공주대학교,대학,국립,충남,A그룹,18,2,0,0,18,2,20,4,14,0,18,0,0,0,0,1934,40,18,2,0,0,17185,1.100000023841858,18,0,17185,1.0,1934,20,0,96.6999969482422
2014,72,국립군산대학교,대학,국립,전북,B그룹,13,1,0,0,13,1,14,4,9,0,13,0,0,0,0,1079,144,13,1,0,0,8879,1.600000023841858,13,0,8879,1.5,1079,14,0,77.0999984741211
2014,73,국립금오공과대학교,대학,국립,경북,B그룹,6,0,2,1,8,1,9,3,3,0,6,0,2,0,2,508,18,6,0,2,1,7466,1.100000023841858,6,2,7466,1.100000023841858,508,6,3,56.400001525878906
2014,74,국립목포대학교,대학,국립,전남,B그룹,10,2,0,1,10,3,13,2,8,0,10,0,0,0,0,1059,171,10,2,0,1,9363,1.2999999523162842,10,0,9363,1.100000023841858,1059,12,1,81.5
2014,75,국립목포해양대학교,대학,국립,전남,C그룹,5,0,0,0,5,0,5,2,3,0,5,0,0,0,0,450,73,5,0,0,0,2638,1.899999976158142,5,0,2638,1.899999976158142,450,5,0,90.0
2014,76,국립부경대학교,대학,국립,부산,A그룹,19,1,1,0,20,1,21,6,10,3,19,0,1,0,1,2202,318,19,1,1,0,19944,1.0,19,1,19944,1.0,2202,20,1,104.9000015258789
2014,77,국립순천대학교,대학,국립,전남,B그룹,12,0,0,0,12,0,12,8,4,0,12,0,0,0,0,1767,12,12,0,0,0,8747,1.399999976158142,12,0,8747,1.399999976158142,1767,12,0,147.3000030517578
2014,78,국립암센터국제암대학원대학교,대학원대학,국립,경기,-,0,0,0,0,0,0,0,0,0,0,0,0,0,0,0,0,0,0,0,0,0,0,0.0,0,0,0,0.0,0,0,0,0.0
2014,79,국립창원대학교,대학,국립,경남,B그룹,12,1,1,0,13,1,14,1,10,1,12,0,1,0,1,1091,29,12,1,1,0,10578,1.2999999523162842,12,1,10578,1.2000000476837158,1091,13,1,77.9000015258789
2014,80,국립한국교통대학교,대학,국립,충북,B그룹,11,0,0,1,11,1,12,4,6,1,11,0,0,0,0,1346,20,11,0,0,1,9885,1.2000000476837158,11,0,9885,1.100000023841858,1346,11,1,112.1999969482422
2014,81,국립한국해양대학교,대학,국립,부산,B그룹,13,0,0,0,13,0,13,8,5,0,13,0,0,0,0,892,136,13,0,0,0,7843,1.7000000476837158,13,0,7843,1.7000000476837158,892,13,0,68.5999984741211
2014,82,국립한밭대학교,대학,국립,대전,B그룹,7,2,0,1,7,3,10,1,3,3,7,0,0,0,0,739,81,7,2,0,1,8964,1.0,7,0,8964,0.800000011920929,739,9,1,73.9000015258789
2014,83,국민대학교,대학,사립,서울,A그룹,10,1,11,14,21,15,36,5,5,0,10,0,11,0,11,558,79,10,1,11,14,18224,1.5,10,11,18224,1.2000000476837158,558,11,25,15.5
2014,84,국방대학교,기타,기타,충남,-,8,4,0,0,8,4,12,2,4,2,8,0,0,0,0,150,4,8,4,0,0,0,0.0,8,0,0,0.0,150,12,0,12.5
2014,85,국제뇌교육종합대학원대학교,대학원대학,사립,충남,-,1,0,0,0,1,0,1,0,1,0,1,0,0,0,0,5,0,1,0,0,0,246,4.099999904632568,1,0,246,4.099999904632568,5,1,0,5.0
2014,86,국제대학교,전문대학,사립,경기,B그룹,1,0,1,1,2,1,3,0,0,1,1,0,0,1,1,222,3,1,0,1,1,4431,0.5,1,1,4431,0.5,222,1,2,74.0
2014,87,국제문화대학원대학교,대학원대학,사립,충남,-,1,0,0,0,1,0,1,0,1,0,1,0,0,0,0,10,3,1,0,0,0,18,55.59999847412109,1,0,18,55.59999847412109,10,1,0,10.0
2014,88,국제법률경영대학원대학교,대학원대학,사립,경기,-,0,2,0,0,0,2,2,0,0,0,0,0,0,0,0,0,0,0,2,0,0,88,18.200000762939453,0,0,88,0.0,0,2,0,0.0
2014,89,국제사이버대학교,대학,사립,경기,C그룹,0,2,0,0,0,2,2,0,0,0,0,0,0,0,0,20,2,0,2,0,0,2125,0.800000011920929,0,0,2125,0.0,20,2,0,10.0
2014,90,국제언어대학원대학교,대학원대학,사립,서울,-,0,0,1,1,1,1,2,0,0,0,0,0,1,0,1,50,50,0,0,1,1,93,14.0,0,1,93,10.800000190734863,50,0,2,25.0
2014,91,국제예술대학교,기타,기타,서울,-,0,0,0,0,0,0,0,0,0,0,0,0,0,0,0,0,0,0,0,0,0,424,0.0,0,0,424,0.0,0,0,0,0.0
2014,92,군산간호대학교,전문대학,사립,전북,C그룹,1,0,0,1,1,1,2,0,1,0,1,0,0,0,0,66,2,1,0,0,1,1113,1.2999999523162842,1,0,1113,0.8999999761581421,66,1,1,33.0
2014,93,군장대학교,전문대학,사립,전북,C그룹,1,0,0,1,1,1,2,0,1,0,1,0,0,0,0,34,1,1,0,0,1,2107,0.699999988079071,1,0,2107,0.5,34,1,1,17.0
2014,94,극동대학교,대학,사립,충북,C그룹,1,2,0,1,1,3,4,0,1,0,1,0,0,0,0,44,3,1,2,0,1,4370,0.699999988079071,1,0,4370,0.2000000029802322,44,3,1,11.0
2014,95,글로벌사이버대학교,대학,사립,충남,C그룹,0,2,0,0,0,2,2,0,0,0,0,0,0,0,0,0,0,0,2,0,0,2195,0.699999988079071,0,0,2195,0.0,0,2,0,0.0
2014,96,금강대학교,대학,사립,충남,C그룹,2,0,1,0,3,0,3,1,1,0,2,0,1,0,1,0,0,2,0,1,0,473,5.900000095367432,2,1,473,6.300000190734863,0,2,1,0.0
2014,97,기독간호대학교,전문대학,사립,광주,C그룹,0,0,1,0,1,0,1,0,0,0,0,0,1,0,1,18,1,0,0,1,0,579,1.399999976158142,0,1,579,1.7000000476837158,18,0,1,18.0
2014,98,김천대학교,대학,사립,경북,C그룹,1,2,1,0,2,2,4,0,1,0,1,0,1,0,1,51,7,1,2,1,0,3499,1.0,1,1,3499,0.6000000238418579,51,3,1,12.800000190734863
2014,99,김포대학교,전문대학,사립,경기,C그룹,1,1,0,2,1,3,4,0,1,0,1,0,0,0,0,75,13,1,1,0,2,3400,0.800000011920929,1,0,3400,0.3000000119209289,75,2,2,18.799999237060547
2014,100,김해대학교,전문대학,사립,경남,C그룹,1,1,0,0,1,1,2,0,1,0,1,0,0,0,0,127,1,1,1,0,0,1532,1.2000000476837158,1,0,1532,0.699999988079071,127,2,0,63.5
2014,101,나사렛대학교,대학,사립,충남,B그룹,3,0,4,0,7,0,7,0,3,0,3,0,4,0,4,130,9,3,0,4,0,6278,1.0,3,4,6278,1.100000023841858,130,3,4,18.600000381469727
2014,102,나주대학교,전문대학,사립,전남,C그룹,0,0,1,0,1,0,1,0,0,0,0,0,1,0,1,0,0,0,0,1,0,2089,0.4000000059604645,0,1,2089,0.5,0,0,1,0.0
2014,103,남부대학교,대학,사립,광주,C그룹,2,2,0,0,2,2,4,0,2,0,2,0,0,0,0,52,4,2,2,0,0,3572,1.0,2,0,3572,0.6000000238418579,52,4,0,13.0
2014,104,남서울대학교,대학,사립,충남,B그룹,3,0,4,11,7,11,18,0,3,0,3,0,4,0,4,123,18,3,0,4,11,10972,1.100000023841858,3,4,10972,0.6000000238418579,123,3,15,6.800000190734863
2014,105,농협대학교,전문대학,사립,경기,C그룹,0,1,1,0,1,1,2,0,0,0,0,0,1,0,1,18,3,0,1,1,0,490,3.299999952316284,0,1,490,2.0,18,1,1,9.0
2014,106,능인대학원대학교,대학원대학,사립,경기,-,0,0,0,0,0,0,0,0,0,0,0,0,0,0,0,0,0,0,0,0,0,0,0.0,0,0,0,0.0,0,0,0,0.0
2014,107,단국대학교,대학,사립,경기,A그룹,29,1,2,3,31,4,35,6,21,2,29,0,2,0,2,800,173,29,1,2,3,28912,1.100000023841858,29,2,28912,1.100000023841858,800,30,5,22.899999618530277
2014,108,대경대학교,전문대학,사립,경북,B그룹,1,0,0,0,1,0,1,0,0,1,1,0,0,0,0,120,1,1,0,0,0,3935,0.3000000119209289,1,0,3935,0.3000000119209289,120,1,0,120.0
2014,109,대구가톨릭대학교,대학,사립,경북,A그룹,13,1,11,1,24,2,26,0,12,1,13,0,11,0,11,484,140,13,1,11,1,15506,1.5,13,11,15506,1.5,484,14,12,18.600000381469727
2014,110,대구경북과학기술원,대학,국립,대구,C그룹,1,0,2,0,3,0,3,0,1,0,1,0,1,1,2,0,0,1,0,2,0,416,6.300000190734863,1,2,416,7.199999809265137,0,1,2,0.0
2014,111,대구공업대학교,전문대학,사립,대구,C그룹,1,0,0,4,1,4,5,0,0,1,1,0,0,0,0,30,8,1,0,0,4,2263,1.2999999523162842,1,0,2263,0.4000000059604645,30,1,4,6.0
2014,112,대구과학대학교,전문대학,사립,대구,A그룹,2,1,0,0,2,1,3,0,1,1,2,0,0,0,0,98,4,2,1,0,0,4500,0.6000000238418579,2,0,4500,0.4000000059604645,98,3,0,32.70000076293945
2014,113,대구교육대학교,대학,국립,대구,C그룹,5,1,0,0,5,1,6,0,5,0,5,0,0,0,0,568,140,5,1,0,0,2677,2.200000047683716,5,0,2677,1.899999976158142,568,6,0,94.6999969482422
2014,114,대구대학교,대학,사립,경북,A그룹,13,2,4,7,17,9,26,5,8,0,13,0,4,0,4,534,69,13,2,4,7,21803,1.0,13,4,21803,0.800000011920929,534,15,11,20.5
2014,115,대구미래대학교,전문대학,사립,경북,C그룹,0,0,0,1,0,1,1,0,0,0,0,0,0,0,0,0,0,0,0,0,1,1314,0.4000000059604645,0,0,1314,0.0,0,0,1,0.0
2014,116,대구보건대학교,전문대학,사립,대구,A그룹,3,0,1,2,4,2,6,0,3,0,3,0,1,0,1,176,7,3,0,1,2,6996,0.699999988079071,3,1,6996,0.6000000238418579,176,3,3,29.299999237060547
2014,117,대구사이버대학교,대학,사립,경북,C그룹,0,1,0,0,0,1,1,0,0,0,0,0,0,0,0,0,0,0,1,0,0,4005,0.2000000029802322,0,0,4005,0.0,0,1,0,0.0
2014,118,대구예술대학교,대학,사립,경북,C그룹,0,1,0,0,0,1,1,0,0,0,0,0,0,0,0,0,0,0,1,0,0,1507,0.5,0,0,1507,0.0,0,1,0,0.0
2014,119,대구외국어대학교,대학,사립,경북,C그룹,1,0,0,1,1,1,2,0,1,0,1,0,0,0,0,22,6,1,0,0,1,333,4.5,1,0,333,3.0,22,1,1,11.0
2014,120,대구한의대학교,대학,사립,경북,B그룹,5,2,5,1,10,3,13,0,5,0,5,0,5,0,5,283,45,5,2,5,1,7524,1.5,5,5,7524,1.2999999523162842,283,7,6,21.799999237060547
2014,121,대덕대학교,전문대학,사립,대전,C그룹,0,0,2,2,2,2,4,0,0,0,0,0,2,0,2,85,4,0,0,2,2,4593,0.6000000238418579,0,2,4593,0.4000000059604645,85,0,4,21.299999237060547
2014,122,대동대학교,전문대학,사립,부산,C그룹,1,0,0,1,1,1,2,0,1,0,1,0,0,0,0,78,13,1,0,0,1,1701,0.8999999761581421,1,0,1701,0.6000000238418579,78,1,1,39.0
2014,123,대림대학교,전문대학,사립,경기,A그룹,2,1,0,0,2,1,3,0,2,0,2,0,0,0,0,101,3,2,1,0,0,6777,0.4000000059604645,2,0,6777,0.3000000119209289,101,3,0,33.70000076293945
2014,124,대신대학교,대학,사립,경북,C그룹,2,0,0,1,2,1,3,0,1,1,2,0,0,0,0,22,5,2,0,0,1,549,4.599999904632568,2,0,549,3.5999999046325684,22,2,1,7.300000190734863
2014,125,대원대학교,전문대학,사립,충북,C그룹,1,0,0,2,1,2,3,0,1,0,1,0,0,0,0,48,1,1,0,0,2,2768,0.699999988079071,1,0,2768,0.4000000059604645,48,1,2,16.0
2014,126,대전가톨릭대학교,대학,사립,세종,C그룹,2,1,0,0,2,1,3,0,2,0,2,0,0,0,0,162,4,2,1,0,0,119,23.5,2,0,119,16.799999237060547,162,3,0,54.0
2014,127,대전과학기술대학교,전문대학,사립,대전,B그룹,5,1,0,1,5,2,7,2,3,0,5,0,0,0,0,119,13,5,1,0,1,4564,1.399999976158142,5,0,4564,1.100000023841858,119,6,1,17.0
2014,128,대전대학교,대학,사립,대전,B그룹,10,0,3,0,13,0,13,0,10,0,10,0,3,0,3,339,65,10,0,3,0,10915,1.100000023841858,10,3,10915,1.2000000476837158,339,10,3,26.100000381469727
2014,129,대전보건대학교,전문대학,사립,대전,A그룹,2,0,1,0,3,0,3,0,2,0,2,0,1,0,1,74,8,2,0,1,0,5917,0.5,2,1,5917,0.5,74,2,1,24.700000762939453
2014,130,대전신학대학교,대학,사립,대전,C그룹,1,0,0,0,1,0,1,0,1,0,1,0,0,0,0,39,1,1,0,0,0,329,3.0,1,0,329,3.0,39,1,0,39.0
2014,131,대진대학교,대학,사립,경기,B그룹,5,4,0,1,5,5,10,2,3,0,5,0,0,0,0,549,68,5,4,0,1,8682,1.0,5,0,8682,0.6000000238418579,549,9,1,54.900001525878906
2014,132,대한신학대학원대학교,대학원대학,사립,경기,-,0,0,0,1,0,1,1,0,0,0,0,0,0,0,0,0,0,0,0,0,1,214,2.299999952316284,0,0,214,0.0,0,0,1,0.0
2014,133,덕성여자대학교,대학,사립,서울,B그룹,8,1,6,1,14,2,16,2,5,1,8,0,6,0,6,457,64,8,1,6,1,6710,2.0999999046325684,8,6,6710,2.0999999046325684,457,9,7,28.600000381469727
2014,134,동강대학교,전문대학,사립,광주,B그룹,1,2,0,0,1,2,3,0,1,0,1,0,0,0,0,101,13,1,2,0,0,3758,0.699999988079071,1,0,3758,0.3000000119209289,101,3,0,33.70000076293945
2014,135,동국대학교,대학,사립,서울,A그룹,12,0,6,4,18,4,22,5,7,0,12,0,6,0,6,314,126,12,0,6,4,17349,1.100000023841858,12,6,17349,1.0,314,12,10,14.300000190734863
2014,136,동국대학교 WISE캠퍼스,대학,사립,경북,B그룹,3,1,9,1,12,2,14,0,3,0,3,0,8,1,9,66,22,3,1,9,1,9151,1.2999999523162842,3,9,9151,1.2999999523162842,66,4,10,4.699999809265137
2014,137,동남보건대학교,전문대학,사립,경기,A그룹,3,1,0,1,3,2,5,2,1,0,3,0,0,0,0,122,19,3,1,0,1,5036,0.8999999761581421,3,0,5036,0.6000000238418579,122,4,1,24.399999618530277
2014,138,동덕여자대학교,대학,사립,서울,B그룹,8,0,8,0,16,0,16,2,6,0,8,0,8,0,8,618,92,8,0,8,0,8493,1.7000000476837158,8,8,8493,1.899999976158142,618,8,8,38.59999847412109
2014,139,동명대학교,대학,사립,부산,B그룹,2,3,8,2,10,5,15,1,1,0,2,0,8,0,8,403,17,2,3,8,2,9537,1.2000000476837158,2,8,9537,1.0,403,5,10,26.899999618530277
2014,140,동방문화대학원대학교,대학원대학,사립,서울,-,1,0,0,0,1,0,1,0,0,1,1,0,0,0,0,12,1,1,0,0,0,235,4.300000190734863,1,0,235,4.300000190734863,12,1,0,12.0
2014,141,동부산대학교,전문대학,사립,부산,C그룹,1,1,1,1,2,2,4,0,1,0,1,0,0,1,1,311,4,1,1,1,1,2978,1.0,1,1,2978,0.699999988079071,311,2,2,77.80000305175781
2014,142,동서대학교,대학,사립,부산,B그룹,9,1,2,1,11,2,13,1,6,2,9,0,2,0,2,477,47,9,1,2,1,11783,1.0,9,2,11783,0.8999999761581421,477,10,3,36.70000076293945
2014,143,동서울대학교,전문대학,사립,경기,A그룹,2,1,1,0,3,1,4,0,2,0,2,0,0,1,1,79,2,2,1,1,0,6195,0.6000000238418579,2,1,6195,0.5,79,3,1,19.799999237060547
2014,144,동신대학교,대학,사립,전남,B그룹,2,1,3,4,5,5,10,1,1,0,2,0,3,0,3,398,11,2,1,3,4,7619,0.8999999761581421,2,3,7619,0.699999988079071,398,3,7,39.79999923706055
2014,145,동아대학교,대학,사립,부산,A그룹,23,1,7,2,30,3,33,10,12,1,23,0,7,0,7,807,291,23,1,7,2,23773,1.2999999523162842,23,7,23773,1.2999999523162842,807,24,9,24.5
2014,146,동아방송예술대학교,전문대학,사립,경기,B그룹,1,0,2,0,3,0,3,0,1,0,1,0,2,0,2,70,9,1,0,2,0,3015,0.8999999761581421,1,2,3015,1.0,70,1,2,23.299999237060547
2014,147,동아보건대학교,전문대학,사립,전남,C그룹,1,1,1,0,2,1,3,0,1,0,1,0,1,0,1,24,2,1,1,1,0,2114,1.2000000476837158,1,1,2114,0.8999999761581421,24,2,1,8.0
2014,148,동양대학교,대학,사립,경북,C그룹,1,4,1,0,2,4,6,0,1,0,1,0,1,0,1,20,4,1,4,1,0,4911,1.0,1,1,4911,0.4000000059604645,20,5,1,3.299999952316284
2014,149,동양미래대학교,전문대학,사립,서울,A그룹,3,1,0,0,3,1,4,0,1,2,3,0,0,0,0,134,5,3,1,0,0,6508,0.6000000238418579,3,0,6508,0.5,134,4,0,33.5
2014,150,동우대학,전문대학,사립,강원,B그룹,0,0,0,0,0,0,0,0,0,0,0,0,0,0,0,0,0,0,0,0,0,0,0.0,0,0,0,0.0,0,0,0,0.0
2014,151,동원과학기술대학교,전문대학,사립,경남,B그룹,0,0,1,1,1,1,2,0,0,0,0,0,1,0,1,0,0,0,0,1,1,2351,0.6000000238418579,0,1,2351,0.4000000059604645,0,0,2,0.0
2014,152,동원대학교,전문대학,사립,경기,B그룹,1,0,2,0,3,0,3,0,1,0,1,0,0,2,2,37,1,1,0,2,0,3920,0.699999988079071,1,2,3920,0.800000011920929,37,1,2,12.300000190734863
2014,153,동의과학대학교,전문대학,사립,부산,B그룹,3,0,0,0,3,0,3,1,2,0,3,0,0,0,0,94,11,3,0,0,0,5795,0.5,3,0,5795,0.5,94,3,0,31.299999237060547
2014,154,동의대학교,대학,사립,부산,A그룹,18,2,2,0,20,2,22,3,14,1,18,0,2,0,2,687,137,18,2,2,0,18496,1.100000023841858,18,2,18496,1.100000023841858,687,20,2,31.200000762939453
2014,155,두원공과대학교,전문대학,사립,경기,B그룹,1,0,1,0,2,0,2,0,1,0,1,0,1,0,1,0,0,1,0,1,0,6105,0.3000000119209289,1,1,6105,0.3000000119209289,0,1,1,0.0
2014,156,디지털서울문화예술대학교,대학,사립,서울,C그룹,0,0,0,0,0,0,0,0,0,0,0,0,0,0,0,0,0,0,0,0,0,3439,0.0,0,0,3439,0.0,0,0,0,0.0
2014,157,루터대학교,대학,사립,경기,C그룹,1,0,0,1,1,1,2,0,1,0,1,0,0,0,0,46,6,1,0,0,1,493,3.0,1,0,493,2.0,46,1,1,23.0
2014,158,마산대학교,전문대학,사립,경남,A그룹,2,0,0,2,2,2,4,0,2,0,2,0,0,0,0,54,10,2,0,0,2,6333,0.5,2,0,6333,0.3000000119209289,54,2,2,13.5
2014,159,명신대학교,대학,사립,전남,C그룹,0,0,0,0,0,0,0,0,0,0,0,0,0,0,0,0,0,0,0,0,0,0,0.0,0,0,0,0.0,0,0,0,0.0
2014,160,명지대학교,대학,사립,서울,A그룹,14,1,2,2,16,3,19,4,7,3,14,0,2,0,2,463,67,14,1,2,2,17271,1.0,14,2,17271,0.8999999761581421,463,15,4,24.399999618530277
2014,161,명지전문대학,전문대학,사립,서울,A그룹,1,2,1,1,2,3,5,0,1,0,1,0,1,0,1,248,23,1,2,1,1,7640,0.5,1,1,7640,0.3000000119209289,248,3,2,49.59999847412109
2014,162,목원대학교,대학,사립,대전,B그룹,4,2,3,5,7,7,14,1,3,0,4,0,3,0,3,231,27,4,2,3,5,9977,1.100000023841858,4,3,9977,0.699999988079071,231,6,8,16.5
2014,163,목포가톨릭대학교,대학,사립,전남,C그룹,1,0,0,0,1,0,1,0,1,0,1,0,0,0,0,11,2,1,0,0,0,539,1.899999976158142,1,0,539,1.899999976158142,11,1,0,11.0
2014,164,목포과학대학교,전문대학,사립,전남,B그룹,1,2,0,0,1,2,3,1,0,0,1,0,0,0,0,65,1,1,2,0,0,3154,0.800000011920929,1,0,3154,0.3000000119209289,65,3,0,21.700000762939453
2014,165,문경대학교,전문대학,사립,경북,C그룹,1,0,0,1,1,1,2,0,1,0,1,0,0,0,0,38,4,1,0,0,1,914,1.600000023841858,1,0,914,1.100000023841858,38,1,1,19.0
2014,166,배재대학교,대학,사립,대전,B그룹,7,0,5,1,12,1,13,4,3,0,7,0,5,0,5,301,82,7,0,5,1,10540,1.100000023841858,7,5,10540,1.100000023841858,301,7,6,23.200000762939453
2014,167,배화여자대학교,전문대학,사립,서울,B그룹,3,0,0,0,3,0,3,0,3,0,3,0,0,0,0,21,4,3,0,0,0,3098,1.0,3,0,3098,1.0,21,3,0,7.0
2014,168,백석대학교,대학,사립,충남,A그룹,7,2,8,7,15,9,24,1,5,1,7,0,8,0,8,217,53,7,2,8,7,15700,1.2000000476837158,7,8,15700,1.0,217,9,15,9.0
2014,169,백석문화대학교,전문대학,사립,충남,A그룹,4,0,0,1,4,1,5,1,2,1,4,0,0,0,0,93,20,4,0,0,1,6267,0.699999988079071,4,0,6267,0.6000000238418579,93,4,1,18.600000381469727
2014,170,백석예술대학,전문대학,사립,서울,A그룹,0,0,0,0,0,0,0,0,0,0,0,0,0,0,0,0,0,0,0,0,0,0,0.0,0,0,0,0.0,0,0,0,0.0
2014,171,백제예술대학교,전문대학,사립,전북,C그룹,0,1,0,0,0,1,1,0,0,0,0,0,0,0,0,16,3,0,1,0,0,1925,0.4000000059604645,0,0,1925,0.0,16,1,0,16.0
2014,172,베뢰아국제대학원대학교,대학원대학,사립,서울,-,2,0,0,0,2,0,2,0,1,1,2,0,0,0,0,0,0,2,0,0,0,86,23.299999237060547,2,0,86,23.299999237060547,0,2,0,0.0
2014,173,벽성대학,전문대학,사립,전북,C그룹,0,0,0,0,0,0,0,0,0,0,0,0,0,0,0,0,0,0,0,0,0,0,0.0,0,0,0,0.0,0,0,0,0.0
2014,174,부산가톨릭대학교,대학,사립,부산,C그룹,4,1,1,1,5,2,7,0,4,0,4,0,1,0,1,228,45,4,1,1,1,4307,1.399999976158142,4,1,4307,1.2000000476837158,228,5,2,32.599998474121094
2014,175,부산경상대학교,전문대학,사립,부산,B그룹,1,0,0,2,1,2,3,0,0,1,1,0,0,0,0,44,3,1,0,0,2,3452,0.6000000238418579,1,0,3452,0.3000000119209289,44,1,2,14.699999809265137
2014,176,부산과학기술대학교,전문대학,사립,부산,B그룹,1,2,0,0,1,2,3,0,1,0,1,0,0,0,0,42,3,1,2,0,0,4685,0.6000000238418579,1,0,4685,0.2000000029802322,42,3,0,14.0
2014,177,부산교육대학교,대학,국립,부산,C그룹,5,2,0,0,5,2,7,1,4,0,5,0,0,0,0,636,15,5,2,0,0,2620,2.5,5,0,2620,1.899999976158142,636,7,0,90.9000015258789
2014,178,부산대학교,대학,국립,부산,A그룹,46,2,2,4,48,6,54,17,29,0,46,0,2,0,2,4136,517,46,2,2,4,30429,1.7000000476837158,46,2,30429,1.600000023841858,4136,48,6,76.5999984741211
2014,179,부산디지털대학교,대학,사립,부산,C그룹,0,0,0,0,0,0,0,0,0,0,0,0,0,0,0,0,0,0,0,0,0,0,0.0,0,0,0,0.0,0,0,0,0.0
2014,180,부산보건대학교,전문대학,사립,부산,B그룹,1,0,1,1,2,1,3,1,0,0,1,0,1,0,1,83,21,1,0,1,1,3493,0.699999988079071,1,1,3493,0.6000000238418579,83,1,2,27.700000762939453
2014,181,부산여자대학교,전문대학,사립,부산,C그룹,4,0,4,0,8,0,8,2,2,0,4,0,0,4,4,96,11,4,0,4,0,3267,2.200000047683716,4,4,3267,2.400000095367432,96,4,4,12.0
2014,182,부산예술대학교,전문대학,사립,부산,C그룹,0,0,0,1,0,1,1,0,0,0,0,0,0,0,0,2,1,0,0,0,1,867,0.6000000238418579,0,0,867,0.0,2,0,1,2.0
2014,183,부산외국어대학교,대학,사립,부산,B그룹,3,0,8,0,11,0,11,0,3,0,3,0,8,0,8,328,65,3,0,8,0,9811,1.0,3,8,9811,1.100000023841858,328,3,8,29.799999237060547
2014,184,부산장신대학교,대학,사립,경남,C그룹,1,0,0,0,1,0,1,1,0,0,1,0,0,0,0,60,1,1,0,0,0,519,1.899999976158142,1,0,519,1.899999976158142,60,1,0,60.0
2014,185,부천대학교,전문대학,사립,경기,A그룹,0,1,0,2,0,3,3,0,0,0,0,0,0,0,0,46,2,0,1,0,2,7840,0.2000000029802322,0,0,7840,0.0,46,1,2,15.300000190734863
2014,186,삼육대학교,대학,사립,서울,B그룹,5,3,0,4,5,7,12,2,1,2,5,0,0,0,0,390,28,5,3,0,4,6258,1.5,5,0,6258,0.800000011920929,390,8,4,32.5
2014,187,삼육보건대학교,전문대학,사립,서울,C그룹,1,2,0,1,1,3,4,0,1,0,1,0,0,0,0,89,20,1,2,0,1,1248,2.5,1,0,1248,0.800000011920929,89,3,1,22.299999237060547
2014,188,상명대학교,대학,사립,서울,A그룹,11,4,9,9,20,13,33,6,5,0,11,0,9,0,9,620,71,11,4,9,9,14725,1.7999999523162842,11,9,14725,1.399999976158142,620,15,18,18.799999237060547
2014,189,상지대학교,대학,사립,강원,B그룹,5,0,7,1,12,1,13,1,4,0,5,0,7,0,7,152,29,5,0,7,1,8885,1.2000000476837158,5,7,8885,1.399999976158142,152,5,8,11.699999809265137
2014,190,상지영서대학교,전문대학,사립,강원,B그룹,1,0,0,2,1,2,3,0,1,0,1,0,0,0,0,4,1,1,0,0,2,2890,0.699999988079071,1,0,2890,0.3000000119209289,4,1,2,1.2999999523162842
2014,191,서강대학교,대학,사립,서울,A그룹,20,3,5,5,25,8,33,14,6,0,20,0,5,0,5,1358,418,20,3,5,5,11614,2.5,20,5,11614,2.200000047683716,1358,23,10,41.20000076293945
2014,192,서경대학교,대학,사립,서울,B그룹,2,6,1,4,3,10,13,0,2,0,2,0,1,0,1,280,31,2,6,1,4,7186,1.2999999523162842,2,1,7186,0.4000000059604645,280,8,5,21.5
2014,193,서남대학교,대학,사립,전북,C그룹,0,1,0,0,0,1,1,0,0,0,0,0,0,0,0,0,0,0,1,0,0,1962,0.4000000059604645,0,0,1962,0.0,0,1,0,0.0
2014,194,서라벌대학교,전문대학,사립,경북,C그룹,1,0,0,0,1,0,1,0,1,0,1,0,0,0,0,18,1,1,0,0,0,1106,0.8999999761581421,1,0,1106,0.8999999761581421,18,1,0,18.0
2014,195,서영대학교,전문대학,사립,광주,A그룹,0,2,0,0,0,2,2,0,0,0,0,0,0,0,0,44,3,0,2,0,0,4970,0.3000000119209289,0,0,4970,0.0,44,2,0,22.0
2014,196,서울과학기술대학교,대학,국립,서울,A그룹,9,5,2,1,11,6,17,0,8,1,9,0,2,0,2,1009,25,9,5,2,1,12465,1.2000000476837158,9,2,12465,0.8999999761581421,1009,14,3,59.400001525878906
2014,197,서울과학종합대학원대학교,대학원대학,사립,서울,-,0,1,0,0,0,1,1,0,0,0,0,0,0,0,0,0,0,0,1,0,0,359,2.200000047683716,0,0,359,0.0,0,1,0,0.0
2014,198,서울교육대학교,대학,국립,서울,C그룹,6,0,0,0,6,0,6,2,4,0,6,0,0,0,0,444,11,6,0,0,0,3041,2.0,6,0,3041,2.0,444,6,0,74.0
2014,199,서울기독대학교,대학,사립,서울,C그룹,1,0,0,1,1,1,2,0,1,0,1,0,0,0,0,46,2,1,0,0,1,891,1.7000000476837158,1,0,891,1.100000023841858,46,1,1,23.0
2014,200,서울대학교,대학,국립,서울,A그룹,89,9,17,3,106,12,118,31,44,14,89,2,13,2,17,6284,125,89,9,17,3,27986,4.0,89,17,27986,3.799999952316284,6284,98,20,53.29999923706055
2014,201,서울디지털대학교,대학,사립,서울,A그룹,0,0,0,1,0,1,1,0,0,0,0,0,0,0,0,0,0,0,0,0,1,10689,0.0,0,0,10689,0.0,0,0,1,0.0
2014,202,서울미디어대학원대학교,대학원대학,사립,서울,-,0,1,0,0,0,1,1,0,0,0,0,0,0,0,0,0,0,0,1,0,0,90,8.899999618530273,0,0,90,0.0,0,1,0,0.0
2014,203,서울벤처대학원대학교,대학원대학,사립,서울,-,0,0,0,0,0,0,0,0,0,0,0,0,0,0,0,0,0,0,0,0,0,244,0.0,0,0,244,0.0,0,0,0,0.0
2014,204,서울불교대학원대학교,대학원대학,사립,서울,-,0,1,1,0,1,1,2,0,0,0,0,0,0,1,1,0,0,0,1,1,0,157,10.199999809265137,0,1,157,6.400000095367432,0,1,1,0.0
2014,205,서울사이버대학교,대학,사립,서울,A그룹,0,0,0,1,0,1,1,0,0,0,0,0,0,0,0,0,0,0,0,0,1,11362,0.0,0,0,11362,0.0,0,0,1,0.0
2014,206,서울사회복지대학원대학교,대학원대학,사립,서울,-,0,0,0,2,0,2,2,0,0,0,0,0,0,0,0,0,0,0,0,0,2,137,7.300000190734863,0,0,137,0.0,0,0,2,0.0
2014,207,서울상담심리대학원대학교,대학원대학,사립,서울,-,1,0,0,0,1,0,1,1,0,0,1,0,0,0,0,44,2,1,0,0,0,125,8.0,1,0,125,8.0,44,1,0,44.0
2014,208,서울성경신학대학원대학교,대학원대학,사립,서울,-,1,0,0,0,1,0,1,0,1,0,1,0,0,0,0,63,1,1,0,0,0,58,17.200000762939453,1,0,58,17.200000762939453,63,1,0,63.0
2014,209,서울시립대학교,대학,공립,서울,A그룹,23,1,5,3,28,4,32,2,18,3,23,0,2,3,5,1952,286,23,1,5,3,12265,2.400000095367432,23,5,12265,2.299999952316284,1952,24,8,61.0
2014,210,서울신학대학교,대학,사립,경기,C그룹,2,2,0,3,2,5,7,1,1,0,2,0,0,0,0,278,12,2,2,0,3,3234,1.600000023841858,2,0,3234,0.6000000238418579,278,4,3,39.70000076293945
2014,211,서울여자간호대학교,전문대학,사립,서울,C그룹,0,1,0,0,0,1,1,0,0,0,0,0,0,0,0,3,1,0,1,0,0,968,0.800000011920929,0,0,968,0.0,3,1,0,3.0
2014,212,서울여자대학교,대학,사립,서울,B그룹,4,1,10,0,14,1,15,3,1,0,4,0,10,0,10,486,27,4,1,10,0,8520,1.5,4,10,8520,1.600000023841858,486,5,10,32.400001525878906
2014,213,서울예술대학교,전문대학,사립,경기,B그룹,1,1,1,0,2,1,3,1,0,0,1,0,1,0,1,75,8,1,1,1,0,2959,0.8999999761581421,1,1,2959,0.699999988079071,75,2,1,25.0
2014,214,서울외국어대학원대학교,대학원대학,사립,서울,-,0,0,0,0,0,0,0,0,0,0,0,0,0,0,0,0,0,0,0,0,0,156,0.0,0,0,156,0.0,0,0,0,0.0
2014,215,서울장신대학교,대학,사립,경기,C그룹,1,1,0,1,1,2,3,0,1,0,1,0,0,0,0,60,8,1,1,0,1,864,2.700000047683716,1,0,864,1.2000000476837158,60,2,1,20.0
2014,216,서울한영대학교,대학,사립,서울,C그룹,2,1,0,1,2,2,4,0,2,0,2,0,0,0,0,93,3,2,1,0,1,1000,3.299999952316284,2,0,1000,2.0,93,3,1,23.299999237060547
2014,217,서원대학교,대학,사립,충북,B그룹,5,0,0,2,5,2,7,2,3,0,5,0,0,0,0,283,52,5,0,0,2,7468,0.800000011920929,5,0,7468,0.699999988079071,283,5,2,40.400001525878906
2014,218,서일대학교,전문대학,사립,서울,A그룹,3,0,0,0,3,0,3,0,2,1,3,0,0,0,0,165,22,3,0,0,0,6396,0.5,3,0,6396,0.5,165,3,0,55.0
2014,219,서정대학교,전문대학,사립,경기,A그룹,0,0,1,1,1,1,2,0,0,0,0,0,0,1,1,35,1,0,0,1,1,4487,0.3000000119209289,0,1,4487,0.2000000029802322,35,0,2,17.5
2014,220,서해대학,전문대학,사립,전북,C그룹,1,0,0,0,1,0,1,0,1,0,1,0,0,0,0,18,2,1,0,0,0,1402,0.699999988079071,1,0,1402,0.699999988079071,18,1,0,18.0
2014,221,선교청대학교,대학,사립,충남,C그룹,0,0,0,0,0,0,0,0,0,0,0,0,0,0,0,0,0,0,0,0,0,0,0.0,0,0,0,0.0,0,0,0,0.0
2014,222,선린대학교,전문대학,사립,경북,C그룹,2,0,0,0,2,0,2,0,0,2,2,0,0,0,0,23,2,2,0,0,0,2717,0.699999988079071,2,0,2717,0.699999988079071,23,2,0,11.5
2014,223,선문대학교,대학,사립,충남,B그룹,4,1,1,9,5,10,15,0,4,0,4,0,1,0,1,778,166,4,1,1,9,10887,0.8999999761581421,4,1,10887,0.5,778,5,10,51.900001525878906
2014,224,선학유피대학원대학교,대학원대학,사립,경기,-,1,0,0,1,1,1,2,0,1,0,1,0,0,0,0,50,3,1,0,0,1,61,24.600000381469727,1,0,61,16.399999618530273,50,1,1,25.0
2014,225,성결대학교,대학,사립,경기,B그룹,4,0,1,3,5,3,8,1,3,0,4,0,1,0,1,223,11,4,0,1,3,6168,1.0,4,1,6168,0.800000011920929,223,4,4,27.899999618530277
2014,226,성공회대학교,대학,사립,서울,C그룹,4,1,0,0,4,1,5,1,3,0,4,0,0,0,0,123,24,4,1,0,0,2594,1.899999976158142,4,0,2594,1.5,123,5,0,24.600000381469727
2014,227,성균관대학교,대학,사립,서울,A그룹,23,4,32,3,55,7,62,9,12,2,23,1,15,16,32,1532,284,23,4,32,3,27048,2.0,23,32,27048,2.0,1532,27,35,24.700000762939453
2014,228,성산효대학원대학교,대학원대학,사립,인천,-,1,0,0,0,1,0,1,0,1,0,1,0,0,0,0,0,0,1,0,0,0,208,4.800000190734863,1,0,208,4.800000190734863,0,1,0,0.0
2014,229,성서침례대학원대학교,대학원대학,사립,경기,-,0,1,0,0,0,1,1,0,0,0,0,0,0,0,0,9,2,0,1,0,0,51,15.699999809265137,0,0,51,0.0,9,1,0,9.0
2014,230,성신여자대학교,대학,사립,서울,A그룹,6,1,6,8,12,9,21,1,5,0,6,0,6,0,6,344,47,6,1,6,8,11238,1.399999976158142,6,6,11238,1.100000023841858,344,7,14,16.399999618530273
2014,231,성운대학교,전문대학,사립,경북,C그룹,1,0,0,0,1,0,1,0,1,0,1,0,0,0,0,0,0,1,0,0,0,1339,0.699999988079071,1,0,1339,0.699999988079071,0,1,0,0.0
2014,232,성화대학,전문대학,사립,전남,B그룹,0,0,0,0,0,0,0,0,0,0,0,0,0,0,0,0,0,0,0,0,0,0,0.0,0,0,0,0.0,0,0,0,0.0
2014,233,세경대학교,전문대학,사립,강원,C그룹,1,0,0,0,1,0,1,0,1,0,1,0,0,0,0,23,2,1,0,0,0,1015,1.0,1,0,1015,1.0,23,1,0,23.0
2014,234,세계사이버대학,기타,기타,경기,-,0,1,0,0,0,1,1,0,0,0,0,0,0,0,0,0,0,0,1,0,0,1854,0.4000000059604645,0,0,1854,0.0,0,1,0,0.0
2014,235,세명대학교,대학,사립,충북,B그룹,4,2,1,4,5,6,11,1,3,0,4,0,1,0,1,317,44,4,2,1,4,8866,0.8999999761581421,4,1,8866,0.6000000238418579,317,6,5,28.799999237060547
2014,236,세종대학교,대학,사립,서울,A그룹,9,0,0,3,9,3,12,1,8,0,9,0,0,0,0,37,9,9,0,0,3,13590,0.800000011920929,9,0,13590,0.699999988079071,37,9,3,3.0999999046325684
2014,237,세한대학교,대학,사립,충남,C그룹,2,3,1,1,3,4,7,1,1,0,2,0,1,0,1,197,7,2,3,1,1,4556,1.2999999523162842,2,1,4556,0.699999988079071,197,5,2,28.100000381469727
2014,238,송곡대학교,전문대학,사립,강원,C그룹,1,0,0,0,1,0,1,0,0,1,1,0,0,0,0,0,0,1,0,0,0,646,1.5,1,0,646,1.5,0,1,0,0.0
2014,239,송원대학교,대학,사립,광주,C그룹,2,1,0,0,2,1,3,0,2,0,2,0,0,0,0,146,26,2,1,0,0,2066,1.399999976158142,2,0,2066,1.0,146,3,0,48.70000076293945
2014,240,송호대학교,전문대학,사립,강원,C그룹,0,1,1,1,1,2,3,0,0,0,0,0,1,0,1,30,3,0,1,1,1,1007,2.0999999046325684,0,1,1007,1.0,30,1,2,10.0
2014,241,수도국제대학원대학교,대학원대학,사립,서울,-,1,1,0,0,1,1,2,0,1,0,1,0,0,0,0,0,0,1,1,0,0,321,5.599999904632568,1,0,321,3.0999999046325684,0,2,0,0.0
2014,242,수성대학교,전문대학,사립,대구,B그룹,1,0,1,1,2,1,3,0,1,0,1,0,1,0,1,78,3,1,0,1,1,3899,0.6000000238418579,1,1,3899,0.5,78,1,2,26.0
2014,243,수원가톨릭대학교,대학,사립,경기,C그룹,3,0,0,0,3,0,3,1,2,0,3,0,0,0,0,10,2,3,0,0,0,188,16.0,3,0,188,16.0,10,3,0,3.299999952316284
2014,244,수원과학대학교,전문대학,사립,경기,B그룹,2,1,1,0,3,1,4,0,1,1,2,0,1,0,1,84,2,2,1,1,0,6544,0.6000000238418579,2,1,6544,0.5,84,3,1,21.0
2014,245,수원대학교,대학,사립,경기,B그룹,5,1,7,9,12,10,22,3,0,2,5,0,7,0,7,693,125,5,1,7,9,12037,1.2999999523162842,5,7,12037,1.0,693,6,16,31.5
2014,246,수원여자대학교,전문대학,사립,경기,B그룹,3,0,1,0,4,0,4,1,2,0,3,0,1,0,1,39,4,3,0,1,0,4489,0.800000011920929,3,1,4489,0.8999999761581421,39,3,1,9.800000190734863
2014,247,숙명여자대학교,대학,사립,서울,A그룹,14,3,3,2,17,5,22,5,6,3,14,0,3,0,3,1366,294,14,3,3,2,13141,1.5,14,3,13141,1.2999999523162842,1366,17,5,62.09999847412109
2014,248,순복음대학원대학교,대학원대학,사립,서울,-,0,0,0,2,0,2,2,0,0,0,0,0,0,0,0,0,0,0,0,0,2,136,7.400000095367432,0,0,136,0.0,0,0,2,0.0
2014,249,순복음총회신학교,대학,사립,충북,C그룹,0,0,0,0,0,0,0,0,0,0,0,0,0,0,0,0,0,0,0,0,0,0,0.0,0,0,0,0.0,0,0,0,0.0
2014,250,순천제일대학교,전문대학,사립,전남,B그룹,2,0,0,0,2,0,2,0,2,0,2,0,0,0,0,55,2,2,0,0,0,2497,0.800000011920929,2,0,2497,0.800000011920929,55,2,0,27.5
2014,251,순천향대학교,대학,사립,충남,A그룹,5,2,3,2,8,4,12,3,2,0,5,0,3,0,3,368,89,5,2,3,2,12387,0.800000011920929,5,3,12387,0.6000000238418579,368,7,5,30.700000762939453
2014,252,숭실대학교,대학,사립,서울,A그룹,12,0,3,0,15,0,15,2,9,1,12,0,3,0,3,1129,113,12,0,3,0,15913,0.8999999761581421,12,3,15913,0.8999999761581421,1129,12,3,75.30000305175781
2014,253,숭실사이버대학교,대학,사립,서울,B그룹,0,0,0,0,0,0,0,0,0,0,0,0,0,0,0,0,0,0,0,0,0,4777,0.0,0,0,4777,0.0,0,0,0,0.0
2014,254,숭의여자대학교,전문대학,사립,서울,B그룹,1,0,3,0,4,0,4,0,1,0,1,0,0,3,3,78,12,1,0,3,0,3710,0.8999999761581421,1,3,3710,1.100000023841858,78,1,3,19.5
2014,255,신경주대학교,대학,사립,경북,C그룹,2,0,1,1,3,1,4,0,0,2,2,0,1,0,1,18,1,2,0,1,1,2706,1.2000000476837158,2,1,2706,1.100000023841858,18,2,2,4.5
2014,256,신구대학교,전문대학,사립,경기,A그룹,2,0,0,0,2,0,2,0,1,1,2,0,0,0,0,161,4,2,0,0,0,6790,0.3000000119209289,2,0,6790,0.3000000119209289,161,2,0,80.5
2014,257,신라대학교,대학,사립,부산,B그룹,12,0,4,0,16,0,16,5,7,0,12,0,4,0,4,755,127,12,0,4,0,10788,1.399999976158142,12,4,10788,1.5,755,12,4,47.20000076293945
2014,258,신성대학교,전문대학,사립,충남,B그룹,2,1,0,1,2,2,4,0,2,0,2,0,0,0,0,77,6,2,1,0,1,4188,0.800000011920929,2,0,4188,0.5,77,3,1,19.299999237060547
2014,259,신안산대학교,전문대학,사립,경기,B그룹,1,1,0,1,1,2,3,0,0,1,1,0,0,0,0,0,0,1,1,0,1,4422,0.5,1,0,4422,0.2000000029802322,0,2,1,0.0
2014,260,신한대학교,대학,사립,경기,B그룹,3,0,0,1,3,1,4,1,2,0,3,0,0,0,0,150,23,3,0,0,1,7070,0.5,3,0,7070,0.4000000059604645,150,3,1,37.5
2014,261,신흥대학교,전문대학,사립,경기,A그룹,0,0,0,0,0,0,0,0,0,0,0,0,0,0,0,0,0,0,0,0,0,0,0.0,0,0,0,0.0,0,0,0,0.0
2014,262,실천신학대학원대학교,대학원대학,사립,경기,-,1,0,0,0,1,0,1,0,1,0,1,0,0,0,0,0,0,1,0,0,0,89,11.199999809265137,1,0,89,11.199999809265137,0,1,0,0.0
2014,263,아신대학교,대학,사립,경기,C그룹,1,1,0,0,1,1,2,0,1,0,1,0,0,0,0,9,4,1,1,0,0,1420,1.2999999523162842,1,0,1420,0.699999988079071,9,2,0,4.5
2014,264,아주대학교,대학,사립,경기,A그룹,11,3,10,2,21,5,26,4,7,0,11,0,9,1,10,1388,318,11,3,10,2,14295,1.600000023841858,11,10,14295,1.5,1388,14,12,53.400001525878906
2014,265,아주자동차대학교,전문대학,사립,충남,C그룹,1,0,1,0,2,0,2,0,1,0,1,0,0,1,1,0,0,1,0,1,0,957,1.899999976158142,1,1,957,2.0999999046325684,0,1,1,0.0
2014,266,안동과학대학교,전문대학,사립,경북,B그룹,1,1,0,0,1,1,2,0,1,0,1,0,0,0,0,85,10,1,1,0,0,2734,0.699999988079071,1,0,2734,0.4000000059604645,85,2,0,42.5
2014,267,안산대학교,전문대학,사립,경기,A그룹,3,1,0,2,3,3,6,0,3,0,3,0,0,0,0,90,21,3,1,0,2,4628,1.0,3,0,4628,0.6000000238418579,90,4,2,15.0
2014,268,안양대학교,대학,사립,경기,B그룹,3,0,0,7,3,7,10,1,2,0,3,0,0,0,0,92,29,3,0,0,7,5957,1.100000023841858,3,0,5957,0.5,92,3,7,9.199999809265137
2014,269,에스라성경대학원대학교,대학원대학,사립,경기,-,0,1,0,0,0,1,1,0,0,0,0,0,0,0,0,0,0,0,1,0,0,93,8.600000381469727,0,0,93,0.0,0,1,0,0.0
2014,270,여주대학교,전문대학,사립,경기,B그룹,2,1,0,0,2,1,3,0,2,0,2,0,0,0,0,64,3,2,1,0,0,6084,0.5,2,0,6084,0.3000000119209289,64,3,0,21.299999237060547
2014,271,연성대학교,전문대학,사립,경기,A그룹,1,2,1,2,2,4,6,0,0,1,1,0,1,0,1,0,0,1,2,1,2,5919,0.699999988079071,1,1,5919,0.3000000119209289,0,3,3,0.0
2014,272,연세대학교,대학,사립,서울,A그룹,47,5,33,30,80,35,115,18,29,0,47,0,26,7,33,2171,353,47,5,33,30,31061,3.0,47,33,31061,2.5999999046325684,2171,52,63,18.899999618530277
2014,273,연세대학교(미래),대학,사립,강원,B그룹,4,4,6,7,10,11,21,0,4,0,4,0,6,0,6,454,17,4,4,6,7,8447,1.7999999523162842,4,6,8447,1.2000000476837158,454,8,13,21.600000381469727
2014,274,연암공과대학교,전문대학,사립,경남,C그룹,0,0,1,0,1,0,1,0,0,0,0,0,1,0,1,64,6,0,0,1,0,1445,0.6000000238418579,0,1,1445,0.699999988079071,64,0,1,64.0
2014,275,연암대학교,전문대학,사립,충남,C그룹,1,1,0,0,1,1,2,0,0,1,1,0,0,0,0,30,1,1,1,0,0,1143,1.600000023841858,1,0,1143,0.8999999761581421,30,2,0,15.0
2014,276,영남대학교,대학,사립,경북,A그룹,30,1,4,8,34,9,43,11,18,1,30,0,4,0,4,1645,226,30,1,4,8,26728,1.399999976158142,30,4,26728,1.2999999523162842,1645,31,12,38.29999923706055
2014,277,영남사이버대학교,대학,사립,경북,C그룹,0,0,0,1,0,1,1,0,0,0,0,0,0,0,0,0,0,0,0,0,1,879,0.6000000238418579,0,0,879,0.0,0,0,1,0.0
2014,278,영남신학대학교,대학,사립,경북,C그룹,2,0,0,0,2,0,2,0,2,0,2,0,0,0,0,27,6,2,0,0,0,819,2.400000095367432,2,0,819,2.400000095367432,27,2,0,13.5
2014,279,영남외국어대학,전문대학,사립,경북,C그룹,0,0,0,1,0,1,1,0,0,0,0,0,0,0,0,0,0,0,0,0,1,987,0.5,0,0,987,0.0,0,0,1,0.0
2014,280,영남이공대학교,전문대학,사립,대구,A그룹,0,1,4,0,4,1,5,0,0,0,0,0,4,0,4,81,9,0,1,4,0,6256,0.6000000238418579,0,4,6256,0.6000000238418579,81,1,4,16.200000762939453
2014,281,영산대학교,대학,사립,경남,B그룹,8,0,2,0,10,0,10,1,7,0,8,0,2,0,2,46,5,8,0,2,0,7522,1.2999999523162842,8,2,7522,1.2999999523162842,46,8,2,4.599999904632568
2014,282,영산선학대학교,대학,사립,전남,C그룹,1,0,0,0,1,0,1,0,1,0,1,0,0,0,0,0,0,1,0,0,0,43,23.299999237060547,1,0,43,23.299999237060547,0,1,0,0.0
2014,283,영진전문대학교,전문대학,사립,대구,A그룹,5,2,0,2,5,4,9,1,1,3,5,0,0,0,0,396,57,5,2,0,2,8139,0.8999999761581421,5,0,8139,0.6000000238418579,396,7,2,44.0
2014,284,예명대학원대학교,대학원대학,사립,서울,-,1,0,0,0,1,0,1,0,1,0,1,0,0,0,0,6,1,1,0,0,0,61,16.399999618530273,1,0,61,16.399999618530273,6,1,0,6.0
2014,285,예수대학교,대학,사립,전북,C그룹,1,0,0,1,1,1,2,0,1,0,1,0,0,0,0,65,3,1,0,0,1,609,2.5,1,0,609,1.600000023841858,65,1,1,32.5
2014,286,예원예술대학교,대학,사립,전북,C그룹,0,2,0,1,0,3,3,0,0,0,0,0,0,0,0,2,58,0,2,0,1,1148,1.7999999523162842,0,0,1148,0.0,2,2,1,0.699999988079071
2014,287,오산대학교,전문대학,사립,경기,A그룹,2,1,0,0,2,1,3,1,0,1,2,0,0,0,0,248,9,2,1,0,0,4953,0.6000000238418579,2,0,4953,0.4000000059604645,248,3,0,82.69999694824219
2014,288,온석대학원대학교,대학원대학,사립,경기,-,1,0,0,0,1,0,1,0,1,0,1,0,0,0,0,0,0,1,0,0,0,281,3.5999999046325684,1,0,281,3.5999999046325684,0,1,0,0.0
2014,289,용인대학교,대학,사립,경기,B그룹,6,2,1,2,7,4,11,2,4,0,6,0,1,0,1,211,25,6,2,1,2,7341,1.2999999523162842,6,1,7341,1.0,211,8,3,19.200000762939453
2014,290,용인예술과학대학교,전문대학,사립,경기,B그룹,0,1,1,0,1,1,2,0,0,0,0,0,1,0,1,111,2,0,1,1,0,4255,0.4000000059604645,0,1,4255,0.2000000029802322,111,1,1,55.5
2014,291,우석대학교,대학,사립,전북,B그룹,7,1,2,1,9,2,11,1,6,0,7,0,2,0,2,204,17,7,1,2,1,9170,1.100000023841858,7,2,9170,1.0,204,8,3,18.5
2014,292,우송공업대학,전문대학,사립,대전,B그룹,0,0,0,0,0,0,0,0,0,0,0,0,0,0,0,0,0,0,0,0,0,0,0.0,0,0,0,0.0,0,0,0,0.0
2014,293,우송대학교,대학,사립,대전,A그룹,0,1,2,3,2,4,6,0,0,0,0,0,2,0,2,385,7,0,1,2,3,9500,0.4000000059604645,0,2,9500,0.2000000029802322,385,1,5,64.19999694824219
2014,294,우송정보대학,전문대학,사립,대전,B그룹,0,1,2,2,2,3,5,0,0,0,0,0,2,0,2,324,7,0,1,2,2,4791,0.699999988079071,0,2,4791,0.4000000059604645,324,1,4,64.80000305175781
2014,295,울산과학기술원,대학,국립,울산,C그룹,4,0,3,6,7,6,13,2,2,0,4,0,3,0,3,566,25,4,0,3,6,3572,2.5999999046325684,4,3,3572,2.0,566,4,9,43.5
2014,296,울산과학대학교,전문대학,사립,울산,A그룹,4,2,0,2,4,4,8,1,2,1,4,0,0,0,0,181,18,4,2,0,2,5026,1.2999999523162842,4,0,5026,0.800000011920929,181,6,2,22.600000381469727
2014,297,울산대학교,대학,사립,울산,A그룹,18,0,6,3,24,3,27,2,16,0,18,0,6,0,6,1145,235,18,0,6,3,16242,1.5,18,6,16242,1.5,1145,18,9,42.400001525878906
2014,298,웅지세무대학교,전문대학,사립,경기,C그룹,0,0,0,1,0,1,1,0,0,0,0,0,0,0,0,0,0,0,0,0,1,1780,0.3000000119209289,0,0,1780,0.0,0,0,1,0.0
2014,299,원광대학교,대학,사립,전북,A그룹,18,2,0,16,18,18,36,7,11,0,18,0,0,0,0,781,128,18,2,0,16,18630,1.5,18,0,18630,1.0,781,20,16,21.700000762939453
2014,300,원광보건대학교,전문대학,사립,전북,B그룹,0,1,2,1,2,2,4,0,0,0,0,1,1,0,2,144,7,0,1,2,1,4758,0.6000000238418579,0,2,4758,0.4000000059604645,144,1,3,36.0
2014,301,원불교대학원대학교,대학원대학,사립,전북,-,0,0,0,4,0,4,4,0,0,0,0,0,0,0,0,8,8,0,0,0,4,57,35.099998474121094,0,0,57,0.0,8,0,4,2.0
2014,302,웨스트민스터신학대학원대학교,대학원대학,사립,경기,-,0,0,0,5,0,5,5,0,0,0,0,0,0,0,0,0,0,0,0,0,5,348,7.199999809265137,0,0,348,0.0,0,0,5,0.0
2014,303,위덕대학교,대학,사립,경북,C그룹,3,1,0,1,3,2,5,0,1,2,3,0,0,0,0,55,8,3,1,0,1,3589,1.2000000476837158,3,0,3589,0.800000011920929,55,4,1,11.0
2014,304,유원대학교,대학,사립,충북,C그룹,1,1,0,1,1,2,3,1,0,0,1,0,0,0,0,28,3,1,1,0,1,3799,0.6000000238418579,1,0,3799,0.3000000119209289,28,2,1,9.300000190734863
2014,305,유한대학교,전문대학,사립,경기,A그룹,2,1,0,0,2,1,3,0,2,0,2,0,0,0,0,157,13,2,1,0,0,5263,0.5,2,0,5263,0.4000000059604645,157,3,0,52.29999923706055
2014,306,육군사관학교,기타,기타,서울,-,8,0,1,0,9,0,9,6,2,0,8,0,0,1,1,578,31,8,0,1,0,1001,8.800000190734863,8,1,1001,9.0,578,8,1,64.19999694824219
2014,307,을지대학교,대학,사립,대전,B그룹,1,1,4,3,5,4,9,0,1,0,1,0,4,0,4,10,5,1,1,4,3,5472,1.2000000476837158,1,4,5472,0.8999999761581421,10,2,7,1.100000023841858
2014,308,이화여자대학교,대학,사립,서울,A그룹,29,3,36,5,65,8,73,12,16,1,29,0,7,29,36,1757,238,29,3,36,5,22268,2.799999952316284,29,36,22268,2.900000095367432,1757,32,41,24.100000381469727
2014,309,인덕대학교,전문대학,사립,서울,A그룹,3,0,0,0,3,0,3,0,2,1,3,0,0,0,0,154,9,3,0,0,0,6372,0.5,3,0,6372,0.5,154,3,0,51.29999923706055
2014,310,인제대학교,대학,사립,경남,B그룹,7,4,4,1,11,5,16,1,5,1,7,0,4,0,4,272,33,7,4,4,1,11808,1.2000000476837158,7,4,11808,0.8999999761581421,272,11,5,17.0
2014,311,인제대학원대학교,대학원대학,사립,서울,-,0,1,0,0,0,1,1,0,0,0,0,0,0,0,0,0,0,0,1,0,0,81,9.899999618530272,0,0,81,0.0,0,1,0,0.0
2014,312,인천가톨릭대학교,대학,사립,인천,C그룹,4,0,0,0,4,0,4,0,4,0,4,0,0,0,0,169,9,4,0,0,0,888,4.5,4,0,888,4.5,169,4,0,42.29999923706055
2014,313,인천대학교,대학,국립,인천,A그룹,10,1,0,0,10,1,11,3,2,5,10,0,0,0,0,605,119,10,1,0,0,14743,0.699999988079071,10,0,14743,0.699999988079071,605,11,0,55.0
2014,314,인천전문대학,전문대학,공립,인천,A그룹,0,0,0,0,0,0,0,0,0,0,0,0,0,0,0,0,0,0,0,0,0,0,0.0,0,0,0,0.0,0,0,0,0.0
2014,315,인하공업전문대학,전문대학,사립,인천,A그룹,1,1,1,0,2,1,3,0,1,0,1,0,1,0,1,20,1,1,1,1,0,6996,0.4000000059604645,1,1,6996,0.3000000119209289,20,2,1,6.699999809265137
2014,316,인하대학교,대학,사립,인천,A그룹,18,3,13,2,31,5,36,7,10,1,18,0,12,1,13,1104,309,18,3,13,2,21628,1.5,18,13,21628,1.399999976158142,1104,21,15,30.700000762939453
2014,317,장로회신학대학교,대학,사립,서울,C그룹,4,1,3,1,7,2,9,1,2,1,4,0,2,1,3,97,14,4,1,3,1,2264,3.400000095367432,4,3,2264,3.0999999046325684,97,5,4,10.800000190734863
2014,318,장안대학교,전문대학,사립,경기,B그룹,3,0,0,2,3,2,5,0,1,2,3,0,0,0,0,76,6,3,0,0,2,6712,0.6000000238418579,3,0,6712,0.4000000059604645,76,3,2,15.199999809265137
2014,319,재능대학교,전문대학,사립,인천,B그룹,1,0,0,0,1,0,1,0,0,1,1,0,0,0,0,165,14,1,0,0,0,3656,0.3000000119209289,1,0,3656,0.3000000119209289,165,1,0,165.0
2014,320,전남과학대학교,전문대학,사립,전남,B그룹,2,0,0,0,2,0,2,1,1,0,2,0,0,0,0,60,2,2,0,0,0,3888,0.5,2,0,3888,0.5,60,2,0,30.0
2014,321,전남대학교,대학,국립,광주,A그룹,36,5,6,1,42,6,48,6,30,0,36,0,6,0,6,3286,580,36,5,6,1,26208,1.7000000476837158,36,6,26208,1.600000023841858,3286,41,7,68.5
2014,322,전남도립대학교,전문대학,공립,전남,C그룹,1,2,0,0,1,2,3,1,0,0,1,0,0,0,0,205,21,1,2,0,0,1538,1.7000000476837158,1,0,1538,0.699999988079071,205,3,0,68.30000305175781
2014,323,전북과학대학교,전문대학,사립,전북,C그룹,1,0,0,0,1,0,1,1,0,0,1,0,0,0,0,39,2,1,0,0,0,1605,0.6000000238418579,1,0,1605,0.6000000238418579,39,1,0,39.0
2014,324,전북대학교,대학,국립,전북,A그룹,30,8,5,0,35,8,43,12,15,3,30,0,5,0,5,3818,476,30,8,5,0,23596,1.7000000476837158,30,5,23596,1.5,3818,38,5,88.80000305175781
2014,325,전주교육대학교,대학,국립,전북,C그룹,3,2,0,0,3,2,5,2,1,0,3,0,0,0,0,467,10,3,2,0,0,1570,2.900000095367432,3,0,1570,1.899999976158142,467,5,0,93.4000015258789
2014,326,전주기전대학,전문대학,사립,전북,C그룹,1,0,0,0,1,0,1,0,1,0,1,0,0,0,0,15,2,1,0,0,0,1787,0.6000000238418579,1,0,1787,0.6000000238418579,15,1,0,15.0
2014,327,전주대학교,대학,사립,전북,A그룹,6,1,11,3,17,4,21,4,2,0,6,0,11,0,11,3278,62,6,1,11,3,13219,1.2999999523162842,6,11,13219,1.2999999523162842,3278,7,14,156.10000610351562
2014,328,전주비전대학교,전문대학,사립,전북,B그룹,1,0,1,0,2,0,2,0,1,0,1,0,1,0,1,57,4,1,0,1,0,3346,0.5,1,1,3346,0.6000000238418579,57,1,1,28.5
2014,329,제네바신학대학원대학교,대학원대학,사립,경기,-,0,0,0,0,0,0,0,0,0,0,0,0,0,0,0,0,0,0,0,0,0,0,0.0,0,0,0,0.0,0,0,0,0.0
2014,330,제주관광대학교,전문대학,사립,제주,C그룹,1,0,0,1,1,1,2,0,1,0,1,0,0,0,0,30,2,1,0,0,1,2300,0.699999988079071,1,0,2300,0.4000000059604645,30,1,1,15.0
2014,331,제주국제대학교,대학,사립,제주,C그룹,1,1,0,0,1,1,2,0,0,1,1,0,0,0,0,0,0,1,1,0,0,1017,1.7999999523162842,1,0,1017,1.0,0,2,0,0.0
2014,332,제주대학교,대학,국립,제주,A그룹,19,4,2,0,21,4,25,8,7,4,19,0,0,2,2,3079,419,19,4,2,0,12417,1.899999976158142,19,2,12417,1.7000000476837158,3079,23,2,123.1999969482422
2014,333,제주한라대학교,전문대학,사립,제주,A그룹,1,0,0,2,1,2,3,0,1,0,1,0,0,0,0,92,13,1,0,0,2,5386,0.4000000059604645,1,0,5386,0.2000000029802322,92,1,2,30.700000762939453
2014,334,조선간호대학교,전문대학,사립,광주,C그룹,1,0,0,0,1,0,1,0,1,0,1,0,0,0,0,7,1,1,0,0,0,833,1.2000000476837158,1,0,833,1.2000000476837158,7,1,0,7.0
2014,335,조선대학교,대학,사립,광주,A그룹,20,5,3,2,23,7,30,4,16,0,20,0,3,0,3,708,77,20,5,3,2,23880,1.100000023841858,20,3,23880,1.0,708,25,5,23.600000381469727
2014,336,조선이공대학교,전문대학,사립,광주,B그룹,1,0,1,0,2,0,2,0,1,0,1,0,1,0,1,29,2,1,0,1,0,3614,0.5,1,1,3614,0.6000000238418579,29,1,1,14.5
2014,337,주안대학원대학교,대학원대학,사립,인천,-,0,1,0,0,0,1,1,0,0,0,0,0,0,0,0,0,0,0,1,0,0,37,21.600000381469727,0,0,37,0.0,0,1,0,0.0
2014,338,중부대학교,대학,사립,충남,B그룹,3,4,6,2,9,6,15,0,3,0,3,0,6,0,6,309,92,3,4,6,2,10364,1.2000000476837158,3,6,10364,0.8999999761581421,309,7,8,20.600000381469727
2014,339,중앙대학교,대학,사립,서울,A그룹,23,5,3,1,26,6,32,8,15,0,23,0,3,0,3,1419,255,23,5,3,1,28933,1.0,23,3,28933,0.8999999761581421,1419,28,4,44.29999923706055
2014,340,중앙승가대학교,대학,사립,경기,C그룹,2,1,0,0,2,1,3,0,0,2,2,0,0,0,0,64,31,2,1,0,0,302,9.300000190734863,2,0,302,6.599999904632568,64,3,0,21.299999237060547
2014,341,중원대학교,대학,사립,충북,C그룹,2,1,0,0,2,1,3,1,1,0,2,0,0,0,0,18,3,2,1,0,0,2923,1.0,2,0,2923,0.699999988079071,18,3,0,6.0
2014,342,진주교육대학교,대학,국립,경남,C그룹,4,0,0,1,4,1,5,0,1,3,4,0,0,0,0,360,8,4,0,0,1,1836,2.5,4,0,1836,2.200000047683716,360,4,1,72.0
2014,343,진주보건대학교,전문대학,사립,경남,B그룹,2,0,1,1,3,1,4,1,1,0,2,0,1,0,1,100,6,2,0,1,1,2816,1.2000000476837158,2,1,2816,1.100000023841858,100,2,2,25.0
2014,344,차의과학대학교,대학,사립,경기,C그룹,2,0,1,0,3,0,3,0,2,0,2,0,1,0,1,115,18,2,0,1,0,2126,1.2999999523162842,2,1,2126,1.399999976158142,115,2,1,38.29999923706055
2014,345,창신대학교,대학,사립,경남,C그룹,1,1,1,0,2,1,3,1,0,0,1,0,1,0,1,53,4,1,1,1,0,1144,2.299999952316284,1,1,1144,1.7000000476837158,53,2,1,17.700000762939453
2014,346,창원문성대학교,전문대학,사립,경남,C그룹,0,1,2,0,2,1,3,0,0,0,0,0,1,1,2,307,4,0,1,2,0,4491,0.5,0,2,4491,0.4000000059604645,307,1,2,102.3000030517578
2014,347,청강문화산업대학교,전문대학,사립,경기,B그룹,1,0,2,0,3,0,3,0,0,1,1,0,1,1,2,10,1,1,0,2,0,3599,0.699999988079071,1,2,3599,0.800000011920929,10,1,2,3.299999952316284
2014,348,청암대학교,전문대학,사립,전남,B그룹,1,1,0,0,1,1,2,0,1,0,1,0,0,0,0,10,1,1,1,0,0,3026,0.6000000238418579,1,0,3026,0.3000000119209289,10,2,0,5.0
2014,349,청운대학교,대학,사립,충남,B그룹,4,1,2,4,6,5,11,0,4,0,4,0,1,1,2,69,8,4,1,2,4,6713,1.2999999523162842,4,2,6713,0.8999999761581421,69,5,6,6.300000190734863
2014,350,청주교육대학교,대학,국립,충북,C그룹,4,1,0,0,4,1,5,0,4,0,4,0,0,0,0,180,23,4,1,0,0,1718,2.799999952316284,4,0,1718,2.299999952316284,180,5,0,36.0
2014,351,청주대학교,대학,사립,충북,A그룹,11,0,7,1,18,1,19,2,8,1,11,0,7,0,7,428,86,11,0,7,1,13314,1.2999999523162842,11,7,13314,1.399999976158142,428,11,8,22.5
2014,352,초당대학교,대학,사립,전남,C그룹,2,3,0,0,2,3,5,1,1,0,2,0,0,0,0,72,6,2,3,0,0,3888,1.100000023841858,2,0,3888,0.5,72,5,0,14.399999618530272
2014,353,총신대학교,대학,사립,서울,C그룹,3,4,1,1,4,5,9,2,1,0,3,0,1,0,1,278,73,3,4,1,1,3868,1.899999976158142,3,1,3868,1.0,278,7,2,30.899999618530277
2014,354,추계예술대학교,대학,사립,서울,C그룹,3,1,0,0,3,1,4,0,3,0,3,0,0,0,0,152,16,3,1,0,0,1362,2.799999952316284,3,0,1362,2.200000047683716,152,4,0,38.0
2014,355,춘천교육대학교,대학,국립,강원,C그룹,4,0,0,0,4,0,4,0,3,1,4,0,0,0,0,369,74,4,0,0,0,2002,2.0,4,0,2002,2.0,369,4,0,92.3000030517578
2014,356,춘해보건대학교,전문대학,사립,울산,B그룹,1,1,0,0,1,1,2,0,1,0,1,0,0,0,0,67,8,1,1,0,0,2709,0.699999988079071,1,0,2709,0.4000000059604645,67,2,0,33.5
2014,357,충남대학교,대학,국립,대전,A그룹,31,1,1,4,32,5,37,16,15,0,31,0,1,0,1,5619,708,31,1,1,4,24120,1.399999976158142,31,1,24120,1.2999999523162842,5619,32,5,151.89999389648438
2014,358,충남도립대학교,전문대학,공립,충남,C그룹,1,0,0,1,1,1,2,1,0,0,1,0,0,0,0,122,1,1,0,0,1,1155,1.2999999523162842,1,0,1155,0.8999999761581421,122,1,1,61.0
2014,359,충북대학교,대학,국립,충북,A그룹,23,5,0,2,23,7,30,3,15,5,23,0,0,0,0,2262,46,23,5,0,2,18334,1.5,23,0,18334,1.2999999523162842,2262,28,2,75.4000015258789
2014,360,충북도립대학교,전문대학,공립,충북,C그룹,1,0,0,0,1,0,1,0,1,0,1,0,0,0,0,100,2,1,0,0,0,1001,1.0,1,0,1001,1.0,100,1,0,100.0
2014,361,충북보건과학대학교,전문대학,사립,충북,B그룹,2,0,0,0,2,0,2,1,1,0,2,0,0,0,0,76,4,2,0,0,0,2822,0.699999988079071,2,0,2822,0.699999988079071,76,2,0,38.0
2014,362,충청대학교,전문대학,사립,충북,B그룹,3,0,0,0,3,0,3,0,3,0,3,0,0,0,0,91,12,3,0,0,0,5390,0.6000000238418579,3,0,5390,0.6000000238418579,91,3,0,30.299999237060547
2014,363,치유상담대학원대학교,대학원대학,사립,서울,-,0,0,0,0,0,0,0,0,0,0,0,0,0,0,0,0,0,0,0,0,0,0,0.0,0,0,0,0.0,0,0,0,0.0
2014,364,칼빈대학교,대학,사립,경기,C그룹,2,1,0,0,2,1,3,0,2,0,2,0,0,0,0,183,12,2,1,0,0,699,4.0,2,0,699,2.900000095367432,183,3,0,61.0
2014,365,탐라대학교,대학,사립,제주,C그룹,0,0,0,0,0,0,0,0,0,0,0,0,0,0,0,0,0,0,0,0,0,0,0.0,0,0,0,0.0,0,0,0,0.0
2014,366,평택대학교,대학,사립,경기,C그룹,5,0,0,3,5,3,8,1,4,0,5,0,0,0,0,298,159,5,0,0,3,4660,1.399999976158142,5,0,4660,1.100000023841858,298,5,3,37.29999923706055
2014,367,포항공과대학교,대학,사립,경북,C그룹,6,0,1,3,7,3,10,1,2,3,6,0,1,0,1,951,89,6,0,1,3,3123,2.700000047683716,6,1,3123,2.200000047683716,951,6,4,95.0999984741211
2014,368,포항대학교,전문대학,사립,경북,C그룹,0,0,0,0,0,0,0,0,0,0,0,0,0,0,0,20,1,0,0,0,0,2624,0.0,0,0,2624,0.0,20,0,0,0.0
2014,369,한경국립대학교,대학,국립,경기,B그룹,7,1,2,0,9,1,10,2,5,0,7,0,2,0,2,732,88,7,1,2,0,6978,1.2999999523162842,7,2,6978,1.2999999523162842,732,8,2,73.19999694824219
2014,370,한국개발연구원국제정책대학원대학교,대학원대학,사립,세종,-,1,0,3,1,4,1,5,0,1,0,1,0,3,0,3,28,3,1,0,3,1,618,6.300000190734863,1,3,618,6.5,28,1,4,5.599999904632568
2014,371,한국골프과학기술대학교,전문대학,사립,강원,C그룹,0,0,1,0,1,0,1,0,0,0,0,0,0,1,1,0,0,0,0,1,0,340,2.400000095367432,0,1,340,2.900000095367432,0,0,1,0.0
2014,372,한국공학대학교,대학,사립,경기,B그룹,2,0,0,3,2,3,5,0,2,0,2,0,0,0,0,43,2,2,0,0,3,7599,0.5,2,0,7599,0.3000000119209289,43,2,3,8.600000381469727
2014,373,한국과학기술원,대학,국립,대전,A그룹,16,1,8,8,24,9,33,8,8,0,16,0,7,1,8,3061,1349,16,1,8,8,10416,2.5999999046325684,16,8,10416,2.299999952316284,3061,17,16,92.8000030517578
2014,374,한국관광대학교,전문대학,사립,경기,C그룹,1,2,0,0,1,2,3,0,1,0,1,0,0,0,0,98,9,1,2,0,0,2175,1.2000000476837158,1,0,2175,0.5,98,3,0,32.70000076293945
2014,375,한국교원대학교,대학,국립,충북,B그룹,11,3,1,1,12,4,16,4,7,0,11,0,1,0,1,1574,140,11,3,1,1,5679,2.5999999046325684,11,1,5679,2.0999999046325684,1574,14,2,98.4000015258789
2014,376,한국국제대학교,대학,사립,경남,C그룹,1,4,0,0,1,4,5,0,1,0,1,0,0,0,0,15,1,1,4,0,0,4075,1.0,1,0,4075,0.2000000029802322,15,5,0,3.0
2014,377,한국기술교육대학교,대학,사립,충남,C그룹,4,3,1,0,5,3,8,0,4,0,4,0,1,0,1,306,12,4,3,1,0,5063,1.399999976158142,4,1,5063,1.0,306,7,1,38.29999923706055
2014,378,한국농수산대학교,전문대학,국립,전북,C그룹,1,0,2,0,3,0,3,0,1,0,1,0,1,1,2,0,0,1,0,2,0,1095,2.400000095367432,1,2,1095,2.700000047683716,0,1,2,0.0
2014,379,한국방송통신대학교,대학,국립,서울,A그룹,30,35,0,0,30,35,65,5,24,1,30,0,0,0,0,1497,193,30,35,0,0,145221,0.4000000059604645,30,0,145221,0.2000000029802322,1497,65,0,23.0
2014,380,한국복지사이버대학교,전문대학,사립,경북,B그룹,0,0,0,0,0,0,0,0,0,0,0,0,0,0,0,0,0,0,0,0,0,0,0.0,0,0,0,0.0,0,0,0,0.0
2014,381,한국상담대학원대학교,대학원대학,사립,서울,-,1,0,0,0,1,0,1,0,1,0,1,0,0,0,0,0,0,1,0,0,0,115,8.699999809265137,1,0,115,8.699999809265137,0,1,0,0.0
2014,382,한국성서대학교,대학,사립,서울,C그룹,2,1,0,0,2,1,3,1,1,0,2,0,0,0,0,132,21,2,1,0,0,1380,2.0,2,0,1380,1.399999976158142,132,3,0,44.0
2014,383,한국승강기대학교,전문대학,사립,경남,C그룹,1,0,0,1,1,1,2,0,1,0,1,0,0,0,0,40,2,1,0,0,1,481,3.0999999046325684,1,0,481,2.0999999046325684,40,1,1,20.0
2014,384,한국에너지공과대학교,대학,국립,전남,C그룹,0,0,0,0,0,0,0,0,0,0,0,0,0,0,0,0,0,0,0,0,0,0,0.0,0,0,0,0.0,0,0,0,0.0
2014,385,한국열린사이버대학교,대학,사립,서울,B그룹,0,2,0,0,0,2,2,0,0,0,0,0,0,0,0,0,0,0,2,0,0,2179,0.699999988079071,0,0,2179,0.0,0,2,0,0.0
2014,386,한국영상대학교,전문대학,사립,세종,B그룹,2,0,0,1,2,1,3,0,2,0,2,0,0,0,0,15,3,2,0,0,1,3759,0.699999988079071,2,0,3759,0.5,15,2,1,5.0
2014,387,한국예술종합학교,대학,국립,서울,C그룹,8,0,7,1,15,1,16,0,6,2,8,0,7,0,7,484,17,8,0,7,1,2824,5.0,8,7,2824,5.300000190734863,484,8,8,30.299999237060547
2014,388,한국외국어대학교,대학,사립,서울,A그룹,25,0,0,2,25,2,27,3,19,3,25,0,0,0,0,872,88,25,0,0,2,19312,1.2999999523162842,25,0,19312,1.2999999523162842,872,25,2,32.29999923706055
2014,389,한국전력국제원자력대학원대학교,대학원대학,사립,울산,-,1,0,0,0,1,0,1,0,1,0,1,0,0,0,0,0,0,1,0,0,0,110,9.100000381469728,1,0,110,9.100000381469728,0,1,0,0.0
2014,390,한국전통문화대학교,대학,국립,충남,C그룹,3,0,5,0,8,0,8,1,2,0,3,0,5,0,5,351,7,3,0,5,0,651,10.800000190734863,3,5,651,12.300000190734863,351,3,5,43.900001525878906
2014,391,한국정보통신대학교,대학,사립,대전,C그룹,0,0,0,0,0,0,0,0,0,0,0,0,0,0,0,0,0,0,0,0,0,0,0.0,0,0,0,0.0,0,0,0,0.0
2014,392,한국철도대학,전문대학,국립,경기,C그룹,0,0,0,0,0,0,0,0,0,0,0,0,0,0,0,0,0,0,0,0,0,0,0.0,0,0,0,0.0,0,0,0,0.0
2014,393,한국체육대학교,대학,국립,서울,C그룹,4,0,0,0,4,0,4,2,2,0,4,0,0,0,0,370,59,4,0,0,0,3099,1.2999999523162842,4,0,3099,1.2999999523162842,370,4,0,92.5
2014,394,한국침례신학대학교,대학,사립,대전,C그룹,2,2,0,6,2,8,10,0,2,0,2,0,0,0,0,204,58,2,2,0,6,2450,2.700000047683716,2,0,2450,0.800000011920929,204,4,6,20.399999618530277
2014,395,한국폴리텍Ⅰ대학서울강서캠퍼스,전문대학,사립,서울,C그룹,0,0,0,0,0,0,0,0,0,0,0,0,0,0,0,0,0,0,0,0,0,620,0.0,0,0,620,0.0,0,0,0,0.0
2014,396,한국폴리텍Ⅰ대학서울정수캠퍼스,전문대학,사립,서울,C그룹,0,0,0,1,0,1,1,0,0,0,0,0,0,0,0,0,0,0,0,0,1,1524,0.3000000119209289,0,0,1524,0.0,0,0,1,0.0
2014,397,한국폴리텍Ⅰ대학성남캠퍼스,전문대학,사립,경기,C그룹,0,0,0,1,0,1,1,0,0,0,0,0,0,0,0,0,0,0,0,0,1,979,0.5,0,0,979,0.0,0,0,1,0.0
2014,398,한국폴리텍Ⅰ대학제주캠퍼스,전문대학,사립,제주,C그룹,0,0,0,0,0,0,0,0,0,0,0,0,0,0,0,0,0,0,0,0,0,0,0.0,0,0,0,0.0,0,0,0,0.0
2014,399,한국폴리텍Ⅱ대학남인천캠퍼스,전문대학,사립,인천,C그룹,0,0,0,0,0,0,0,0,0,0,0,0,0,0,0,0,0,0,0,0,0,0,0.0,0,0,0,0.0,0,0,0,0.0
2014,400,한국폴리텍Ⅱ대학인천캠퍼스,전문대학,사립,인천,C그룹,0,0,0,2,0,2,2,0,0,0,0,0,0,0,0,7,1,0,0,0,2,2332,0.4000000059604645,0,0,2332,0.0,7,0,2,3.5
2014,401,한국폴리텍Ⅱ대학화성캠퍼스,전문대학,사립,경기,C그룹,0,0,0,0,0,0,0,0,0,0,0,0,0,0,0,0,0,0,0,0,0,0,0.0,0,0,0,0.0,0,0,0,0.0
2014,402,한국폴리텍Ⅲ대학강릉캠퍼스,전문대학,사립,강원,C그룹,0,1,0,2,0,3,3,0,0,0,0,0,0,0,0,0,0,0,1,0,2,68,26.5,0,0,68,0.0,0,1,2,0.0
2014,403,한국폴리텍Ⅲ대학원주캠퍼스,전문대학,사립,강원,C그룹,0,0,0,0,0,0,0,0,0,0,0,0,0,0,0,0,0,0,0,0,0,0,0.0,0,0,0,0.0,0,0,0,0.0
2014,404,한국폴리텍Ⅲ대학춘천캠퍼스,전문대학,사립,강원,C그룹,0,57,0,5,0,62,62,0,0,0,0,0,0,0,0,0,0,0,57,0,5,401,120.0,0,0,401,0.0,0,57,5,0.0
2014,405,한국폴리텍Ⅳ대학대전캠퍼스,전문대학,사립,대전,C그룹,0,0,0,0,0,0,0,0,0,0,0,0,0,0,0,0,0,0,0,0,0,955,0.0,0,0,955,0.0,0,0,0,0.0
2014,406,한국폴리텍Ⅳ대학아산캠퍼스,전문대학,사립,충남,C그룹,0,0,0,2,0,2,2,0,0,0,0,0,0,0,0,0,0,0,0,0,2,529,1.899999976158142,0,0,529,0.0,0,0,2,0.0
2014,407,한국폴리텍Ⅳ대학청주캠퍼스,전문대학,사립,충북,C그룹,0,1,0,0,0,1,1,0,0,0,0,0,0,0,0,0,0,0,1,0,0,782,1.0,0,0,782,0.0,0,1,0,0.0
2014,408,한국폴리텍Ⅳ대학충남캠퍼스,전문대학,사립,충남,C그룹,0,0,0,0,0,0,0,0,0,0,0,0,0,0,0,0,0,0,0,0,0,247,0.0,0,0,247,0.0,0,0,0,0.0
2014,409,한국폴리텍Ⅴ대학광주캠퍼스,전문대학,사립,광주,C그룹,0,0,0,0,0,0,0,0,0,0,0,0,0,0,0,0,0,0,0,0,0,813,0.0,0,0,813,0.0,0,0,0,0.0
2014,410,한국폴리텍Ⅴ대학순천캠퍼스,전문대학,사립,전남,C그룹,0,0,0,0,0,0,0,0,0,0,0,0,0,0,0,0,0,0,0,0,0,0,0.0,0,0,0,0.0,0,0,0,0.0
2014,411,한국폴리텍Ⅴ대학익산캠퍼스,전문대학,사립,전북,C그룹,0,0,0,0,0,0,0,0,0,0,0,0,0,0,0,0,0,0,0,0,0,61,0.0,0,0,61,0.0,0,0,0,0.0
2014,412,한국폴리텍Ⅴ대학전남캠퍼스,전문대학,사립,전남,C그룹,0,0,0,0,0,0,0,0,0,0,0,0,0,0,0,0,0,0,0,0,0,300,0.0,0,0,300,0.0,0,0,0,0.0
2014,413,한국폴리텍Ⅴ대학전북캠퍼스,전문대학,사립,전북,C그룹,0,0,0,1,0,1,1,0,0,0,0,0,0,0,0,0,0,0,0,0,1,602,0.800000011920929,0,0,602,0.0,0,0,1,0.0
2014,414,한국폴리텍Ⅵ대학구미캠퍼스,전문대학,사립,경북,C그룹,1,0,0,0,1,0,1,0,0,1,1,0,0,0,0,0,0,1,0,0,0,627,1.600000023841858,1,0,627,1.600000023841858,0,1,0,0.0
2014,415,한국폴리텍Ⅵ대학대구캠퍼스,전문대학,사립,대구,C그룹,0,1,0,0,0,1,1,0,0,0,0,0,0,0,0,0,0,0,1,0,0,1097,0.699999988079071,0,0,1097,0.0,0,1,0,0.0
2014,416,한국폴리텍Ⅵ대학영남융합기술캠퍼스,전문대학,사립,대구,C그룹,0,1,0,0,0,1,1,0,0,0,0,0,0,0,0,0,0,0,1,0,0,413,1.899999976158142,0,0,413,0.0,0,1,0,0.0
2014,417,한국폴리텍Ⅵ대학영주캠퍼스,전문대학,사립,경북,C그룹,0,1,0,0,0,1,1,0,0,0,0,0,0,0,0,0,0,0,1,0,0,33,24.200000762939453,0,0,33,0.0,0,1,0,0.0
2014,418,한국폴리텍Ⅶ대학동부산캠퍼스,전문대학,사립,부산,C그룹,0,0,0,0,0,0,0,0,0,0,0,0,0,0,0,0,0,0,0,0,0,0,0.0,0,0,0,0.0,0,0,0,0.0
2014,419,한국폴리텍Ⅶ대학부산캠퍼스,전문대학,사립,부산,C그룹,0,0,0,1,0,1,1,0,0,0,0,0,0,0,0,0,0,0,0,0,1,1017,0.5,0,0,1017,0.0,0,0,1,0.0
2014,420,한국폴리텍Ⅶ대학울산캠퍼스,전문대학,사립,울산,C그룹,0,1,0,0,0,1,1,0,0,0,0,0,0,0,0,0,0,0,1,0,0,925,0.8999999761581421,0,0,925,0.0,0,1,0,0.0
2014,421,한국폴리텍Ⅶ대학진주캠퍼스,전문대학,사립,경남,C그룹,0,0,0,0,0,0,0,0,0,0,0,0,0,0,0,0,0,0,0,0,0,0,0.0,0,0,0,0.0,0,0,0,0.0
2014,422,한국폴리텍Ⅶ대학창원캠퍼스,전문대학,사립,경남,C그룹,0,0,0,0,0,0,0,0,0,0,0,0,0,0,0,0,0,0,0,0,0,1572,0.0,0,0,1572,0.0,0,0,0,0.0
2014,423,한국폴리텍특성화 로봇캠퍼스,전문대학,사립,경북,C그룹,0,0,0,0,0,0,0,0,0,0,0,0,0,0,0,0,0,0,0,0,0,0,0.0,0,0,0,0.0,0,0,0,0.0
2014,424,한국폴리텍특성화 바이오캠퍼스,전문대학,사립,충남,C그룹,0,0,0,0,0,0,0,0,0,0,0,0,0,0,0,0,0,0,0,0,0,354,0.0,0,0,354,0.0,0,0,0,0.0
2014,425,한국폴리텍특성화 반도체융합캠퍼스,전문대학,사립,경기,C그룹,0,1,0,4,0,5,5,0,0,0,0,0,0,0,0,28,1,0,1,0,4,662,4.199999809265137,0,0,662,0.0,28,1,4,5.599999904632568
2014,426,한국폴리텍특성화 항공캠퍼스,전문대학,사립,경남,C그룹,0,0,0,0,0,0,0,0,0,0,0,0,0,0,0,8,1,0,0,0,0,510,0.0,0,0,510,0.0,8,0,0,0.0
2014,427,한국학대학원,대학원대학,국립,경기,-,0,0,0,0,0,0,0,0,0,0,0,0,0,0,0,0,0,0,0,0,0,0,0.0,0,0,0,0.0,0,0,0,0.0
2014,428,한국항공대학교,대학,사립,경기,C그룹,6,2,1,1,7,3,10,2,4,0,6,0,1,0,1,225,51,6,2,1,1,5030,1.7999999523162842,6,1,5030,1.399999976158142,225,8,2,22.5
2014,429,한남대학교,대학,사립,대전,A그룹,11,2,6,1,17,3,20,7,4,0,11,0,6,0,6,448,59,11,2,6,1,14190,1.2999999523162842,11,6,14190,1.2000000476837158,448,13,7,22.399999618530277
2014,430,한동대학교,대학,사립,경북,C그룹,5,1,0,0,5,1,6,0,4,1,5,0,0,0,0,151,14,5,1,0,0,4343,1.2999999523162842,5,0,4343,1.2000000476837158,151,6,0,25.200000762939453
2014,431,한라대학교,대학,사립,강원,C그룹,1,3,0,2,1,5,6,1,0,0,1,0,0,0,0,126,14,1,3,0,2,4195,1.0,1,0,4195,0.2000000029802322,126,4,2,21.0
2014,432,한려대학교,대학,사립,전남,C그룹,1,0,0,0,1,0,1,0,1,0,1,0,0,0,0,0,0,1,0,0,0,658,1.5,1,0,658,1.5,0,1,0,0.0
2014,433,한림국제대학원대학교,대학원대학,사립,서울,-,0,0,1,0,1,0,1,0,0,0,0,0,1,0,1,4,1,0,0,1,0,248,3.200000047683716,0,1,248,4.0,4,0,1,4.0
2014,434,한림대학교,대학,사립,강원,B그룹,9,3,0,3,9,6,15,1,6,2,9,0,0,0,0,503,117,9,3,0,3,9659,1.2999999523162842,9,0,9659,0.8999999761581421,503,12,3,33.5
2014,435,한림성심대학교,전문대학,사립,강원,B그룹,2,1,0,0,2,1,3,0,2,0,2,0,0,0,0,158,16,2,1,0,0,3355,0.800000011920929,2,0,3355,0.6000000238418579,158,3,0,52.70000076293945
2014,436,한민학교,대학,사립,충남,C그룹,0,0,0,0,0,0,0,0,0,0,0,0,0,0,0,0,0,0,0,0,0,0,0.0,0,0,0,0.0,0,0,0,0.0
2014,437,한반도국제대학원대학교,대학원대학,사립,서울,-,0,1,0,0,0,1,1,0,0,0,0,0,0,0,0,12,2,0,1,0,0,48,16.700000762939453,0,0,48,0.0,12,1,0,12.0
2014,438,한북대학교,대학,사립,경기,C그룹,0,0,0,0,0,0,0,0,0,0,0,0,0,0,0,0,0,0,0,0,0,0,0.0,0,0,0,0.0,0,0,0,0.0
2014,439,한서대학교,대학,사립,충남,B그룹,3,2,0,7,3,9,12,0,2,1,3,0,0,0,0,88,13,3,2,0,7,8710,0.8999999761581421,3,0,8710,0.3000000119209289,88,5,7,7.300000190734863
2014,440,한성대학교,대학,사립,서울,B그룹,5,4,8,1,13,5,18,1,4,0,5,0,8,0,8,279,25,5,4,8,1,8041,1.899999976158142,5,8,8041,1.600000023841858,279,9,9,15.5
2014,441,한세대학교,대학,사립,경기,C그룹,2,2,0,3,2,5,7,0,1,1,2,0,0,0,0,216,10,2,2,0,3,3690,1.399999976158142,2,0,3690,0.5,216,4,3,30.899999618530277
2014,442,한신대학교,대학,사립,경기,B그룹,4,2,3,0,7,2,9,0,4,0,4,0,2,1,3,343,55,4,2,3,0,6075,1.2999999523162842,4,3,6075,1.2000000476837158,343,6,3,38.09999847412109
2014,443,한양대학교,대학,사립,서울,A그룹,26,0,2,0,28,0,28,12,12,2,26,0,2,0,2,821,166,26,0,2,0,22412,1.2000000476837158,26,2,22412,1.2000000476837158,821,26,2,29.299999237060547
2014,444,한양대학교(ERICA),대학,사립,경기,A그룹,13,0,2,1,15,1,16,5,8,0,13,0,2,0,2,336,20,13,0,2,1,10686,1.399999976158142,13,2,10686,1.399999976158142,336,13,3,21.0
2014,445,한양여자대학교,전문대학,사립,서울,A그룹,2,0,4,0,6,0,6,1,1,0,2,0,2,2,4,81,19,2,0,4,0,6779,0.800000011920929,2,4,6779,0.8999999761581421,81,2,4,13.5
2014,446,한영대학교,전문대학,사립,전남,C그룹,0,0,0,1,0,1,1,0,0,0,0,0,0,0,0,0,0,0,0,0,1,1305,0.4000000059604645,0,0,1305,0.0,0,0,1,0.0
2014,447,한일장신대학교,대학,사립,전북,C그룹,2,1,0,0,2,1,3,1,1,0,2,0,0,0,0,68,7,2,1,0,0,1200,2.299999952316284,2,0,1200,1.7000000476837158,68,3,0,22.700000762939453
2014,448,한중대학교,대학,사립,강원,C그룹,1,0,0,0,1,0,1,0,1,0,1,0,0,0,0,0,0,1,0,0,0,1643,0.6000000238418579,1,0,1643,0.6000000238418579,0,1,0,0.0
2014,449,합동신학대학원대학교,대학원대학,사립,경기,-,3,0,0,0,3,0,3,0,2,1,3,0,0,0,0,112,6,3,0,0,0,330,9.100000381469728,3,0,330,9.100000381469728,112,3,0,37.29999923706055
2014,450,해군사관학교,기타,기타,경남,-,6,0,0,0,6,0,6,1,3,2,6,0,0,0,0,32,1,6,0,0,0,550,10.899999618530272,6,0,550,10.899999618530272,32,6,0,5.300000190734863
2014,451,협성대학교,대학,사립,경기,C그룹,3,1,0,1,3,2,5,1,1,1,3,0,0,0,0,104,7,3,1,0,1,5223,0.800000011920929,3,0,5223,0.6000000238418579,104,4,1,20.799999237060547
2014,452,혜전대학교,전문대학,사립,충남,B그룹,1,1,0,2,1,3,4,1,0,0,1,0,0,0,0,84,3,1,1,0,2,3191,0.8999999761581421,1,0,3191,0.3000000119209289,84,2,2,21.0
2014,453,호남대학교,대학,사립,광주,B그룹,2,5,1,3,3,8,11,0,2,0,2,1,0,0,1,808,128,2,5,1,3,8111,1.0,2,1,8111,0.4000000059604645,808,7,4,73.5
2014,454,호남신학대학교,대학,사립,광주,C그룹,1,1,0,0,1,1,2,0,1,0,1,0,0,0,0,93,11,1,1,0,0,1076,1.7000000476837158,1,0,1076,0.8999999761581421,93,2,0,46.5
2014,455,호산대학교,전문대학,사립,경북,C그룹,1,0,0,1,1,1,2,0,1,0,1,0,0,0,0,37,1,1,0,0,1,2535,0.6000000238418579,1,0,2535,0.4000000059604645,37,1,1,18.5
2014,456,호서대학교,대학,사립,충남,A그룹,3,1,12,3,15,4,19,0,3,0,3,0,12,0,12,170,7,3,1,12,3,14400,1.0,3,12,14400,1.0,170,4,15,8.899999618530273
2014,457,호원대학교,대학,사립,전북,B그룹,3,1,1,2,4,3,7,0,3,0,3,0,1,0,1,123,18,3,1,1,2,5400,1.0,3,1,5400,0.699999988079071,123,4,3,17.600000381469727
2014,458,홍익대학교,대학,사립,서울,A그룹,18,3,10,4,28,7,35,3,12,3,18,0,9,1,10,395,186,18,3,10,4,22413,1.399999976158142,18,10,22413,1.2000000476837158,395,21,14,11.300000190734863
2014,459,화성의과학대학교,대학,사립,경기,C그룹,0,1,0,0,0,1,1,0,0,0,0,0,0,0,0,0,0,0,1,0,0,868,0.8999999761581421,0,0,868,0.0,0,1,0,0.0
2014,460,화신사이버대학교,대학,사립,부산,C그룹,0,0,0,0,0,0,0,0,0,0,0,0,0,0,0,0,0,0,0,0,0,1032,0.0,0,0,1032,0.0,0,0,0,0.0
2014,461,횃불트리니티신학대학원대학교,대학원대학,사립,서울,-,2,0,0,0,2,0,2,0,2,0,2,0,0,0,0,38,2,2,0,0,0,449,4.5,2,0,449,4.5,38,2,0,19.0
